70 200
0
0
1
0
0
0
0
0
0
0
0
0
0
0
0
0
0
0
0
0
0
0
0
0
0
0
0
0
0
0
0
0
0
0
1
0
0
0
0
0
0
0
0
1
0
0
0
0
0
1
0
1
0
0
1
0
0
0
0
0
0
1
0
0
0
0
0
0
0
0
1 30 9648
1 48 6065
1 56 6747
30 33 7286
33 4 5834
33 50 5504
33 53 2951
33 64 3410
4 38 7870
4 64 424
38 70 3112
48 4 1757
48 49 1173
48 39 3452
48 54 805
49 63 9207
49 59 6326
49 7 4377
63 51 4537
63 69 4725
63 59 2088
63 44 1229
51 69 4501
51 19 3413
51 23 1146
51 3 3851
51 12 6553
69 27 4425
69 19 4961
69 56 3782
69 7 1977
69 18 4608
69 55 6198
69 46 8723
27 68 8245
68 9 8383
68 58 578
68 31 7547
68 40 1792
9 59 8447
9 17 7971
9 20 1255
59 8 6556
59 64 5495
59 11 4706
8 39 3712
8 20 4701
39 65 7383
39 56 8088
39 20 5590
39 52 8460
65 19 176
65 58 3170
65 57 2960
65 52 3588
19 56 4315
19 10 3163
19 20 140
19 15 8739
19 6 8123
19 26 273
19 46 7067
56 2 9082
56 47 2822
56 21 5789
56 60 7327
56 15 1204
56 54 2719
56 13 1225
56 52 2995
2 30 1165
2 7 9195
2 31 4249
2 16 4072
2 13 1042
2 64 5306
7 42 7783
7 10 5742
7 66 2688
7 50 2223
7 67 1331
7 26 1147
42 61 2398
42 47 4500
42 3 459
42 45 5985
61 25 5167
61 47 3621
61 17 2476
61 37 3905
61 6 8095
61 12 9100
61 44 972
25 47 7176
25 26 1921
47 21 3112
47 15 854
47 12 9476
21 58 5830
21 10 2079
21 18 2470
21 46 3347
58 17 7625
58 52 3070
17 10 3770
17 20 8666
17 43 4727
10 23 7905
23 60 4408
23 13 7414
23 29 127
60 4 2090
60 18 4913
60 24 2524
60 41 6590
60 70 5371
18 14 4860
18 31 1756
14 3 5343
14 50 7335
14 32 2012
3 55 3437
3 66 2786
3 62 9335
3 28 6964
55 66 4706
55 53 2447
55 5 7818
55 12 4181
66 38 4628
66 50 9896
66 29 3002
66 11 4326
66 70 3872
50 34 2423
50 36 4448
34 31 2538
34 67 7149
34 57 2352
34 36 3297
34 70 914
31 4 2478
31 20 5386
31 37 5826
31 41 1353
20 15 1975
20 54 7548
15 53 2564
53 37 82
53 6 9242
53 57 9898
53 29 2094
37 16 2678
37 6 9035
16 43 1428
16 35 9642
43 35 3740
43 5 226
43 45 3811
43 70 4272
35 54 1206
35 22 3706
54 5 3625
54 24 1883
5 62 3929
5 36 6047
5 11 6330
62 6 6466
62 32 3195
6 22 8681
22 45 6114
22 44 460
22 28 7510
45 67 1500
45 13 6286
67 12 5214
12 26 9826
26 44 185
26 41 7777
44 57 9908
57 13 9427
57 64 4026
13 29 2001
13 11 8456
29 40 3060
40 52 9780
40 36 4449
52 24 3151
24 38 6
24 32 8259
24 28 7422
32 41 7563
41 64 8316
64 36 7398
36 46 9445
36 70 2245
46 11 3444
46 70 5775
11 28 5062
28 70 2990
