100 500
0
0
1
0
0
0
0
0
0
0
0
0
0
0
0
1
0
0
1
0
0
0
1
0
0
0
1
0
0
0
0
0
0
0
0
0
0
0
0
0
0
0
0
0
0
0
0
0
0
0
0
1
0
0
0
0
0
0
0
0
0
0
0
0
0
0
0
0
0
0
0
0
0
0
1
0
0
0
0
1
0
0
1
0
0
0
0
0
0
0
0
0
0
0
0
1
0
0
0
0
1 61 1932
1 95 9938
1 25 7967
1 63 3312
1 52 1038
1 74 5419
1 43 5914
1 83 2017
1 60 603
1 22 7619
1 50 2666
1 26 4847
1 100 9184
61 93 9507
61 70 9143
61 85 9590
61 25 3643
61 84 3802
61 52 6457
61 75 7821
61 3 1349
61 68 9757
61 26 9259
61 99 6088
93 70 6464
93 30 3307
93 58 6666
93 69 2637
93 92 5715
93 72 2545
93 44 1729
93 26 7646
93 11 8834
93 100 9695
70 97 7309
70 80 9872
70 63 1465
70 45 9575
70 32 8240
70 7 2067
70 69 7193
70 59 905
70 53 3265
97 87 2728
97 54 6764
97 39 2408
87 9 2317
87 32 6758
87 71 2561
87 66 8774
87 82 4578
87 57 262
9 42 4882
9 55 188
9 31 2701
9 69 1345
9 43 9846
9 12 9366
9 50 333
9 49 5561
42 51 8263
42 38 8413
42 30 9558
42 52 7096
42 24 4459
42 54 6867
42 21 3319
42 100 5923
51 85 6441
51 36 7910
51 31 4341
51 88 3633
51 10 5167
51 59 7605
51 65 2712
51 90 8282
51 53 6364
51 100 5028
85 16 5039
85 79 5277
85 13 3801
85 8 9616
85 44 5538
85 90 8682
85 99 6155
85 11 4590
16 95 6378
16 25 6000
16 7 3956
16 91 3062
16 3 7912
16 40 8570
16 94 1474
16 89 7470
16 11 2017
95 25 2284
95 86 4336
95 47 1688
95 33 8206
95 68 7128
95 41 9597
95 17 8898
25 37 760
25 6 1115
25 76 6503
25 66 9823
25 67 9396
25 68 9218
25 11 4850
37 6 4434
37 30 4494
37 34 5003
37 13 401
37 5 6383
37 67 36
37 44 2907
37 12 973
37 22 2766
37 96 5259
6 80 1280
6 24 2179
6 54 3170
6 48 9849
6 27 3653
6 99 639
80 63 8217
80 86 2288
80 34 1326
80 19 9904
80 14 494
63 36 8453
63 86 5853
63 91 9391
63 21 5564
63 10 6967
63 15 2245
63 72 5386
63 44 2715
63 94 7815
63 89 6588
63 41 7148
63 46 2308
63 60 1590
63 22 7549
63 65 8691
63 20 7977
63 17 455
36 86 9663
36 55 742
36 47 5713
86 55 942
86 21 2921
86 15 8883
86 62 7142
86 5 2925
86 28 5873
86 27 1710
86 53 5212
55 79 7199
55 35 7966
55 72 2057
55 98 2003
55 22 170
55 39 7800
79 29 7567
79 15 7136
79 66 6396
79 48 2952
79 11 9850
29 38 4210
29 23 5891
29 84 3350
29 7 6518
29 34 7480
29 76 898
29 14 1560
29 53 5457
38 45 7704
38 23 7574
38 88 2550
38 54 9769
38 8 8515
38 71 1822
38 57 5003
38 96 2008
38 39 4746
45 23 875
45 84 3717
45 10 6310
45 5 4425
45 60 8034
45 96 8366
23 31 6428
23 76 8203
23 78 2517
23 43 346
23 98 1691
31 84 8913
31 47 9649
31 32 7892
31 54 3122
31 77 5540
31 33 1241
31 71 5991
31 56 3019
84 30 8490
84 13 7550
84 73 4827
84 92 2546
84 62 1475
84 67 3729
84 46 2314
84 65 6341
84 28 5550
84 50 7316
84 100 8348
30 47 6648
30 34 4542
30 62 8417
30 82 2957
30 81 8967
30 100 6450
47 88 7674
47 89 1746
47 46 1005
47 53 191
88 35 2091
88 58 2695
88 76 5455
88 18 1739
88 67 586
88 44 4928
88 65 3630
35 32 1827
35 76 7271
35 40 6649
35 41 6668
35 60 1172
32 7 7827
32 21 9213
32 4 2647
32 60 1555
32 57 1526
32 39 8987
7 64 3457
7 34 8841
7 13 7335
7 19 104
7 20 9735
64 52 2103
64 18 3060
64 15 8701
64 33 4904
64 20 7085
64 39 6798
52 91 5908
52 3 3627
52 77 8888
52 44 8602
52 39 9081
91 24 6978
91 21 5540
91 15 361
91 89 608
91 81 3718
24 34 7631
24 76 3608
24 74 385
24 41 8802
24 4 7786
24 27 9598
24 96 1448
34 13 5693
34 72 7475
34 40 6787
34 41 9149
34 60 2668
34 81 473
34 57 9252
13 58 2402
13 18 2575
13 48 8663
13 2 7454
13 53 3830
58 76 5747
58 33 4251
58 62 6090
58 66 5726
58 4 9490
58 2 4691
76 54 4806
76 14 6467
76 43 6582
76 72 1518
76 67 3426
76 41 299
76 81 9148
76 56 7033
76 39 7036
76 11 4302
54 19 1171
54 75 6633
54 40 2101
54 57 6863
19 75 459
19 67 8887
19 44 6011
19 81 9478
19 56 9359
75 74 1614
75 22 1879
75 50 8285
75 20 6628
75 17 9332
74 69 8467
74 3 8726
74 15 9934
74 44 4556
74 89 4451
74 46 9423
74 98 9246
74 28 5609
69 21 2242
69 17 2180
21 10 7126
21 48 5667
10 73 2478
10 77 2626
10 71 9052
10 4 9513
10 28 6927
10 27 222
10 39 2497
73 92 9027
73 83 7084
73 27 9308
73 20 7914
92 8 9446
92 44 8785
92 17 3624
8 3 7411
8 40 664
8 28 8261
8 39 390
8 17 6347
8 100 6727
3 77 9115
3 33 2633
3 71 1282
3 81 9918
3 27 2055
77 18 6879
77 82 1878
77 41 4296
77 12 9058
18 15 9003
18 28 9963
18 56 7888
18 20 1628
18 11 9014
15 14 7400
15 71 8554
15 72 5587
15 94 6249
15 4 3933
15 2 2670
15 11 5556
14 78 1846
14 43 2115
14 48 4340
14 4 1821
14 98 5877
14 65 1355
14 53 81
78 33 6266
78 27 4054
33 62 3159
33 22 1732
33 53 6686
62 71 4440
62 83 1649
62 4 5092
71 43 1319
71 83 3526
71 81 5740
71 56 6728
43 59 8881
59 5 5702
59 67 4615
59 98 508
59 56 1067
5 72 2015
5 44 5414
5 60 6653
72 66 8263
72 67 9346
66 67 5674
66 41 170
66 28 7543
67 44 4140
67 68 4509
67 41 5715
67 98 16
67 2 2216
67 28 2148
44 68 6281
44 40 6269
44 94 5306
44 46 4364
68 40 9306
68 89 9746
68 22 6013
68 49 4397
40 94 7416
40 56 5890
94 48 136
94 89 4143
94 12 4770
94 27 2189
94 57 8758
48 83 1630
48 12 9607
48 56 7124
48 53 3395
83 82 2611
83 89 1738
83 98 2740
82 89 4636
82 57 1907
82 56 6634
89 41 8775
89 2 2767
41 46 2348
41 98 5142
41 57 1334
41 49 4495
46 4 1422
46 57 7602
4 60 9801
4 65 5786
4 50 3259
60 98 5898
98 12 8150
12 22 4008
22 2 3313
2 65 391
2 27 4143
65 81 3807
65 49 5161
81 28 2684
81 17 8916
28 27 3142
27 50 8642
50 57 2391
50 100 6536
57 49 7605
57 56 4128
57 17 5627
49 56 2240
49 17 2386
56 20 8612
56 17 7367
20 100 1505
26 63 959
26 31 2508
26 7 2838
26 21 1806
26 8 282
26 68 6792
26 98 7958
26 50 2419
26 90 50
26 100 207
90 54 568
90 10 4057
90 77 9871
90 62 7310
90 40 4552
90 99 3677
90 39 8822
90 100 3587
99 41 8945
99 28 1963
99 57 8580
99 96 1335
96 65 4850
96 39 6184
96 11 1815
39 62 476
39 66 4776
39 60 552
39 11 9087
39 100 2142
11 60 2056
11 50 6398
11 53 4649
11 100 1246
53 17 4555
53 100 1282
17 100 8037
