100 150
0
0
1
0
0
0
0
0
1
0
0
0
0
0
0
0
0
0
0
0
0
0
0
0
0
0
0
0
0
0
0
0
0
0
0
1
0
0
0
0
0
0
0
1
0
0
0
0
0
0
0
0
0
0
1
0
0
0
0
0
0
0
0
0
0
0
0
0
0
0
0
0
1
0
1
0
0
0
0
0
0
0
0
0
0
0
0
0
0
0
0
0
0
0
0
0
0
0
0
0
1 38 1618
1 54 2217
1 95 7403
38 35 3025
38 19 825
38 45 8314
35 50 4326
35 10 9623
50 14 7444
50 33 1573
14 25 7085
14 10 9004
25 74 3704
25 28 7393
74 99 4915
99 73 6151
73 72 9641
73 2 9960
72 26 95
72 97 1983
26 64 3327
64 4 737
4 89 1294
89 88 2057
88 20 5454
20 43 111
43 91 5554
91 31 7879
31 100 4264
54 30 9528
30 58 8302
30 48 2233
30 40 1744
58 56 2057
58 8 1610
58 46 8920
56 77 370
77 39 5935
77 75 8542
39 88 4165
39 48 3859
39 21 5626
48 40 3168
40 86 7562
40 23 9370
86 42 4434
86 8 64
86 44 5363
42 18 4394
18 49 159
18 47 3697
18 11 4072
49 47 7247
49 7 1342
49 5 2481
47 78 9053
78 41 7805
41 93 8034
41 24 6931
93 43 8420
93 19 3913
93 51 1584
19 24 652
24 36 2008
36 45 3640
45 37 8613
37 8 7279
8 76 362
8 23 899
76 51 5821
51 46 878
51 84 4757
46 52 7798
46 62 398
52 3 8671
3 75 3520
75 33 1183
33 7 5086
7 73 8882
7 92 5576
92 65 5244
92 59 8930
65 17 6000
65 9 8843
17 26 271
17 34 8480
34 87 7895
34 96 4427
87 5 2865
5 11 4825
5 9 2846
11 44 3130
11 62 6408
11 97 9850
44 57 5137
57 79 6400
57 62 8462
57 55 2416
79 83 3113
79 6 9361
79 16 4588
79 59 342
83 69 469
69 12 2385
12 2 7091
2 66 5491
66 85 2256
85 62 8274
62 71 577
71 97 7489
97 96 3849
97 53 2172
96 53 6418
96 23 6200
96 59 7366
53 90 3041
90 6 1031
6 13 5260
13 55 7467
55 60 3896
60 88 6436
60 32 313
32 23 3377
23 21 9196
21 27 162
27 10 8513
10 81 1947
81 61 4975
81 80 7280
61 94 5059
94 9 687
94 16 1867
9 68 1752
68 29 7508
68 22 604
29 70 8843
70 28 2998
28 63 2859
63 84 7116
63 100 9926
84 16 348
16 98 7316
98 80 2098
80 67 3117
67 15 3516
15 95 9463
95 59 6157
59 82 898
82 22 1075
22 100 3624
