700 5000
0
0
0
0
0
0
0
0
0
0
0
0
0
0
0
0
0
0
0
0
0
0
1
0
0
0
0
0
0
0
0
0
0
0
0
0
0
0
0
0
0
0
0
0
0
0
0
0
0
0
0
0
0
0
0
0
0
0
0
0
0
0
0
0
0
0
0
1
0
0
0
0
0
0
0
0
0
0
0
0
0
0
0
0
0
0
0
0
0
0
0
0
0
0
0
0
0
0
0
0
0
0
0
0
0
0
0
0
0
0
0
0
0
0
0
0
0
0
0
0
0
0
0
0
0
0
0
0
0
0
0
0
0
0
0
0
0
0
0
0
0
0
0
0
0
0
0
0
0
0
0
0
0
0
0
0
0
0
0
0
0
0
0
0
0
0
0
0
0
0
0
0
0
0
0
0
0
0
0
0
0
0
0
0
0
0
0
0
0
0
0
0
0
0
0
0
0
0
0
0
0
0
0
0
0
0
0
0
0
0
0
0
0
0
0
0
0
0
0
0
0
0
0
0
0
0
0
0
0
0
0
0
0
0
0
0
0
0
0
0
0
0
0
0
0
0
0
0
0
0
0
0
0
0
0
0
0
0
0
0
0
0
0
0
0
1
0
0
0
0
0
0
0
0
0
0
0
0
0
0
0
1
0
0
0
0
0
0
0
0
0
0
0
0
0
0
0
0
0
0
0
0
0
0
0
0
0
0
0
0
0
0
0
0
0
0
0
0
1
0
0
0
0
0
0
0
0
0
0
0
0
0
0
1
0
0
0
0
0
0
0
0
0
0
0
0
0
0
0
0
0
0
0
0
0
0
0
0
0
0
0
0
0
0
0
0
0
0
0
0
0
0
0
0
0
0
0
0
0
0
0
0
0
0
0
0
0
0
0
0
0
0
0
0
0
0
0
0
0
0
0
0
0
0
0
0
0
0
0
0
0
0
0
0
0
0
0
0
0
0
0
0
0
0
0
0
0
0
0
0
0
0
0
0
0
0
0
0
0
0
0
0
0
0
0
0
0
0
0
0
0
0
0
0
0
0
0
0
0
0
0
0
0
0
0
0
0
0
0
0
0
0
0
0
0
0
0
0
0
0
0
0
0
0
0
0
0
0
0
0
0
0
0
1
0
0
0
0
0
0
0
0
0
0
0
0
0
0
0
0
0
0
0
0
0
0
0
0
0
0
0
0
0
0
0
0
0
0
0
0
0
0
0
0
0
0
0
0
0
0
0
0
0
0
0
0
0
0
0
0
0
0
0
0
0
0
0
0
0
1
0
0
0
0
0
0
0
0
0
0
0
0
0
0
0
0
0
0
0
0
0
0
0
0
0
0
0
0
0
0
0
0
0
0
0
0
0
0
0
0
0
0
0
0
0
0
0
0
0
0
0
0
0
0
0
0
0
0
0
0
0
0
0
0
0
0
0
0
0
0
0
0
0
0
0
0
0
0
0
0
0
0
0
0
0
0
0
0
0
0
0
0
1
0
0
0
0
0
0
0
0
0
0
0
0
0
0
0
0
0
0
0
0
0
0
0
0
0
0
0
0
0
0
0
0
0
0
0
0
0
0
0
0
0
0
1
0
0
0
0
1 550 6394
1 405 5593
1 197 5181
1 238 9019
1 675 163
1 121 1109
1 294 7710
1 96 9450
1 454 4859
1 315 3900
1 611 3112
1 658 4887
1 450 7670
1 92 3801
1 601 3765
1 691 4495
1 537 3534
550 299 907
550 675 5357
550 22 2644
550 569 9312
550 177 6297
550 666 6033
550 450 4379
550 588 504
550 386 3302
299 221 9397
299 245 6186
299 449 2073
299 105 8089
299 48 4385
299 188 4818
299 475 33
299 659 9565
299 166 188
299 376 6547
299 140 7025
299 244 7897
299 417 5996
299 402 1883
221 345 8149
221 333 5460
221 682 3122
221 269 5818
221 631 9260
221 377 6886
221 622 312
221 607 9145
221 211 4145
221 606 2021
221 467 1789
221 545 3456
221 92 8317
221 124 7821
221 563 4186
221 55 8821
345 437 7474
345 152 9935
345 215 1358
345 444 9546
345 119 8023
345 331 5742
345 469 716
345 150 4408
345 232 5306
345 645 903
345 81 954
345 400 2330
345 408 5152
345 393 3302
437 306 565
437 578 3300
437 593 8761
437 473 3686
437 439 9117
437 446 4372
437 246 6923
437 448 5781
437 543 9868
437 354 1067
437 393 4153
306 452 1656
306 551 875
306 160 2469
306 668 5828
306 383 5060
306 297 7641
306 74 3301
306 580 4994
306 232 8999
306 378 9199
306 509 9369
452 194 1092
452 431 6266
452 482 128
452 310 6398
452 672 3520
452 259 1081
452 185 5079
452 586 8671
452 663 734
452 639 5643
452 518 8322
452 378 5846
452 303 5680
452 700 3791
194 305 217
194 102 2603
194 131 9571
194 26 85
194 599 21
194 507 3723
194 602 8092
194 411 7247
194 100 2543
194 242 272
194 468 2307
194 138 184
194 518 9924
194 433 3652
194 684 5534
194 9 5474
305 62 9372
305 431 6625
305 667 1739
305 570 9499
305 106 9374
305 51 5259
305 633 580
305 91 4453
305 97 281
62 136 7665
62 487 95
62 413 8603
62 421 3511
62 105 2127
62 219 2393
62 272 79
62 236 1081
62 613 8315
62 468 163
62 347 7453
62 600 8389
136 498 4607
136 480 4700
136 257 931
136 612 1230
136 296 3358
136 358 7466
136 182 1153
136 490 7009
136 488 9351
136 73 6627
136 298 2733
136 240 5976
498 57 4717
498 671 2231
498 496 5349
498 549 6327
498 648 9162
498 699 6153
498 553 6608
498 635 6827
498 28 6248
498 302 5210
498 335 337
498 66 8374
57 385 3954
57 179 6767
57 516 5806
57 387 2268
57 284 3282
57 650 3258
57 115 656
57 66 7888
57 517 7957
385 333 7938
385 565 9117
385 490 7666
385 609 5404
385 326 6621
385 528 4675
385 302 4754
385 94 9599
385 697 3759
333 502 7081
333 578 668
333 163 5989
333 668 2430
333 342 6994
333 663 5151
333 51 8582
333 44 3601
333 244 1977
333 218 1181
333 347 5162
333 577 8665
333 518 5906
333 251 5467
333 408 5431
502 407 1711
502 352 7734
502 460 8712
502 195 4969
502 168 4741
502 475 2951
502 206 9277
502 78 2679
502 351 8419
407 497 6943
407 292 8082
407 343 1392
407 388 7969
407 570 9187
407 150 990
407 63 1727
407 110 6268
407 494 8009
407 384 7715
407 159 5049
497 426 5003
497 11 9217
497 421 3630
497 179 4955
497 687 7545
497 83 1163
497 621 6469
497 581 6209
497 347 3420
497 94 1935
497 2 7992
426 647 5131
426 536 6021
426 534 3055
426 503 6451
426 252 761
426 404 6006
426 621 2079
426 557 9791
426 226 776
426 493 9021
647 608 7872
647 70 2167
647 343 3341
647 593 7059
647 663 9509
647 380 5067
647 174 9678
647 278 7517
608 431 9134
608 245 4726
608 58 2519
608 309 8350
608 615 4707
608 427 3826
608 527 5895
608 81 5869
608 175 294
608 287 8455
608 218 9289
608 448 8580
431 89 6446
431 215 771
431 398 4600
431 54 5853
431 414 3573
431 340 1713
431 459 1858
431 399 5651
431 587 1503
431 412 8985
431 61 1024
89 261 5727
89 215 1152
89 70 4364
89 612 2785
89 274 660
89 189 5783
89 84 8814
89 72 8176
89 649 4916
89 130 3539
89 200 7047
261 536 9617
261 104 8245
261 698 872
261 374 1863
261 165 4114
261 189 7517
261 510 318
261 562 9754
261 399 6096
261 587 3115
261 66 6876
261 222 696
536 245 8967
536 353 448
536 195 2408
536 599 7176
536 21 2450
536 488 262
536 110 2513
536 577 9825
536 312 5988
536 256 3664
536 180 4189
536 94 5124
245 128 675
245 487 6323
245 595 3937
245 241 5202
245 462 1238
245 220 7475
245 175 2248
245 366 7206
245 32 5720
128 575 9471
128 152 9069
128 292 6185
128 11 6987
128 146 5738
128 503 2290
128 532 9435
128 376 5204
128 161 9165
128 638 6482
128 147 4171
128 639 5964
128 518 8889
128 596 7698
128 400 4765
128 605 5502
575 285 210
575 436 4590
575 343 1490
575 367 225
575 560 5130
575 581 6613
575 583 899
575 609 1452
575 535 550
575 218 2453
575 181 9041
575 279 4376
575 47 1052
575 28 6246
575 419 95
575 625 523
575 584 1666
575 170 2631
285 682 3861
285 229 7403
285 27 4920
285 688 9647
285 595 8959
285 38 436
285 264 6128
285 669 3129
285 244 2751
285 49 1368
285 184 7178
285 375 7516
682 102 6870
682 352 3740
682 58 8457
682 593 8359
682 439 3964
682 362 3586
682 72 1323
682 202 1215
682 178 1389
682 101 8224
682 523 3667
682 303 429
102 558 2600
102 197 1070
102 22 3026
102 343 9046
102 607 7944
102 234 1044
102 606 1677
102 504 1805
102 488 8446
102 85 2948
102 628 7803
102 609 7404
102 277 9736
102 511 3931
102 9 6884
558 291 2486
558 436 5298
558 421 414
558 618 1
558 144 2167
558 330 505
558 297 4809
558 424 6877
558 4 820
558 463 8394
558 690 8200
558 409 2034
558 181 9782
558 66 6423
558 511 2052
291 152 6562
291 68 9022
291 656 3122
291 618 9588
291 188 8068
291 428 1065
291 272 631
291 636 6096
291 527 9221
291 341 5428
291 116 5395
291 689 7024
291 417 9184
291 246 5130
291 392 7306
152 68 2419
152 75 7616
152 229 2603
152 593 9184
152 658 3968
152 193 4770
152 313 9688
152 30 8777
152 147 7998
152 624 508
152 696 3522
152 222 6197
68 482 8893
68 572 9656
68 141 2620
68 627 945
68 515 6217
68 95 7993
68 219 418
68 51 2156
68 202 2412
68 468 7834
68 339 2786
68 509 8507
482 41 3407
482 656 4566
482 693 254
482 549 6782
482 611 101
482 362 5383
482 544 4087
482 562 8871
482 553 9350
482 637 3041
482 37 8055
482 351 3318
482 226 4162
482 280 7742
41 487 8446
41 423 2160
41 660 4601
41 513 8319
41 520 8356
41 649 3494
41 650 7974
41 130 7327
41 535 790
41 76 4191
41 137 5320
487 413 1207
487 398 6346
487 331 7731
487 505 5392
487 338 5484
487 341 2590
487 130 5150
487 167 6401
487 339 2843
487 653 1931
487 280 6501
487 137 8225
413 292 2369
413 420 5371
413 217 7575
413 160 5410
413 515 9777
413 225 7244
413 52 5923
413 373 7519
413 301 2041
413 418 8082
292 231 8471
292 141 359
292 496 6438
292 627 1964
292 95 8333
292 125 3764
292 191 2753
292 219 8875
292 274 9083
292 114 311
292 14 1572
292 92 3166
292 696 5703
292 372 7055
292 563 5755
231 576 7204
231 95 9807
231 466 8597
231 188 5487
231 615 2659
231 79 3173
231 320 4207
231 494 4382
231 115 7099
231 609 5968
231 278 4158
231 528 4342
231 279 1891
231 154 8028
231 337 2734
576 75 9972
576 215 6499
576 641 3093
576 422 2761
576 141 8462
576 671 7777
576 432 6525
576 369 7567
576 127 6651
576 161 1959
576 609 7877
576 419 8222
75 173 1476
75 121 9931
75 688 1629
75 344 7230
75 189 7135
75 350 1435
75 79 5826
75 379 2621
75 610 446
75 20 5351
75 517 6827
75 2 4827
173 265 2449
173 666 2795
173 298 8984
173 686 6791
265 262 1037
265 460 7012
265 414 5876
265 692 1008
265 547 9862
265 655 8968
265 302 3769
265 280 8323
262 561 3096
262 455 6645
262 436 2241
262 343 6098
262 574 4955
262 211 118
262 582 4320
262 158 6431
262 467 48
262 130 2300
262 639 12
262 557 3534
262 378 86
262 691 2190
262 477 2506
561 215 531
561 439 7540
561 110 5685
561 140 5357
561 665 9988
561 263 4831
561 598 693
561 133 3130
561 458 5867
561 187 7704
215 420 9006
215 331 6874
215 69 3917
215 296 4325
215 115 6994
215 450 8591
215 303 7421
215 588 3638
215 408 832
420 352 3518
420 481 4945
420 54 949
420 21 4189
420 583 1375
420 161 7348
420 341 6488
420 147 1386
420 351 882
420 500 2926
420 486 3575
420 511 3387
420 109 3456
352 25 1114
352 641 5423
352 424 5165
352 673 7454
352 415 253
352 366 5857
352 450 583
352 65 6119
352 240 9912
25 11 9588
25 160 2993
25 515 3828
25 26 265
25 599 6338
25 424 2418
25 248 4037
25 379 9976
25 415 3249
25 116 3906
25 282 4920
25 640 4197
25 92 8095
25 533 2646
25 303 1545
25 251 934
11 629 383
11 141 8778
11 19 211
11 583 3958
11 652 8516
11 100 3667
11 43 1423
11 600 3939
11 47 8831
11 298 8876
11 596 4191
11 311 4687
11 493 5811
629 641 6662
629 374 4598
629 370 1750
629 264 6006
629 155 4777
641 546 2014
641 422 2343
641 121 7194
641 77 6050
641 676 2318
641 334 443
641 367 6308
641 613 3589
641 699 4639
641 514 4402
546 405 2586
546 677 2535
546 233 1687
546 446 2969
546 258 7664
546 167 1898
405 104 3278
405 574 6180
405 607 1916
405 646 4700
405 542 6470
405 397 7098
405 464 9928
405 361 660
405 251 8136
405 2 2090
405 55 7321
104 327 2733
104 677 3839
104 163 3326
104 668 3861
104 357 2205
104 248 2021
104 132 1054
104 124 8254
104 453 690
104 445 1496
327 46 4561
327 16 4279
327 371 2487
327 427 5314
327 341 6864
327 258 1373
327 107 3353
327 49 6184
327 378 9037
327 312 1602
327 465 9461
327 97 5216
327 568 3517
46 451 513
46 217 1685
46 552 614
46 72 6792
46 427 8696
46 275 8749
46 357 8881
46 544 2369
46 247 7833
46 65 2719
46 457 2046
451 229 1693
451 480 4923
451 296 4066
451 223 2746
451 542 9529
451 638 4756
451 518 594
451 433 441
451 511 5386
451 337 3080
229 197 2107
229 692 8601
229 334 4452
229 330 5459
229 492 4785
229 559 9840
229 283 7060
229 175 597
229 43 5055
229 535 6928
229 557 1109
229 346 3091
229 15 7541
229 474 7900
197 572 8139
197 414 2641
197 77 6780
197 201 507
197 439 473
197 581 5851
197 287 8904
197 696 8517
197 325 7125
197 681 9322
197 312 1262
197 584 6653
572 534 4077
572 238 1855
572 422 3446
572 344 5814
572 241 1286
572 669 1904
572 220 766
572 246 2090
572 512 7362
534 286 1902
534 515 1929
534 330 773
534 581 2499
534 673 6984
534 5 4052
534 276 3607
534 467 6426
534 289 1592
534 216 7859
534 39 4564
534 159 584
534 3 990
534 625 1422
534 393 1056
286 677 6840
286 131 6678
286 578 9572
286 574 317
286 168 5999
286 60 7185
286 531 6969
286 323 6427
286 61 5392
286 486 6766
677 698 2240
677 317 6677
677 53 8669
677 350 9357
677 130 8766
677 390 2382
677 685 1259
698 239 695
698 257 9506
698 574 3757
698 344 4030
698 547 3557
698 168 3715
698 132 6807
698 326 1500
698 235 1573
698 278 7723
698 653 2083
698 533 2563
698 97 5496
698 208 9490
239 656 5754
239 295 2173
239 481 5413
239 678 6070
239 595 8171
239 21 2598
239 525 9391
239 260 4597
239 563 4341
656 146 2508
656 480 3188
656 195 7369
656 355 1177
656 650 2545
656 115 6135
656 639 9910
656 598 3803
146 238 3181
146 121 9416
146 241 3911
146 330 3562
146 435 2972
146 494 7625
146 463 368
146 400 824
146 511 5550
238 434 4442
238 590 2906
238 169 4464
238 154 9938
238 566 8748
238 623 217
434 503 2110
434 481 4160
434 414 2639
434 119 6633
434 383 3109
434 19 8381
434 191 7581
434 412 7449
434 303 888
434 393 7121
503 295 1170
503 321 2064
503 460 9665
503 632 7304
503 655 8326
503 635 9819
503 400 6836
295 360 7741
295 254 3729
295 607 6749
295 646 7064
295 362 7705
295 193 3468
295 665 7887
295 478 3254
295 176 7910
295 419 7145
295 605 7717
360 675 4199
360 111 2244
360 538 4286
360 574 6308
360 604 6403
360 424 6924
360 275 9292
360 590 5864
360 92 5304
360 325 6873
360 626 9664
360 625 6191
360 457 3993
360 644 833
360 94 4607
360 461 9
675 667 4488
675 671 2932
675 398 6179
675 662 1323
675 196 7024
675 374 9907
675 48 4423
675 612 4087
675 149 7611
675 275 7891
675 301 8326
675 666 7217
675 147 5800
675 122 1822
675 566 4933
675 461 9998
667 416 4065
667 414 9218
667 519 2657
667 59 467
667 381 6141
667 554 8301
667 349 6330
667 523 7796
667 298 1525
667 50 2346
667 256 339
416 321 1869
416 421 3178
416 676 4945
416 374 1877
416 20 7666
416 361 4228
416 99 8055
416 393 5340
321 422 1251
321 157 4313
321 668 9763
321 604 5337
321 348 8275
321 92 7653
321 107 14
321 493 5491
321 686 9804
422 455 1835
422 35 6776
422 219 6153
422 48 5899
422 296 5993
422 202 5161
422 610 6366
422 312 8486
422 15 3461
422 319 9047
422 97 6281
422 270 4985
455 425 7744
455 460 2971
455 163 6853
455 33 922
455 168 7915
455 593 5081
455 542 4939
455 246 2142
425 58 9487
425 424 278
425 348 3392
425 594 3799
425 435 40
425 462 5081
425 220 8426
425 44 4044
425 640 5094
425 122 3916
425 555 3847
425 384 6929
425 155 691
425 445 6351
425 337 9179
58 476 3036
58 359 1512
58 60 1896
58 358 7873
58 188 1324
58 435 943
58 246 505
58 147 6309
58 639 5038
58 635 3476
58 281 9513
58 251 5959
58 56 1390
58 408 946
476 481 897
476 444 9884
476 574 432
476 532 1175
476 80 9627
476 279 583
476 485 7566
481 679 4707
481 551 9008
481 638 1610
481 429 6153
481 588 9275
481 23 1808
679 693 9433
679 489 6318
679 54 8159
679 310 8611
679 101 9353
679 248 6022
679 685 6859
679 192 7225
679 491 7345
679 47 4153
679 298 7729
679 94 5
693 436 9190
693 54 1204
693 612 9518
693 646 5149
693 188 8946
693 283 6815
693 666 2397
693 429 8829
693 433 7246
693 445 9923
436 111 4807
436 309 7828
436 248 7489
436 500 5866
436 226 6835
436 486 5450
436 521 2018
436 50 2462
111 460 3609
111 444 7802
111 53 8779
111 618 8119
111 205 2764
111 599 4483
111 652 4140
111 116 9622
111 287 1707
111 448 1485
111 537 3774
111 625 5787
111 400 7841
111 461 2964
460 269 3343
460 695 3710
460 415 4464
460 403 8640
269 444 524
269 217 6860
269 501 7468
269 268 7770
269 223 6783
269 633 8626
269 147 1949
269 204 623
269 226 4491
269 3 5136
444 480 6072
444 214 2860
444 95 7597
444 207 9680
444 296 661
444 553 6375
444 242 4151
444 381 9777
444 204 857
444 20 8290
444 61 5750
444 336 8915
444 187 6126
480 27 9524
480 496 1053
480 574 3967
480 622 8839
480 585 4395
480 45 7676
480 29 9654
480 518 9386
480 349 8200
27 359 6513
27 432 6853
27 676 2321
27 545 3295
27 92 1831
27 347 4269
27 378 3917
27 605 6321
359 271 9404
359 26 6340
359 241 9181
359 242 7000
359 78 2372
271 121 9841
271 294 9726
271 363 6522
271 196 5969
271 594 6934
271 98 1163
271 665 1719
271 479 5848
271 639 7289
271 40 7594
121 141 3253
121 472 7607
121 374 2784
121 296 3999
121 220 1634
121 36 2437
121 500 3385
121 226 6185
141 551 8949
141 257 6589
141 449 8505
141 392 8596
141 55 8419
551 131 9126
551 519 8864
551 77 4740
551 205 8529
551 595 5204
551 415 3920
551 587 1881
551 124 7575
551 247 112
551 523 1606
551 270 448
551 187 6081
131 631 4892
131 254 1610
131 120 4151
131 676 7091
131 192 5250
131 288 1744
131 99 343
131 614 2856
631 217 4527
631 188 4342
631 116 842
631 438 3315
631 80 4078
631 600 7026
631 635 2263
631 524 666
631 240 1883
631 109 7210
217 353 9085
217 618 1008
217 48 6074
217 594 176
217 192 9536
217 209 1277
217 634 4095
353 671 7768
353 19 5203
353 132 558
353 411 9374
353 417 2002
353 651 2990
671 578 617
671 525 3611
671 594 7140
671 553 7707
671 153 5213
671 159 5235
671 485 8050
578 22 4420
578 317 6113
578 36 8743
578 351 5261
578 247 9427
578 566 2820
578 533 2287
578 65 1690
578 521 3485
578 9 4169
22 398 8899
22 317 8921
22 191 5176
22 310 4972
22 93 5448
22 341 1063
22 130 2600
22 468 9542
22 419 8831
22 625 4154
22 596 6452
22 684 4556
22 170 2507
398 489 9441
398 307 5172
398 528 6118
398 447 2933
398 65 2878
398 386 7682
489 377 8167
489 16 7279
489 53 2101
489 492 4280
489 73 6021
489 655 7362
489 537 3706
489 400 5192
377 195 9648
377 196 1747
377 95 5029
377 105 168
377 93 6998
377 307 3949
377 633 1695
377 528 8321
377 624 5749
377 90 2757
377 500 7273
377 465 5290
195 317 7939
195 160 1426
195 399 8093
317 552 2494
317 201 3933
317 168 3886
317 639 4017
317 630 6402
317 346 6818
552 16 6895
552 70 4083
552 201 4984
552 223 525
552 278 6183
552 528 5615
552 681 2898
16 662 9896
16 646 5673
16 464 8089
16 61 5895
16 190 7419
16 337 3117
662 569 6062
662 371 4416
662 191 3418
662 570 7756
662 655 9089
662 689 9166
662 218 6865
662 600 6361
662 630 807
662 222 4803
569 309 4138
569 466 5252
569 153 7297
309 160 8070
309 449 9137
309 279 1313
309 325 823
309 247 5954
160 496 4559
160 168 1257
160 635 7289
496 627 1436
496 344 3792
496 288 9256
496 151 4333
627 501 3687
627 625 4928
627 180 8773
627 335 9582
627 2 8698
501 396 8242
501 538 1995
501 640 9466
501 567 8011
501 137 6103
396 540 8554
396 421 7176
396 593 2967
540 254 1266
540 191 4334
254 54 7769
254 154 5403
254 2 5937
54 414 1417
54 688 9825
54 466 5073
54 364 9082
54 38 647
54 492 7378
54 226 9992
414 678 8256
414 449 1019
414 86 1427
414 691 2047
414 477 6626
414 270 5759
678 119 2085
678 235 7905
678 170 4532
119 356 8018
119 310 6602
119 153 9125
119 450 13
119 28 2419
119 151 7135
356 432 6115
356 257 7324
356 371 4310
356 294 5433
356 33 8589
356 661 4995
356 364 3201
356 585 3992
356 278 7284
356 533 970
432 538 3816
432 547 2356
432 334 51
432 607 814
432 696 6086
432 325 42
432 361 5421
432 623 3456
432 137 7821
538 163 3819
538 157 81
538 676 3579
538 103 5904
538 326 7985
538 288 4462
538 630 273
538 524 938
163 257 3586
163 470 6637
163 515 3357
163 159 720
163 346 2751
163 680 7032
163 623 1381
257 371 4535
257 21 5621
257 654 2728
257 525 4088
257 211 5964
257 554 11
257 485 5057
257 200 6131
257 240 8718
371 695 1459
371 33 3296
371 21 1155
371 348 1500
371 256 8717
371 418 4610
695 331 5672
695 692 2535
695 243 4690
695 80 9251
695 528 4790
695 78 9026
695 154 64
695 65 5063
695 180 6316
695 9 2
331 519 1699
331 294 6024
331 243 7073
331 78 802
519 268 3055
519 574 4806
519 449 5336
519 412 5027
519 700 3885
268 294 9423
268 676 990
268 52 3895
268 204 831
268 577 7120
268 209 8964
294 70 2289
294 369 416
294 144 119
294 222 141
294 354 9132
70 369 4728
70 105 5812
70 355 8018
70 537 5770
70 266 1414
70 517 2808
369 421 1147
421 157 7830
421 515 4222
421 363 7462
421 676 7831
421 60 5920
421 639 3485
421 210 1255
421 200 3073
157 470 2892
157 207 6060
470 120 8409
470 53 7918
470 207 9944
470 138 4183
470 303 8908
120 515 190
120 253 5014
120 256 2379
120 453 5506
120 400 3654
120 280 2794
120 697 5624
120 9 3794
515 69 8277
515 253 6703
69 363 5958
69 192 6295
69 346 8824
69 386 7371
363 668 5454
668 77 9971
668 692 5200
668 91 9675
668 256 3784
77 383 9382
77 348 1946
77 394 3621
77 696 637
77 118 5019
383 342 6512
383 604 3048
383 424 3427
383 600 4429
383 90 9344
383 325 3961
383 247 9688
383 543 5885
383 354 5326
342 343 2067
343 676 1390
343 168 8980
343 211 1212
343 512 3365
343 523 2773
343 477 9489
343 23 68
676 196 8730
676 449 2135
676 355 8891
676 103 2453
676 601 3940
676 392 5213
196 574 7652
196 223 9966
196 486 8997
196 256 3386
196 311 1911
196 461 8969
196 563 374
574 35 6929
574 52 5480
574 133 3421
574 686 6707
35 423 6260
35 21 9116
35 532 668
35 630 2300
35 50 5001
35 372 5993
35 684 4366
35 651 2742
35 184 4972
35 337 1929
423 53 6107
423 374 4097
423 253 7769
423 683 6174
423 170 9178
53 388 9903
53 449 1416
53 12 1630
388 214 194
388 344 6629
388 570 5634
388 209 159
388 626 1977
388 298 9019
388 418 2070
388 453 7297
388 311 5744
388 614 5350
388 23 9128
388 55 9164
214 95 2057
214 607 5387
214 247 4632
95 33 9076
95 518 4038
95 209 9632
95 533 1420
95 400 8403
33 688 8725
33 223 2744
33 3 6684
33 626 4831
33 680 6840
33 418 4452
33 408 1004
688 618 2369
688 522 4355
688 86 8772
688 90 3999
688 523 900
688 209 1752
688 700 5984
618 692 1059
618 361 80
618 372 5002
692 660 3128
692 32 7376
692 226 745
692 634 4829
660 205 6503
660 466 6260
660 522 6885
660 653 8241
660 135 7243
660 400 2312
205 622 2279
205 168 3226
205 293 3732
205 424 7033
205 325 1951
622 344 6475
622 466 3716
622 517 6781
622 697 3314
344 207 8168
344 201 4137
344 241 5682
344 47 8874
344 433 2908
344 568 6032
207 513 9773
207 406 1011
207 372 2015
207 55 831
513 26 1090
513 604 3368
513 585 310
513 302 8465
26 225 464
26 588 5139
26 12 4967
26 251 3076
225 604 8375
225 465 3207
604 599 318
604 86 687
604 634 1837
604 700 3544
599 449 4418
599 378 8870
449 144 5494
449 477 892
449 190 2585
144 595 8626
144 511 557
595 19 752
595 48 2762
595 537 2590
19 125 9625
19 211 2021
19 243 4974
19 298 9398
19 539 3031
125 105 3340
125 97 6580
125 623 4120
105 547 6708
105 60 6890
105 492 8936
105 151 3523
105 337 8380
547 466 3902
547 406 6598
547 310 6754
547 65 3461
466 472 3268
466 543 3792
472 201 5297
472 155 6811
472 162 8209
472 445 518
472 12 8656
201 522 5452
201 593 3103
522 661 7281
522 358 2360
522 458 3854
522 337 6395
661 168 4950
661 492 9831
168 334 8415
168 355 6275
168 593 5580
168 372 7798
168 9 9614
334 21 2159
334 424 1917
334 372 2673
21 532 5400
21 521 853
21 9 6196
532 8 3779
532 579 1106
532 461 9145
8 191 6885
8 52 918
8 222 2412
191 355 676
191 219 2567
191 567 5574
191 222 5237
355 241 3084
355 596 4229
355 222 7040
241 406 2538
241 219 7862
406 103 9400
406 151 2744
406 55 4256
103 619 701
619 59 2574
59 374 9022
59 408 6975
374 293 8153
374 109 3171
293 654 6588
654 364 311
654 190 5088
364 593 5613
364 52 2063
364 99 2292
593 330 1808
593 570 5841
593 348 9749
593 280 952
593 697 9077
330 310 7019
330 375 9716
310 219 9753
310 270 9585
219 38 5289
219 367 1341
38 607 9020
38 445 5870
38 222 8380
607 48 1558
607 525 3731
607 66 4131
607 493 4301
607 2 4338
48 367 4831
367 60 3226
367 253 9711
367 171 8157
60 612 1378
60 52 2882
60 348 1097
612 340 8040
340 297 4321
340 190 6709
340 697 102
297 424 2964
424 296 8516
296 253 2295
296 137 9064
253 223 5819
253 492 1371
253 211 6082
223 646 5534
223 2 7475
646 525 2018
646 52 7175
646 354 5167
525 52 1038
525 605 3044
52 570 3547
52 408 8947
570 585 3126
585 348 7677
585 2 3247
348 492 3815
492 93 8860
93 358 2824
358 211 9877
211 594 7016
594 579 4201
579 86 2758
86 243 8112
243 188 8592
188 700 3430
96 502 4820
96 414 5046
96 33 2745
96 198 9687
96 20 7340
96 29 1809
96 500 5506
96 137 5062
198 309 4242
198 203 7391
198 382 2537
198 182 6260
198 549 4565
198 527 7703
198 328 7297
198 417 3960
198 464 7601
198 209 2595
198 40 7085
203 136 1630
203 434 2193
203 295 7251
203 356 489
203 168 5016
203 42 7128
203 31 3856
203 621 5568
203 562 6237
203 323 1968
203 539 4159
42 455 9667
42 316 3139
42 178 9204
42 328 8763
42 279 2826
42 351 2895
42 32 571
42 208 4683
316 239 7957
316 416 4813
316 569 2073
316 308 6845
316 650 1072
316 638 2990
316 123 899
316 691 4720
316 23 6949
308 497 4852
308 297 3666
308 548 386
308 237 6481
308 663 5858
308 464 3988
308 378 3321
308 109 873
548 11 1115
548 570 7176
548 441 6440
548 79 7352
548 233 5495
548 263 6950
548 443 3370
548 457 8634
441 58 2506
441 579 2132
441 471 7811
441 526 5400
441 580 9055
441 185 2493
441 659 9708
441 663 219
441 202 4565
441 399 6552
441 39 7642
471 575 3906
471 327 3803
471 460 2361
471 569 7207
471 622 8654
471 103 2378
471 646 3944
471 492 5134
471 224 8235
471 71 7931
471 357 4806
471 263 5459
471 339 9046
471 509 8333
224 41 1898
224 70 2749
224 33 3828
224 64 5199
224 63 2470
224 376 8813
224 433 7704
224 418 953
224 493 6623
64 75 9456
64 641 7
64 353 9115
64 574 9163
64 59 225
64 213 31
64 212 2067
64 645 7866
64 435 3937
64 553 5869
64 228 6578
64 577 7495
64 403 4522
64 447 8955
64 124 1438
64 499 6007
64 517 3541
64 686 9368
64 337 812
213 546 8999
213 679 4765
213 26 5496
213 595 7248
213 249 3865
213 114 5675
213 666 2447
213 118 6334
213 605 4487
249 677 6502
249 434 7287
249 369 7461
249 382 5957
249 620 3645
249 114 2927
249 542 5120
249 446 222
249 461 2958
382 261 3538
382 245 4439
382 160 3246
382 71 9406
382 150 1017
382 580 740
382 259 279
382 387 6323
382 346 8529
382 187 6285
71 229 9864
71 604 7896
71 364 3448
71 573 5214
71 129 9013
71 108 8943
71 284 2462
71 428 2877
71 529 4618
71 504 4908
71 467 5563
71 411 5456
71 479 1409
71 545 2849
71 210 2917
71 135 3718
71 200 2845
573 16 5843
573 371 5189
573 692 3066
573 355 5152
573 324 8726
573 507 7505
573 108 4749
573 114 4483
573 166 4873
573 320 1840
573 267 4761
573 649 1195
573 366 368
573 209 7397
573 486 7410
573 511 4616
573 474 844
573 56 2624
324 57 3628
324 359 6138
324 607 5085
324 670 6504
324 290 7107
324 134 6344
324 381 2066
324 566 8915
324 240 4104
670 552 1266
670 449 1831
670 183 4173
670 314 463
670 490 4025
670 597 9361
670 488 9880
670 166 5529
670 326 8086
670 23 7384
183 426 6629
183 46 2568
183 668 8608
183 214 8469
183 205 3680
183 129 6155
183 322 8836
183 606 1076
183 559 9916
183 556 9803
183 248 8271
183 37 2539
183 303 3430
183 477 761
129 239 3975
129 144 6286
129 211 7867
129 507 6670
129 232 4703
129 165 3133
129 483 7126
129 617 2321
129 510 1315
129 379 1298
129 283 2783
129 107 5340
129 588 659
129 335 2662
507 503 7220
507 77 5096
507 355 6398
507 227 3848
507 212 4016
507 376 1357
507 82 2316
507 559 4047
507 479 7511
507 685 7504
507 555 5123
507 300 7427
507 499 7306
227 352 9745
227 406 6317
227 243 7088
227 290 505
227 672 6644
227 164 3373
227 520 4724
227 276 3313
227 397 4427
227 557 7856
227 596 438
227 684 6747
290 576 9171
290 269 8088
290 119 5881
290 532 862
290 219 5098
290 340 4895
290 31 8081
290 368 193
290 148 7644
290 559 1928
290 72 560
290 427 9000
290 206 596
290 590 4607
290 448 2863
290 626 4451
290 474 6081
290 354 6641
31 317 8108
31 293 5825
31 310 2957
31 237 5195
31 490 6330
31 148 9600
31 556 4919
31 84 1053
31 357 9265
31 158 9346
31 349 5260
31 386 6054
31 461 2444
237 291 4430
237 352 4141
237 569 4677
237 168 5291
237 654 5590
237 182 9571
237 7 3371
237 505 5783
237 274 3566
237 83 1651
237 248 2694
237 587 2565
237 130 8598
237 235 7300
237 154 1779
237 159 3048
182 552 9732
182 688 8419
182 103 7507
182 186 5557
182 185 1376
182 504 2702
182 156 1886
182 518 7327
182 32 3972
186 102 9290
186 654 2943
186 310 9669
186 442 4549
186 272 8997
186 674 2113
186 510 8979
186 45 9489
186 226 3141
442 423 621
442 334 5079
442 8 2711
442 108 344
442 318 7213
442 411 6276
442 478 1994
442 644 6258
108 309 5192
108 163 6943
108 296 3558
108 492 6971
108 589 6342
108 370 3289
108 158 5389
108 531 3848
108 43 5197
108 76 3116
108 251 2901
108 184 7082
108 280 6795
589 89 6873
589 229 2723
589 310 9737
589 253 6541
589 525 3624
589 565 5085
589 362 5005
589 694 2602
589 169 926
589 535 8145
589 298 9574
589 171 2356
565 660 7207
565 612 9917
565 526 9568
565 410 9834
565 669 8262
565 527 2177
526 489 1378
526 469 5204
526 645 5734
526 615 8348
526 276 1545
526 642 5375
526 402 88
526 361 1745
526 418 6923
526 337 9556
469 578 4645
469 599 357
469 657 6350
469 147 1517
469 37 3079
657 262 2438
657 515 4410
657 106 6702
657 475 3875
657 699 9414
657 260 5655
657 336 4800
657 393 3911
106 295 5229
106 460 7155
106 449 7469
106 310 5145
106 211 3074
106 672 3655
106 516 9759
106 490 5250
106 611 5032
106 283 4962
106 386 7336
106 55 9731
106 393 2859
672 364 9062
672 150 9818
672 473 4603
672 5 5984
672 307 5725
672 288 5599
150 262 6340
150 662 8426
150 205 7116
150 21 5771
150 10 864
150 193 7877
150 171 8824
150 55 4738
10 102 3642
10 292 4479
10 321 5889
10 219 7552
10 63 6059
10 4 3043
10 72 1373
10 616 7555
10 139 2468
10 655 5027
10 555 7313
10 412 4069
10 91 6410
63 271 8627
63 377 1404
63 309 6140
63 157 1485
63 179 6817
63 389 2309
63 553 2439
179 309 2801
179 340 8034
179 199 8037
179 174 5492
179 553 2811
179 123 1504
179 640 7614
179 138 3674
179 372 9380
179 465 6438
199 575 4763
199 262 3022
199 660 916
199 38 651
199 367 6925
199 7 3326
199 410 45
199 192 8297
199 465 880
199 137 8864
7 231 9675
7 239 4545
7 254 2933
7 157 6084
7 297 3171
7 253 4336
7 113 8575
7 584 1007
7 623 7505
7 280 884
113 54 3445
113 157 6657
113 595 5269
113 19 7833
113 593 2148
113 612 8079
113 340 9337
113 67 9762
113 236 8105
113 126 8716
113 504 6199
113 488 2867
113 617 1737
113 101 3466
113 37 9870
113 12 8662
67 561 3143
67 641 6266
67 503 6958
67 436 374
67 111 5130
67 421 2985
67 618 4918
67 459 8062
67 264 9068
67 72 4440
67 147 8749
67 464 3995
67 55 5446
67 9 6253
459 285 4878
459 295 5242
459 60 2909
459 252 6498
459 580 3075
459 274 1409
459 583 928
459 233 2411
459 467 7522
459 610 9032
459 242 7478
459 209 3720
459 346 8251
459 567 9215
459 651 3537
252 682 4472
252 75 7876
252 546 3031
252 679 737
252 157 1185
252 105 3404
252 74 5866
252 301 521
252 242 4674
252 235 279
252 554 9589
252 464 5465
252 461 9028
74 152 3583
74 451 911
74 286 1632
74 58 4812
74 131 2504
74 353 893
74 243 7661
74 475 1930
74 264 2301
74 72 8588
74 248 4340
74 30 9822
74 655 3972
74 204 1818
74 133 9893
74 65 8574
74 700 7384
475 164 9781
475 506 9397
475 659 1611
475 134 2811
475 5 133
475 307 9147
475 80 6214
475 167 2351
475 65 9668
475 453 7239
475 543 8981
475 2 5608
164 679 2704
164 631 4360
164 257 5542
164 331 9966
164 580 5992
164 101 353
164 116 2469
164 107 6884
164 634 4365
164 240 4399
580 295 5536
580 540 9304
580 388 5090
580 473 5357
580 165 3275
580 690 3259
580 169 5249
580 49 8200
580 509 642
473 245 1381
473 575 7596
473 343 2252
473 330 4191
473 516 4081
473 284 1399
473 663 6756
473 320 2783
473 72 7418
473 379 3995
473 116 1763
473 142 3025
473 351 6698
473 251 6123
516 416 8566
516 436 6663
516 551 8466
516 69 5270
516 296 5483
516 579 5349
516 440 9634
516 250 9881
516 380 7236
516 218 8937
516 468 1323
516 3 2592
516 336 8564
516 319 933
516 151 4192
516 17 6763
440 25 1575
440 698 5572
440 503 711
440 257 178
440 294 6114
440 314 4791
440 494 7928
440 161 2869
440 326 7573
440 624 5345
440 445 6863
314 352 5687
314 46 4721
314 551 9912
314 309 8161
314 688 3286
314 259 6574
314 117 6626
314 643 8555
314 531 8409
314 287 8326
314 390 4540
314 181 4641
314 696 5561
259 111 3477
259 271 5963
259 257 4504
259 342 2040
259 388 6896
259 525 5047
259 560 5154
259 529 4822
259 602 618
259 542 5864
259 609 1351
259 240 3083
560 383 7006
560 660 9279
560 472 5952
560 367 930
560 525 975
560 185 9166
560 365 6617
560 148 5696
560 178 9078
560 462 1129
560 450 5333
560 402 2003
560 240 7755
185 46 3888
185 534 411
185 434 2432
185 69 8427
185 660 5052
185 232 7993
185 597 8255
185 24 7366
185 559 8848
185 301 6646
185 514 4261
185 577 3895
185 3 1800
185 65 5434
232 102 4512
232 271 4015
232 195 6785
232 125 7595
232 547 1021
232 646 6063
232 387 9898
232 101 1950
232 156 3389
232 419 9063
232 584 4918
232 393 5436
387 295 8140
387 416 6047
387 225 769
387 490 143
387 541 153
387 18 4656
387 645 6905
387 659 2584
387 234 9434
387 495 1956
387 379 576
387 542 4041
387 32 9322
387 159 9424
387 280 686
490 163 9934
490 26 3318
490 449 2485
490 355 5368
490 212 4181
490 166 6500
490 323 2152
212 416 8127
212 569 3872
212 294 4566
212 19 8024
212 60 5821
212 597 4306
212 272 3439
212 301 7091
212 379 9742
212 80 7930
212 142 3137
212 518 510
597 173 4424
597 698 3289
597 360 1517
597 662 1329
597 196 2224
597 48 7302
597 687 9636
597 236 2800
597 699 1342
597 112 8957
597 582 8575
597 362 2028
597 583 5243
597 248 8244
597 167 864
597 122 610
687 286 8776
687 470 3715
687 120 9113
687 574 3255
687 449 7586
687 619 30
687 454 7630
687 315 9759
687 233 4335
687 399 1068
687 159 6849
687 378 4076
454 229 8998
454 360 6337
454 571 937
454 508 3421
454 166 5977
454 350 2453
454 202 4749
454 666 8200
454 94 9755
571 292 4385
571 215 7351
571 197 7448
571 309 9693
571 19 2277
571 564 9475
571 586 1287
571 368 6872
571 14 6691
571 101 8248
571 544 5648
571 650 405
571 328 7360
571 347 8902
571 251 4343
564 231 3741
564 455 6531
564 552 4101
564 365 8076
564 699 3951
564 275 7301
564 158 8503
564 430 2948
564 531 3637
564 30 9440
564 639 6368
365 572 5965
365 58 8244
365 476 7469
365 317 4164
365 257 4350
365 120 8205
365 69 7867
365 676 1798
365 541 4249
365 530 143
365 587 7624
365 479 5536
365 450 7015
365 312 4314
365 270 3783
365 56 9014
541 414 1071
541 120 7495
541 593 7915
541 284 5413
541 158 1235
541 220 797
541 332 9513
541 397 5662
541 479 4747
541 639 6813
541 29 4165
541 433 4046
541 691 6801
284 75 3604
284 455 6766
284 205 2765
284 654 8199
284 586 4234
284 4 3280
284 690 2549
284 242 8790
284 169 1146
284 346 4346
284 222 3038
586 254 7641
586 343 8321
586 591 4925
586 315 4655
586 456 8987
586 24 5060
586 82 3668
586 681 57
586 465 2554
586 9 7934
591 420 5469
591 629 140
591 223 5082
591 506 1333
591 669 5802
591 242 9829
591 450 4497
591 596 6318
591 457 226
506 173 7649
506 377 6273
506 93 6991
506 620 6765
506 428 4471
506 549 7576
506 553 44
506 609 7019
506 300 6365
506 281 7542
506 99 7716
506 270 5755
620 54 5182
620 595 6037
620 619 679
620 172 6188
620 402 5023
620 122 5738
620 361 9855
620 280 1431
620 686 4643
172 344 4140
172 520 3251
172 659 4783
172 674 9221
172 368 4583
172 51 6936
172 233 5401
172 694 5431
172 116 9605
172 287 5627
172 273 3079
172 277 5877
172 288 8969
172 319 9843
172 118 6699
172 251 6545
520 18 6238
520 272 3718
520 115 9261
520 169 131
520 278 7785
520 325 1367
520 281 5312
520 200 173
520 596 8398
520 634 1499
520 184 1547
520 2 487
18 629 7705
18 641 2977
18 619 5130
18 645 1844
18 51 6227
18 320 6264
18 142 7417
645 416 7161
645 676 9551
645 105 2817
645 322 8943
645 529 9155
645 82 4795
645 669 2021
645 279 1383
645 401 116
645 400 8215
322 422 8081
322 54 3012
322 225 805
322 505 8150
322 674 2272
322 484 935
322 427 5935
322 341 9991
322 366 2599
322 642 6107
322 273 8388
322 401 4097
322 190 4006
505 420 8874
505 163 8154
505 692 6982
505 661 355
505 525 6349
505 659 9561
505 370 6618
505 510 3765
505 514 6721
505 328 2520
505 45 2934
505 397 5664
505 169 1674
505 417 4080
505 347 4036
505 138 3056
505 94 547
659 398 8603
659 160 1137
659 496 3558
659 234 9407
659 73 5638
659 341 2182
659 45 6693
659 397 1572
659 533 2172
659 311 9291
659 461 4031
234 569 6911
234 274 9740
234 366 8036
234 216 5784
234 130 7893
234 394 1369
234 681 6139
234 312 593
234 400 929
274 359 9108
274 369 710
274 570 4002
274 663 1628
274 430 9995
274 535 6017
274 88 9653
663 578 4074
663 331 6404
663 688 2709
663 599 4621
663 374 5006
663 593 197
663 367 4530
663 211 764
663 389 5834
663 652 6711
663 282 7457
663 39 3758
663 448 8882
663 281 6747
663 91 4140
389 195 5792
389 678 6486
389 163 8527
389 622 7928
389 243 730
389 315 9895
389 615 418
389 255 1323
389 655 824
389 91 5877
389 311 2032
315 503 1177
315 217 7504
315 662 8378
315 594 7193
315 428 7157
315 174 2451
315 283 3596
315 390 6217
315 584 3423
315 509 8602
428 698 2765
428 358 7953
428 272 5717
428 233 4950
428 323 1015
428 34 3173
428 135 5059
272 641 9897
272 22 6272
272 519 9198
272 268 2040
272 201 9109
272 615 7724
272 467 6319
272 528 9839
615 420 7619
615 572 6736
615 492 7513
615 579 4794
615 13 8965
615 143 5896
615 616 5970
615 666 6468
615 588 4273
615 346 9514
615 651 9976
13 668 3075
13 125 3109
13 547 2544
13 654 2850
13 549 8062
13 427 5308
13 397 7154
13 479 3779
13 39 258
13 351 8168
13 500 3303
13 566 1668
13 517 4416
549 146 9574
549 343 866
549 205 6456
549 236 5035
549 584 4941
549 335 9126
236 434 1225
236 503 8911
236 398 2214
236 668 5089
236 144 3704
236 374 1178
236 606 984
236 673 6025
236 357 7645
236 36 1608
236 76 5538
236 409 3973
236 392 4682
236 521 4999
606 398 6516
606 388 3883
606 201 9412
606 219 8176
606 126 1036
606 391 9542
606 329 4785
606 468 9204
606 349 2845
606 40 6452
606 521 3619
606 208 8770
126 254 7317
126 674 6426
126 636 3804
126 116 8610
126 640 1904
126 204 1380
126 47 7520
126 159 4117
126 625 6468
126 458 1224
126 319 5294
126 644 7451
126 623 3600
674 207 9290
674 297 5410
674 664 5490
674 636 3262
674 544 6444
674 318 488
674 36 6130
674 417 326
674 429 6251
674 312 4305
674 445 7714
674 55 5793
664 46 9089
664 534 6917
664 693 8637
664 480 5540
664 70 6887
664 338 3758
664 373 9209
664 640 9665
664 554 3914
664 499 7818
664 15 1568
338 627 5293
338 676 1689
338 466 5684
338 367 1761
338 297 9264
338 165 7329
338 545 9211
338 302 2864
338 171 6618
338 563 973
165 377 4705
165 599 6232
165 189 7416
165 202 1544
165 430 8713
165 282 7741
165 287 7794
165 666 3017
165 545 5454
165 630 3586
165 3 8457
165 311 8722
165 465 8574
189 547 348
189 406 1961
189 348 2332
189 114 5908
189 350 7977
189 202 6245
189 435 77
189 357 5896
189 531 1537
189 130 1766
189 326 1579
189 486 3297
189 298 1029
189 511 5259
189 12 8860
189 517 244
114 360 8228
114 22 6184
114 470 4948
114 214 4459
114 406 3599
114 52 6491
114 529 3171
114 484 7691
114 583 4285
114 562 2539
114 80 9497
529 693 7870
529 470 995
529 86 8218
529 508 2796
529 628 1343
529 510 6530
529 92 5127
529 394 7250
529 392 4506
529 681 7723
529 266 7327
508 476 401
508 551 9259
508 595 5444
508 348 8331
508 504 8908
508 140 6472
508 132 9941
508 649 4119
508 282 6716
508 567 8169
504 217 302
504 83 8015
504 112 2627
504 233 3900
504 527 4506
504 281 2150
504 222 7942
83 197 5142
83 95 4688
83 525 7438
83 456 9363
83 559 2035
83 84 2008
83 76 2158
83 528 3377
83 384 8537
83 523 7284
83 458 6978
83 170 9395
83 337 1358
456 238 656
456 495 6147
456 255 617
456 244 6099
456 402 830
456 554 5876
456 412 8923
456 433 770
456 9 6346
495 436 5638
495 340 8938
495 134 6647
495 143 4
495 115 7917
495 666 6898
495 246 4509
495 633 6418
495 468 1191
134 377 6002
134 344 1105
134 364 8629
134 296 5365
134 488 9491
134 230 636
134 193 7522
134 326 9219
134 37 5524
134 403 1158
134 209 6197
134 691 4918
134 256 2515
134 644 3204
134 623 7417
134 184 9483
134 563 9303
488 677 4598
488 425 1710
488 501 8225
488 356 5367
488 595 8055
488 8 214
488 59 657
488 60 1053
488 93 6569
488 483 4925
488 370 4302
488 255 7430
488 267 1342
488 686 5493
488 614 3431
483 19 8798
483 103 4121
483 367 8795
483 613 8289
483 368 1108
483 178 2669
483 357 7507
483 81 6631
483 610 178
483 447 55
483 200 7901
483 12 9044
483 17 3259
483 171 5317
613 229 8527
613 662 8913
613 163 6266
613 343 6588
613 38 3489
613 93 1632
613 117 995
613 112 54
613 80 8640
613 192 8399
613 91 6622
117 618 3564
117 166 2701
117 556 4051
117 430 1257
117 276 4545
117 514 7482
117 242 55
117 304 5017
117 218 2628
117 156 8343
117 28 2476
117 378 1648
117 457 5849
166 243 9106
166 617 1825
166 112 5904
166 84 3358
166 510 869
166 301 5514
166 328 5026
166 361 5747
166 346 4426
166 88 1291
617 406 8686
617 145 7914
617 621 9275
617 14 9680
617 289 7967
617 39 7914
617 639 8079
617 90 940
145 54 7830
145 622 7131
145 404 4991
145 320 9086
145 30 8027
145 36 8824
145 147 9140
145 288 9395
145 533 7803
145 17 3834
404 8 1870
404 374 9451
404 358 9683
404 611 975
404 143 1275
404 85 1938
404 628 4333
404 84 8495
404 357 3803
404 318 5710
404 332 4241
404 397 8228
404 478 7001
611 369 2927
611 293 2493
611 230 6275
611 275 8958
611 248 6811
611 44 4188
611 467 7036
611 94 7750
230 197 2017
230 141 518
230 367 9092
230 250 7455
230 115 8544
230 130 7915
230 80 6594
230 181 7938
230 78 5718
230 154 428
250 416 6159
250 243 5168
250 143 6462
250 110 3486
250 362 2794
250 72 4751
250 216 7818
250 180 1289
250 337 8553
143 16 9879
143 569 1881
143 414 3132
143 466 6879
143 594 1159
143 376 5624
143 84 3153
143 277 117
143 555 8786
143 61 3693
376 271 3504
376 356 2887
376 8 2061
376 646 4022
376 24 1979
376 603 9515
376 248 8917
376 73 6245
24 460 2461
24 369 3207
24 225 1962
24 579 2888
24 85 9365
24 264 3481
24 50 5701
24 180 2850
85 121 2627
85 217 451
85 22 7019
85 646 3915
85 368 5355
85 559 6898
85 233 2147
85 652 8486
85 610 128
85 633 3306
85 209 461
85 458 3281
368 455 3422
368 364 9246
368 93 3325
368 579 6925
368 188 2132
368 127 5385
368 112 7298
368 289 462
368 246 1252
368 640 2567
368 630 6707
368 94 3712
127 421 5773
127 515 5020
127 103 2951
127 38 1489
127 340 4853
127 93 8651
127 51 691
127 5 7479
127 149 5453
127 98 4061
127 666 7745
127 491 807
127 486 7310
127 474 9891
51 607 5644
51 358 7438
51 391 9548
51 616 2456
51 446 7070
51 601 2969
51 566 8053
51 200 394
51 184 6246
391 121 6536
391 470 5778
391 621 9895
391 362 6998
391 326 7029
391 447 2461
391 537 56
391 336 7092
391 17 4585
621 163 5075
621 82 42
621 37 6074
621 154 9927
621 351 5044
621 401 3116
621 91 7405
621 270 496
82 146 7176
82 436 1501
82 578 7654
82 515 4486
82 219 1392
82 148 9649
82 494 8275
82 45 7291
82 142 2104
82 192 5344
82 49 260
82 584 6508
82 683 5737
82 184 2857
148 33 3044
148 380 7866
148 616 2751
148 193 6393
148 610 1247
148 242 1564
148 287 6448
148 273 8338
148 479 6148
148 39 1522
380 111 4732
380 439 8573
380 287 1449
380 36 9775
380 390 1688
380 32 5205
380 458 6623
380 539 8864
439 163 6706
439 692 628
439 593 9701
439 559 4449
439 410 6629
439 110 7975
439 177 1739
439 147 5084
439 402 9670
439 409 8350
439 167 1592
439 464 5406
439 29 7558
439 509 987
439 66 9623
559 593 309
559 174 7379
559 556 869
559 78 8224
174 480 3826
174 355 5559
174 648 4371
174 603 1699
174 101 290
174 562 2944
174 685 9499
174 464 6416
174 447 4631
174 412 4704
174 419 9390
174 91 9846
174 65 7761
174 256 18
648 377 5898
648 449 8561
648 466 6646
648 4 224
648 410 6651
648 373 1729
648 320 9893
648 97 1353
4 436 9672
4 205 1650
4 350 8910
4 527 658
4 228 1273
4 37 5570
4 680 8036
4 584 8493
350 476 3793
350 612 8213
350 699 4051
350 255 8164
350 275 9912
350 289 692
350 587 7459
350 354 9410
699 120 3460
699 296 8441
699 253 465
699 112 2849
699 267 4639
699 448 4577
699 400 9218
699 461 536
699 56 3137
112 321 5863
112 217 7112
112 119 9788
112 513 3944
112 619 7004
112 87 1140
112 206 9967
112 430 8654
112 512 6401
112 90 625
112 696 9926
112 155 1971
112 521 5012
112 400 4770
112 94 2115
87 195 9577
87 342 8821
87 35 6630
87 144 9488
87 581 5864
87 642 4088
87 689 5249
87 300 9323
87 156 2529
87 521 5714
581 594 2172
581 582 3519
581 438 6642
581 638 1389
581 29 406
581 521 9779
581 499 3604
581 180 7517
582 444 5918
582 207 3899
582 636 4521
582 395 3409
582 248 3865
582 610 9526
582 397 9809
582 543 841
636 35 5803
636 253 8131
636 93 5853
636 260 572
636 415 246
636 44 5429
636 411 5744
636 326 3227
636 651 1268
260 444 1608
260 671 7315
260 607 6516
260 673 930
260 562 6195
260 258 8581
260 216 9453
260 130 9713
260 181 5223
260 555 842
260 557 118
260 49 1353
260 40 797
673 414 3987
673 69 7270
673 144 4695
673 410 4859
673 5 7030
673 158 8559
673 694 4384
673 220 3190
673 527 9400
673 649 6538
673 98 7673
673 142 1604
673 176 3461
673 625 7918
673 94 3384
673 563 9205
410 595 1144
410 110 4651
410 72 812
410 583 4810
410 649 7518
410 287 8093
410 633 7356
410 37 2451
410 521 7546
110 422 7068
110 679 4025
110 144 4739
110 8 3538
110 619 5377
110 79 5535
110 544 3876
110 640 8998
79 16 229
79 661 8734
79 424 2379
79 579 5139
79 628 9469
79 632 5568
79 81 890
79 399 2358
79 323 3240
79 625 8845
628 370 5818
628 650 7509
628 491 2228
628 378 5022
628 118 5005
370 416 3230
370 377 2185
370 622 9814
370 522 748
370 264 6630
370 583 7170
370 415 3198
370 216 4175
370 43 589
370 392 3574
264 538 8913
264 547 478
264 522 8950
264 373 799
264 556 4353
264 395 4299
264 430 7379
264 98 9438
264 478 6677
264 247 2517
264 28 8906
264 251 2244
264 563 9759
373 436 1263
373 255 1836
373 357 8603
373 653 7081
373 443 9344
373 162 7183
373 400 8454
255 269 4348
255 14 412
255 267 6991
255 467 514
255 177 1159
255 419 3620
255 453 4035
255 319 708
14 33 4146
14 320 975
14 206 4281
14 544 3058
14 116 1453
14 429 9582
14 159 208
14 162 2157
14 251 3880
14 280 7586
320 362 1595
320 275 556
320 587 102
320 448 500
320 151 9152
320 12 6212
362 141 8115
362 662 987
362 472 4815
362 612 1547
362 556 330
362 98 1997
362 467 6352
362 633 1030
362 512 2408
362 394 3342
556 16 7895
556 54 9919
556 331 3313
556 660 1929
556 168 6978
556 585 7458
556 84 2903
556 36 7611
556 12 515
556 563 707
84 111 7192
84 414 722
84 157 2864
84 692 7424
84 26 8307
84 579 4458
84 602 4331
84 5 4761
84 233 1309
84 531 3482
84 273 972
84 122 9423
84 47 820
84 485 2138
84 418 969
84 511 7502
84 17 486
84 55 3673
602 269 4883
602 105 9246
602 367 7014
602 658 2777
602 603 5516
602 544 327
602 666 4705
602 76 2493
602 56 7784
602 563 3959
658 660 6455
658 344 4651
658 612 4666
658 93 9999
658 72 1724
658 379 7529
658 36 7422
658 312 6383
658 280 8338
72 168 8104
72 8 7495
72 5 9646
72 685 7938
5 444 4818
5 16 9069
5 432 8757
5 515 6956
5 33 6389
5 201 2610
5 8 3793
5 510 6413
5 689 7492
5 417 3038
5 633 3427
5 23 268
510 296 4905
510 484 105
510 326 1324
510 80 7398
510 122 4240
510 418 5283
510 625 204
510 400 8890
510 208 6300
510 568 202
484 359 6966
484 371 180
484 643 3975
484 518 3348
643 359 8517
643 131 2079
643 309 7194
643 363 8162
643 427 16
643 637 2011
643 397 3582
643 78 5124
643 300 5318
643 392 6323
643 91 7734
643 499 9111
643 584 2735
427 693 5225
427 501 8500
427 604 2513
427 583 1845
427 587 3405
427 235 2617
427 339 3168
427 528 7154
427 78 3209
427 279 4802
427 28 7357
427 605 8450
583 377 7453
583 254 3911
583 149 5415
583 20 7632
583 418 7885
583 634 5114
149 188 2500
149 140 6315
149 554 2307
149 200 662
149 151 2682
140 144 670
140 340 595
140 202 7806
140 435 5987
140 395 3269
140 132 1891
140 587 1449
140 681 2356
202 269 3467
202 356 9949
202 599 4868
202 223 5311
202 178 9705
202 115 3837
202 181 4831
202 696 6858
202 312 7045
202 419 5984
202 511 566
202 280 5494
202 190 9789
178 343 4476
178 423 7261
178 603 7420
178 415 8713
178 167 2374
178 138 6272
178 78 5027
603 121 1033
603 578 3285
603 678 7709
603 435 1702
603 395 3879
603 694 1866
603 161 4040
603 303 3500
603 493 3756
435 460 5489
435 233 5855
435 415 3574
435 445 1789
435 375 722
233 21 8885
233 101 7845
233 514 910
233 417 67
233 633 1054
233 218 7954
233 402 2402
233 392 7971
233 133 9800
233 521 2190
233 15 2447
101 257 7060
101 206 5962
101 494 1159
101 220 5785
101 409 2233
206 396 2537
206 201 3169
206 275 5517
206 562 6597
206 590 4870
206 467 5747
206 624 8462
206 500 5262
275 257 9246
275 329 8569
275 562 7102
275 468 5100
275 155 2143
275 109 5242
329 369 2174
329 395 7379
329 282 3086
329 392 3083
329 298 3797
329 200 491
329 697 7389
395 622 6198
395 93 8461
395 357 7188
395 415 4740
395 147 907
395 600 599
395 653 7053
357 472 8417
357 158 2735
357 44 5637
357 218 7306
357 76 5904
357 491 1153
158 309 3902
158 33 7125
158 669 3251
158 587 2364
158 36 2386
158 584 8849
158 170 7284
158 493 5839
158 17 3948
158 2 5778
669 358 1080
669 544 2473
669 562 3156
669 366 4165
669 577 5556
669 696 3304
669 486 4655
544 121 9296
544 317 5854
544 35 9468
544 318 2835
544 592 593
544 542 374
544 81 3433
544 691 7645
318 494 5143
318 649 2519
318 123 3281
318 208 2448
494 121 4774
494 26 785
494 562 2701
494 637 1899
494 153 387
562 652 1416
562 399 636
562 681 9235
562 567 8700
562 251 6475
652 569 9535
652 570 4477
652 694 7554
652 100 2007
652 279 3985
652 56 8071
694 267 3914
694 193 7288
694 653 9077
694 433 3209
694 568 3141
267 406 8544
267 248 6043
267 247 85
267 56 5270
267 563 5827
248 38 4081
248 525 6764
248 430 8346
248 276 3713
248 244 9211
248 138 3119
248 584 849
248 180 8263
248 280 1369
430 95 1236
430 38 9679
430 592 2005
430 649 470
430 467 8378
430 235 4831
430 123 4
430 577 9206
430 251 8736
592 121 8363
592 551 9542
592 105 3158
592 334 2276
592 462 3182
592 273 2235
592 450 5485
592 80 6322
592 433 7130
592 303 1527
462 616 2759
462 530 8751
462 153 3706
462 177 6839
462 36 5514
462 666 2051
462 122 6904
462 15 1076
462 477 1521
616 570 7752
616 594 9339
616 632 2890
616 276 8987
616 116 9017
616 339 1246
616 392 5809
616 3 3746
616 155 2428
632 163 2164
632 193 9303
632 298 1163
632 458 526
632 697 8845
193 472 4321
193 301 2802
193 530 2026
193 450 2907
193 601 4638
301 160 4699
301 449 36
301 547 6164
301 220 3809
301 36 5139
301 557 6221
301 155 7000
301 109 652
220 379 8271
220 328 3903
220 403 1728
220 156 6144
220 681 1654
220 162 7418
220 187 5385
379 619 6993
379 283 6434
379 530 2982
379 500 2801
379 537 6531
379 509 5409
379 66 1316
379 651 5833
283 161 6571
283 279 1842
283 109 1029
161 570 7243
161 243 995
161 527 9406
161 665 149
161 402 5632
161 447 4105
527 217 6537
527 552 8147
527 496 7913
527 515 1675
527 105 4368
527 415 1264
527 530 2326
527 514 8990
527 637 5166
527 468 405
527 384 5133
527 680 3172
415 331 7822
415 105 6869
415 406 164
415 219 607
415 276 9850
415 491 9316
415 266 3489
415 605 1610
276 317 631
276 515 5674
276 654 4533
276 139 8824
276 263 6702
276 228 1775
276 247 9818
276 40 6108
276 336 1924
276 171 5449
139 489 6564
139 119 8460
139 538 3596
139 590 828
139 642 6486
139 509 7963
590 540 2092
590 423 8811
590 59 6952
590 531 7257
590 154 5568
590 588 8437
590 509 6780
531 540 9741
531 525 1657
531 132 6943
531 116 6700
531 557 1507
531 512 2610
531 354 188
132 530 9468
132 587 3241
132 635 2213
530 93 4000
530 542 8416
530 649 5267
530 244 5775
530 328 8234
530 366 1374
530 29 7698
530 386 3682
530 651 4289
530 563 2509
542 396 7277
542 423 5116
542 48 8994
542 649 1591
542 304 3559
542 92 4156
542 122 8543
542 298 816
649 268 9723
649 369 3331
649 513 3947
649 599 5816
649 594 4987
649 188 890
649 44 2515
649 328 2845
649 486 9851
649 543 9054
649 493 2313
44 470 9443
44 241 7619
44 594 6312
44 98 7859
44 328 2885
44 66 8438
44 251 6092
98 16 610
98 69 6135
98 26 9773
98 81 4898
98 30 4995
98 278 3402
98 528 6365
98 577 340
98 256 4992
81 207 9924
81 406 4496
81 492 9886
81 553 7091
81 116 570
81 246 3216
81 142 1037
81 151 2737
553 317 4555
553 243 8278
553 650 5251
553 130 7399
553 97 8129
650 489 657
650 77 9711
650 604 7571
650 646 4627
650 570 2375
650 467 5429
650 446 7511
650 100 812
650 349 1520
650 312 8120
650 155 3299
650 401 7645
650 584 3017
650 651 4645
650 461 1046
467 695 5733
467 668 4985
467 388 2389
467 73 5656
467 577 9480
467 311 2275
467 644 2746
73 492 6401
73 244 1842
73 403 3783
73 247 9138
73 400 2748
73 17 8412
244 254 740
244 26 147
244 289 6540
244 399 7748
244 468 6209
244 464 4111
244 325 2374
244 485 4935
244 335 9539
289 219 9884
289 514 5747
289 30 7411
289 446 4355
289 147 5397
289 50 5055
514 662 7371
514 257 41
514 406 2452
514 52 3104
514 610 5025
514 218 1192
514 402 5111
514 279 856
514 361 9818
514 12 4209
610 105 3609
610 341 8012
610 123 4343
610 554 2746
341 396 759
341 388 2754
341 328 3485
341 169 905
341 609 9294
341 535 1233
341 545 7114
341 209 3404
341 40 9958
341 91 2048
341 458 9294
341 151 9842
341 240 4146
328 191 6704
328 241 4196
328 399 9542
328 123 8110
328 92 7919
328 88 5935
399 241 6913
399 313 7374
399 463 7311
399 655 8105
399 638 8836
399 477 4519
399 319 4274
399 266 3044
399 393 8127
313 54 2285
313 383 7386
313 30 872
313 381 3044
313 235 140
313 512 708
30 214 3948
30 243 9433
30 411 8292
30 216 7413
30 263 9188
30 390 8250
30 246 5813
30 685 8481
411 522 4443
411 406 6310
411 594 1537
411 243 4990
411 307 2204
411 169 5998
411 566 9260
411 319 8138
307 52 9263
307 332 6633
307 366 1800
307 45 3719
307 394 5469
307 408 6318
332 364 7992
332 463 8512
332 533 4444
332 240 277
463 343 2250
463 225 1667
463 8 3320
463 593 2389
463 115 2375
463 417 3619
463 34 1821
463 408 7018
115 356 7384
115 211 1008
115 665 5267
115 554 3196
115 568 5840
665 676 6061
665 330 9505
665 86 7376
665 188 1051
665 690 8060
665 478 9726
665 635 310
690 421 2549
690 688 8988
690 595 3295
690 253 4349
690 175 2706
690 76 5115
690 17 666
175 95 697
175 340 9978
175 637 1462
175 288 7325
175 696 2227
175 176 3128
175 302 644
175 521 4615
175 15 1854
175 375 615
175 187 2787
637 607 8872
637 446 7998
637 36 146
637 545 4138
637 403 1193
637 518 2338
637 124 6551
637 680 7049
637 251 6065
637 408 7601
446 678 1461
446 660 5790
446 19 4262
446 191 4009
446 364 4777
446 38 7556
446 258 8357
446 6 3834
446 169 9022
446 235 9023
446 478 4531
446 486 9000
258 33 6836
258 612 1855
258 570 7578
258 100 9963
258 273 8851
258 478 8545
258 184 1817
100 70 9465
100 668 1331
100 547 688
100 355 3814
100 406 7829
100 424 1177
100 655 1358
100 311 166
100 445 4079
100 109 4758
655 396 6230
655 196 1679
655 513 6218
655 242 2020
655 326 2293
655 433 227
655 524 3148
655 691 6200
655 200 8583
655 511 6982
655 56 5222
242 254 3957
242 243 7864
242 6 4221
242 351 7144
242 298 6070
242 596 8150
242 170 7107
242 375 1272
6 421 6694
6 660 5275
6 241 7088
6 607 8025
6 366 2314
6 468 901
6 20 2205
6 512 9842
6 691 2258
366 116 2370
366 642 3921
366 478 3368
366 319 4951
116 470 1951
116 282 9585
116 210 6970
116 554 4243
116 448 6163
116 394 6470
116 325 443
116 97 1098
116 17 9803
282 243 5664
282 642 1406
282 685 7666
282 279 6236
642 414 8550
642 432 87
642 287 4385
642 20 2008
642 605 1359
287 515 1079
287 86 7282
287 45 8446
287 273 5455
287 545 5947
287 80 5699
287 339 7659
287 325 5788
287 47 4308
287 247 6380
287 302 9708
287 588 7675
287 511 1330
45 53 1659
45 449 7260
45 355 4652
45 438 2253
45 167 3422
45 78 1121
45 448 2695
45 49 871
45 474 923
45 56 4710
438 125 2277
438 397 4940
438 216 945
438 78 826
438 154 5026
438 47 1682
438 361 2833
438 15 2736
397 163 9112
397 95 6466
397 367 1182
397 340 918
397 216 2412
397 246 3232
397 92 4928
397 537 8199
397 15 7539
216 676 1307
216 169 4259
216 43 5214
216 624 8988
169 355 2269
169 587 8825
169 49 9991
169 378 4521
169 651 8598
587 355 1111
587 273 3568
587 464 9469
587 433 8385
587 270 8277
273 60 1745
273 263 9676
273 479 5574
273 323 2570
273 325 1054
273 584 7255
263 153 1754
263 639 3789
263 447 2718
263 598 8219
263 596 1322
153 449 3635
153 19 630
153 43 4553
153 468 8562
153 403 8828
153 584 2092
153 461 6220
153 88 9438
43 599 7305
43 48 1559
43 304 1706
43 609 2481
43 683 1550
43 400 2579
304 424 1078
304 223 9012
304 177 6146
304 445 546
177 201 3749
177 103 4422
177 36 8642
177 601 3424
177 491 9995
177 280 1211
36 243 4477
36 130 3601
36 528 9316
36 577 4618
36 635 6318
36 681 7534
36 523 5939
36 598 6304
130 348 8163
130 666 492
130 596 1217
666 689 3343
666 91 2583
666 184 7436
666 137 9132
689 19 6239
689 201 8995
689 86 838
689 609 8719
689 288 544
689 50 3416
689 445 6148
609 214 9555
609 638 9561
609 278 3046
638 585 3303
638 417 334
638 479 1687
638 468 3079
638 433 6681
638 302 9250
638 12 3907
638 354 281
417 695 8565
417 676 8524
417 547 2951
417 253 6099
417 570 4463
417 390 5606
417 464 613
417 159 1306
417 302 6823
417 9 307
390 595 3888
390 348 610
390 246 9439
390 545 6478
390 210 5956
390 691 6628
390 651 1548
246 342 2851
246 60 6395
246 296 7695
246 479 8758
246 640 2307
246 683 740
479 294 8412
479 660 2640
479 225 8779
479 381 1490
479 402 9320
479 279 8028
479 346 5397
479 563 5953
381 348 6592
381 93 272
381 535 5255
381 450 9042
381 279 4734
381 325 7212
381 266 6007
535 120 6039
535 513 4034
535 144 6313
535 326 6278
535 80 996
535 325 2103
535 443 9107
535 170 6951
326 207 5082
326 103 7006
326 450 6154
326 639 1476
326 94 4701
326 386 4911
450 406 3782
450 525 1792
450 585 3322
450 235 2774
450 685 6922
450 277 4812
450 600 8445
450 209 4949
235 77 6560
235 676 4397
235 144 1541
235 310 3183
235 545 6003
235 685 6934
235 639 4269
235 167 3215
235 499 2940
235 137 6659
545 421 3600
545 654 9253
545 86 9289
545 188 947
545 633 7707
545 49 8395
545 521 4250
545 697 2789
633 340 5401
633 39 403
633 159 4264
633 28 6453
633 349 5313
633 400 4398
633 208 4596
633 461 4986
39 69 7171
39 168 1518
39 218 9797
39 49 5615
39 651 6466
218 241 2708
218 123 6364
218 635 4358
218 457 2243
218 644 2366
218 445 1292
218 208 6511
218 109 1932
123 640 4231
123 61 3169
123 386 1884
640 532 9835
640 478 2457
640 49 9182
640 346 7542
640 266 852
640 208 3431
478 21 6682
478 92 2604
478 154 3833
478 566 7297
478 222 9056
478 280 5497
92 147 1694
92 533 3
147 685 483
147 557 8864
147 351 1520
147 680 6631
147 170 4479
685 593 4338
685 639 5691
685 524 842
685 634 8695
685 222 7933
685 461 9559
639 466 9986
639 654 4443
639 210 7843
639 279 569
639 653 7611
639 521 6078
639 567 403
639 700 6420
210 402 5259
210 696 4296
210 433 3623
210 457 5042
210 66 977
210 171 6226
402 196 5226
402 688 8274
402 522 1633
402 468 723
402 375 9967
468 363 1635
468 449 7557
468 522 5183
468 278 3155
468 464 4187
468 635 9661
278 196 7492
278 76 6229
278 347 6854
278 135 2538
278 302 4161
278 346 2764
278 634 2524
76 219 4955
76 409 6958
76 680 9444
76 171 8918
409 228 3035
409 155 9846
228 595 5337
228 547 4646
228 80 494
228 528 8959
228 247 6039
228 155 1470
228 298 1536
80 585 1264
80 142 6095
80 491 3168
80 303 8338
80 684 2414
80 568 1154
142 513 5894
142 144 7596
142 167 4308
142 429 6433
142 448 3608
142 521 8151
167 125 2661
167 340 6813
167 122 7041
167 288 3174
122 466 9576
122 181 5916
122 298 8128
181 388 2886
181 692 5359
181 225 3397
181 21 2272
181 204 5204
181 653 8733
181 433 6917
181 499 2049
181 319 4043
204 692 9307
204 554 3519
204 577 5578
204 500 571
204 302 5965
204 15 5097
204 88 8908
204 337 8378
554 323 6251
554 247 1154
323 201 5973
323 339 6910
323 251 7586
323 408 5932
339 347 1413
339 270 6598
347 334 2744
347 429 8453
347 566 9771
429 692 2320
429 277 4368
429 281 4251
429 614 1557
277 253 9726
277 528 7647
277 577 3828
277 493 1281
528 53 2732
528 374 745
528 555 3330
528 443 6774
528 346 6403
555 688 3200
555 297 8704
555 211 6973
555 20 9164
555 588 3800
20 423 2233
20 601 3894
20 107 6402
20 312 3386
20 493 6218
20 375 3312
601 619 7323
601 107 2150
601 557 4724
601 691 3920
107 293 4893
107 607 3176
107 60 43
107 253 3564
107 211 3895
107 138 4293
107 288 5120
107 159 9972
107 453 1939
138 37 8948
138 577 1252
138 493 1022
138 137 6044
37 33 933
37 522 7796
37 78 8798
37 523 484
37 336 6499
37 408 5771
78 33 6000
78 367 6650
78 192 8003
78 279 9893
78 623 3052
192 201 7740
192 593 6110
192 288 2715
192 386 5062
192 605 4611
288 223 7438
288 577 5333
288 491 9504
288 500 6965
288 567 5375
577 513 9419
577 532 859
577 223 6019
577 579 891
577 491 830
577 90 4310
577 400 6190
491 618 8433
491 205 5331
491 26 8585
491 219 5718
491 525 9478
491 464 7382
491 256 6201
464 344 5976
464 241 3152
464 403 2200
464 156 8978
464 419 7506
464 187 8444
403 384 8381
403 159 1597
403 412 906
403 539 1095
403 386 3010
384 618 5516
384 207 4884
384 358 8343
384 279 1371
384 266 1848
384 543 69
279 300 790
279 312 9058
279 281 6088
279 135 8032
279 684 6239
300 154 6749
300 312 4221
300 346 4671
300 266 2079
300 605 9157
154 466 6740
154 168 1557
154 364 6538
154 593 9293
154 243 3884
154 624 6042
154 566 7844
154 94 9213
154 171 9899
624 38 6288
624 29 7593
624 156 1496
624 696 7193
624 133 8687
624 691 857
624 240 9060
29 557 3570
29 156 5551
29 635 431
557 595 1769
557 296 5620
557 211 1220
557 34 826
557 412 8059
557 419 5603
557 584 7064
34 355 1159
34 48 6175
34 600 8087
34 523 3237
34 180 5331
34 118 1178
34 240 1145
600 654 1868
600 525 470
600 93 1381
600 512 4261
600 419 8314
512 351 593
512 40 4160
351 604 953
351 168 4538
351 334 2007
351 156 4497
351 683 9576
351 251 2863
351 461 3556
156 513 3146
156 448 8414
156 392 3986
156 681 1266
156 337 385
448 201 1557
448 394 8444
448 588 4795
448 94 7159
394 225 1859
394 105 5953
394 447 3333
394 614 9945
447 59 5541
447 86 5015
447 518 7475
447 486 6686
518 449 6883
518 201 7944
518 90 4418
518 319 1143
518 208 2609
518 697 5010
90 449 1654
90 607 9913
90 243 9547
90 696 3660
90 598 4409
90 118 9123
90 88 2875
696 522 4317
696 325 8620
696 486 7640
696 443 8302
696 458 6237
325 223 4376
325 392 6211
325 634 4680
325 465 9170
325 17 9721
392 646 6539
392 570 1474
392 47 9406
392 176 2835
392 691 7014
392 256 4420
392 180 309
392 56 51
47 26 7654
47 60 4605
47 570 4468
47 32 8797
47 349 3565
47 40 5830
47 335 6802
47 517 3478
32 472 1728
32 364 6814
32 159 4238
32 651 7202
159 585 9688
159 124 4906
159 521 2173
159 251 3679
124 105 3208
124 334 8410
124 49 8054
124 184 5770
49 364 3089
49 358 3575
49 243 5490
49 500 9627
500 364 5048
500 176 4895
500 99 2462
500 23 8413
176 355 5667
176 48 9122
176 340 4816
176 594 3320
176 635 3726
176 457 9283
176 543 8468
635 653 3643
653 38 1464
653 52 5270
653 226 3472
653 97 9544
226 21 2083
226 361 7709
226 568 6745
226 109 8122
361 466 2615
361 681 8918
361 453 1800
361 493 2174
681 247 7327
681 378 9853
681 521 4295
681 517 6767
681 184 3427
247 201 9784
247 607 2746
247 28 4826
247 155 1031
247 346 1559
247 266 3238
247 445 3049
28 38 680
28 412 8053
28 378 6368
28 133 758
28 208 3688
412 168 4836
412 21 4400
412 349 1503
412 222 6457
349 38 7871
349 566 1046
349 401 4891
349 303 1931
349 256 7791
566 630 3012
566 200 897
566 335 3060
566 240 4811
630 378 9422
630 303 6738
630 50 1015
630 208 3716
378 523 3504
378 623 793
523 612 9852
523 209 6249
523 133 5618
209 40 882
209 509 7807
209 465 5207
209 55 3930
40 654 8487
40 219 9612
40 485 6649
40 598 5596
40 543 3299
40 12 7836
40 171 9995
485 201 1153
485 61 644
485 418 4217
485 88 2199
61 86 5534
61 433 2499
61 486 6341
61 445 8545
433 472 3396
433 364 9400
433 593 9707
433 598 2817
433 312 6137
433 567 7073
598 241 6533
598 3 9640
3 661 7865
3 348 6384
3 486 2241
3 477 9834
3 683 3617
3 118 47
3 465 1393
486 21 3898
486 310 4885
486 312 1004
486 346 6898
486 118 480
486 543 654
486 568 4734
312 21 6826
312 443 1806
312 477 5377
312 311 1042
312 99 356
312 539 911
443 168 3541
443 654 3048
443 223 5807
443 155 3288
443 99 2447
443 97 1866
155 419 6104
155 445 4935
419 406 8938
419 162 8988
419 584 927
162 661 3155
162 281 1723
162 335 3167
162 137 9340
281 38 1691
281 626 9565
281 200 732
281 567 5588
626 525 4450
626 298 8087
298 401 8838
298 372 1281
298 509 8740
401 133 3571
133 334 8107
133 594 6898
133 524 5299
133 521 5500
133 97 3605
524 91 2561
524 270 5392
91 691 6653
91 477 8368
91 180 5031
691 607 9099
691 533 233
691 509 7487
691 137 386
691 23 5522
533 296 6474
533 303 1312
533 222 8676
533 337 4549
533 697 830
303 135 4368
135 355 6239
135 59 394
135 348 5099
135 302 8179
135 445 1195
302 358 3186
302 65 3368
302 346 8828
302 137 8277
65 588 6938
65 336 6934
65 170 5174
65 511 2236
65 605 8785
65 9 5131
588 346 4797
346 355 529
346 310 1783
346 223 9516
346 646 5559
346 680 7233
680 200 6100
680 623 3045
200 406 7618
200 521 7973
200 477 5871
200 567 5281
521 219 6649
521 253 419
521 50 2462
521 335 7368
521 465 3009
50 293 2856
50 537 2466
50 180 7539
50 9 402
537 103 2003
537 223 7258
537 348 9229
537 499 280
537 336 4195
499 256 2514
499 623 1805
499 137 2783
256 38 7651
256 612 6935
256 418 3931
256 270 8179
418 625 5069
418 372 9798
418 55 3737
418 109 2302
625 593 5897
625 612 3134
625 596 6271
596 336 3869
596 99 9004
336 372 7904
336 240 6869
336 375 5774
336 568 365
372 367 4236
372 570 5134
372 584 9572
372 17 3054
584 15 9025
584 458 6326
15 453 5056
15 393 6282
453 477 5554
453 187 1687
477 683 6829
477 457 4420
477 623 3492
683 311 5963
311 570 2070
311 492 6778
311 458 9893
311 266 248
311 543 1847
311 511 9690
458 180 336
458 509 500
458 280 1938
180 457 9821
180 511 3122
457 319 5806
319 634 5176
319 509 1025
634 118 9027
118 253 949
118 99 1390
118 170 9614
118 184 2435
99 151 7313
99 66 2667
151 509 7811
151 2 3638
509 594 4075
509 567 444
567 60 5544
567 684 5761
567 651 7272
684 266 9963
266 644 9252
644 335 3234
644 461 2032
644 697 2382
335 424 9478
335 170 8631
335 56 4228
335 109 9167
170 465 5318
170 171 1079
170 23 1104
465 358 5139
465 543 4200
465 270 3262
543 400 314
543 386 5225
400 211 8640
400 240 7615
400 280 2966
400 375 8253
240 297 6401
240 93 6630
240 243 7272
240 97 4211
97 94 268
97 270 1346
94 188 4654
94 270 5811
270 539 7106
270 375 8278
270 697 5773
539 445 2710
539 222 1511
445 86 4156
445 66 5091
445 568 989
66 585 2786
66 386 5670
66 337 6507
386 623 4455
386 222 6748
623 511 3963
623 280 5945
623 393 947
511 474 3576
511 354 6259
474 358 2523
474 211 2215
474 12 225
12 358 1840
12 493 6819
12 563 2977
493 585 8470
493 251 4090
251 651 7187
651 222 8737
222 208 1787
208 517 8192
208 56 899
208 187 8893
517 188 2821
517 184 3023
184 280 7954
280 461 684
461 17 7178
461 686 3044
17 137 8024
137 492 6315
137 686 8713
137 171 4530
686 375 7121
375 614 5460
375 354 4844
375 700 3066
614 171 2758
171 93 8419
171 88 5676
88 190 5281
190 337 6985
337 2 5900
2 605 3472
605 56 156
605 700 8876
56 23 1941
23 354 597
354 568 2414
568 563 7029
563 187 2384
187 408 6957
408 55 7927
55 697 7628
697 393 9778
393 109 7301
109 9 1933
9 700 461
