30 300
0
0
1
1
1
1
0
1
1
1
1
1
1
0
0
1
1
0
1
0
1
0
1
0
1
1
1
0
0
0
1 24 555
1 7 1125
1 22 7100
1 29 2874
1 10 5653
1 14 2399
1 15 4814
1 2 2450
1 13 6928
1 26 3209
1 3 9904
1 21 5248
1 19 9855
1 18 2386
1 20 8354
1 6 230
24 7 654
24 22 1909
24 23 5671
24 5 6587
24 9 2380
24 14 6182
24 15 8308
24 4 7246
24 2 2358
24 25 3026
24 26 9402
24 11 9515
24 3 8754
24 21 7414
24 12 2465
24 27 5660
24 18 8538
24 20 5916
24 6 8533
24 8 4190
7 16 4667
7 29 3346
7 17 2991
7 23 7946
7 9 2906
7 10 2894
7 15 3193
7 4 2760
7 2 5279
7 25 1547
7 13 2989
7 26 2285
7 11 9807
7 21 5011
7 12 5223
7 27 8538
7 19 7545
7 20 3530
7 6 5783
7 8 9902
7 30 6555
16 22 5185
16 29 9416
16 17 1660
16 23 8950
16 5 8232
16 9 7319
16 14 7487
16 15 500
16 4 5851
16 25 8028
16 28 5166
16 26 5548
16 11 1018
16 3 3111
16 19 8453
16 18 3912
16 6 6304
16 8 7564
16 30 5542
22 29 4202
22 17 552
22 23 4178
22 9 360
22 10 1915
22 4 9400
22 2 8898
22 25 9459
22 13 9281
22 28 1032
22 11 9360
22 27 2188
22 19 6216
22 18 5127
22 20 3847
22 6 1517
29 17 9711
29 23 1166
29 5 9003
29 9 210
29 10 3368
29 14 7030
29 15 5375
29 25 5268
29 13 4400
29 26 4837
29 11 72
29 3 4663
29 19 7492
29 30 7636
17 23 204
17 5 1693
17 9 4539
17 10 734
17 4 8405
17 25 6453
17 28 6485
17 26 7302
17 11 5911
17 3 5766
17 27 8333
17 20 1622
17 8 7953
17 30 901
23 5 3101
23 10 1799
23 14 2417
23 15 9163
23 11 2964
23 27 7772
23 19 9372
23 18 2684
5 9 1153
5 10 1098
5 14 7951
5 15 5552
5 4 5934
5 2 8022
5 25 214
5 28 3426
5 26 5657
5 19 418
5 20 1470
5 8 6548
5 30 7503
9 10 9874
9 14 3000
9 4 3987
9 2 3527
9 13 5263
9 28 9752
9 26 8212
9 11 3236
9 3 4056
9 18 5464
9 20 6336
9 6 5855
9 8 4232
9 30 5498
10 14 5170
10 4 8355
10 2 1221
10 28 7853
10 26 9508
10 19 2318
10 20 2155
10 6 5059
10 8 4604
10 30 177
14 15 5273
14 4 4381
14 28 2185
14 26 2042
14 11 5850
14 3 8732
14 20 9544
14 6 2076
14 8 8084
15 4 9882
15 13 1954
15 28 9698
15 26 5986
15 11 6517
15 3 2933
15 18 41
15 6 8332
15 8 5621
15 30 2247
4 2 2564
4 25 7470
4 13 3769
4 28 7270
4 3 8691
4 20 7973
4 6 6777
4 8 7360
2 25 128
2 28 1836
2 26 1963
2 11 304
2 20 7108
2 6 2695
2 8 8840
2 30 5501
25 13 8545
25 28 3924
25 26 1396
25 11 6972
25 3 8359
25 20 1277
25 8 5277
25 30 8056
13 28 3614
13 3 1794
13 6 7340
13 8 3655
13 30 125
28 26 2960
28 3 2253
28 6 9040
28 8 430
28 30 6021
26 11 6310
26 3 5472
26 30 3994
11 3 9438
3 30 2831
21 16 473
21 22 1273
21 29 1146
21 17 7128
21 23 4732
21 10 3840
21 14 5967
21 4 6584
21 2 8736
21 13 9890
21 28 7979
21 26 2059
21 11 4600
21 3 5608
21 12 7336
21 19 2655
21 18 9221
21 20 5481
21 6 9995
12 17 9227
12 23 1957
12 9 9306
12 10 1480
12 14 7349
12 15 6087
12 4 3852
12 2 3658
12 28 1558
12 26 4197
12 11 9447
12 3 4389
12 27 4669
12 19 720
12 18 5534
12 6 1796
12 8 1803
12 30 9373
27 5 4115
27 9 8387
27 10 4461
27 14 356
27 13 6365
27 28 6519
27 26 4956
27 11 1972
27 3 3854
27 19 3962
27 6 7545
27 8 9334
27 30 308
19 14 6771
19 4 7643
19 25 9614
19 13 4602
19 28 4991
19 26 5700
19 11 4806
19 3 5000
19 18 7258
19 8 5354
19 30 4446
18 2 7998
18 25 23
18 13 5165
18 28 3531
18 3 8170
18 20 3320
18 6 9255
18 30 2284
20 13 1706
20 26 67
20 3 8992
20 6 4422
20 8 6586
6 26 3947
6 8 6394
8 30 439
