50 300
0
0
0
1
1
0
0
1
0
0
1
0
1
0
0
1
0
1
1
1
0
1
1
0
0
1
0
1
1
1
1
0
0
0
0
1
1
0
0
0
1
0
1
1
1
1
1
0
1
0
1 46 6656
1 8 9497
1 17 9937
1 7 2419
1 22 990
1 36 866
1 28 9091
1 40 8814
1 5 2750
1 44 5512
1 50 8201
46 13 9129
46 32 6852
46 21 3589
46 20 4623
46 16 1995
46 28 6007
46 50 9641
13 25 3227
13 34 7140
13 32 7955
13 38 9268
13 30 7322
13 21 3549
13 20 4853
13 37 4982
13 31 8582
13 18 4776
13 15 8923
25 34 9323
25 32 4330
25 27 1930
25 24 5171
25 39 4266
25 2 700
34 32 6160
34 5 1484
34 2 9791
34 31 1326
34 18 585
34 15 1654
34 35 9526
34 50 9714
32 9 8505
32 44 3114
32 31 4336
32 50 499
9 50 9120
8 13 329
8 33 78
8 41 6260
8 20 8283
8 39 5697
8 44 9933
8 50 8183
33 46 550
33 11 4914
33 14 3116
33 6 1677
33 29 188
33 24 2439
33 37 6007
33 45 2117
33 26 7609
33 35 6624
11 25 2817
11 32 121
11 14 8107
11 6 8959
11 22 1446
11 37 8692
11 36 612
11 16 971
11 5 4757
11 42 5468
11 50 437
14 17 9092
14 47 2318
14 49 9556
14 4 5772
14 45 2395
14 5 2167
14 44 406
14 35 8092
14 50 8452
17 32 4941
17 48 4993
17 38 3365
17 12 8056
17 19 6669
17 15 9905
17 35 6846
48 25 9027
48 32 2021
48 43 807
48 41 2003
48 49 1189
48 40 927
48 26 109
48 5 6499
48 39 2372
48 44 5152
48 2 7110
48 15 9694
48 35 9908
43 25 2577
43 32 6482
43 7 5352
43 29 1247
43 49 2390
43 36 7475
43 31 3641
43 18 4556
43 50 7881
7 34 8084
7 47 3007
7 41 2821
7 10 3076
7 30 2724
7 37 876
7 5 6097
47 32 2628
47 41 7722
47 29 1475
47 23 1000
47 20 4880
47 27 3477
47 37 8541
47 36 5806
47 4 9938
47 19 5039
47 28 4529
47 45 1441
47 39 8501
47 44 574
47 18 7701
41 6 7429
41 23 7056
41 20 9404
41 3 8675
41 12 9445
41 19 6878
41 28 2316
41 26 352
41 44 4758
41 2 6751
6 10 9711
6 38 3930
6 21 6179
6 27 2434
6 37 1158
6 19 8627
6 26 1413
6 39 5231
6 31 101
6 18 8764
10 29 110
10 20 9930
10 12 3656
10 16 2267
10 28 6219
10 45 8695
10 44 6795
10 35 7659
29 23 3547
29 49 3720
29 37 5359
29 16 975
23 38 775
23 49 4762
23 37 9650
23 40 219
23 39 7992
23 2 8317
23 15 6923
38 9 9101
38 30 1419
38 3 6633
38 37 3031
38 36 7597
38 28 9066
38 40 540
38 26 6223
38 44 6830
30 9 5770
30 21 2676
30 20 1945
30 45 5879
30 2 8957
30 31 5601
30 15 4497
21 9 5175
21 20 647
21 5 1291
20 9 2833
20 22 4193
20 3 5010
20 37 4544
20 40 5167
20 26 2137
20 5 5657
20 2 1168
20 31 8707
22 9 3648
22 49 5836
22 35 5629
22 50 2749
49 32 7255
49 3 2261
49 28 2131
49 5 1203
49 39 7678
3 27 2670
3 24 3778
3 19 4507
3 35 4791
3 50 2805
27 12 6452
27 4 669
27 5 1761
27 18 8404
12 9 1517
12 24 6935
12 4 9050
12 19 2807
12 28 6119
12 5 3242
12 31 4168
12 18 662
12 15 8408
24 32 2656
24 37 2671
24 39 5928
24 50 1363
37 32 6318
37 36 8115
37 19 6991
37 28 5418
37 40 5369
37 39 9252
37 44 3900
37 15 2924
37 50 6929
36 32 6569
36 16 6701
36 19 7788
36 40 1359
36 35 9505
16 4 591
16 19 8379
16 28 7617
16 45 8994
16 42 9895
16 18 4551
16 35 8043
4 19 9053
4 26 7021
4 44 1284
4 2 9573
4 31 7683
19 28 6043
19 26 2228
19 5 6705
19 2 8322
28 45 3590
28 42 9374
45 32 6437
45 40 581
45 39 4792
45 44 1805
45 18 6184
45 15 8691
40 26 1080
40 5 9464
40 39 1612
26 32 7780
26 5 7251
26 44 9322
26 15 3636
5 39 4193
5 42 7701
5 35 1252
5 50 3186
39 44 3947
39 31 2154
39 18 7580
44 2 9352
44 15 9175
2 9 8863
2 42 8924
42 31 3209
42 18 1258
42 15 1151
31 18 9913
31 15 9579
18 15 1093
18 50 9286
15 9 6015
15 35 1673
35 50 429
