100 500
0
0
1
1
1
1
0
0
1
1
1
0
0
1
0
0
0
1
1
1
0
1
0
1
0
0
1
0
0
0
1
0
0
1
1
1
0
1
0
1
0
1
0
0
1
1
1
1
1
1
1
1
0
1
1
1
0
0
1
1
1
1
0
0
0
0
0
1
1
1
0
1
0
1
0
1
0
1
1
0
1
1
0
1
0
1
0
0
0
1
0
0
0
0
0
0
0
1
0
0
1 88 4287
1 16 4349
1 28 6916
1 96 2209
1 40 5335
1 91 8310
1 30 6051
1 23 5005
1 62 5800
1 31 2840
1 93 645
88 44 2129
88 61 2298
88 58 6772
88 18 4275
88 31 9491
88 68 6700
88 83 2918
88 56 1939
88 46 4964
88 76 3739
88 87 477
44 16 6489
44 58 5920
44 92 4673
44 100 919
16 84 2625
16 93 3496
16 94 7195
16 49 4894
16 46 8692
16 98 1481
16 100 5594
84 2 5607
84 54 41
84 67 929
84 3 3917
84 85 6091
2 99 5933
2 85 9716
99 28 8930
99 24 6577
28 100 8197
96 40 7580
96 12 9700
96 89 2471
96 69 3422
96 35 2751
96 32 1740
96 87 5360
40 27 7714
40 45 5479
40 13 2189
40 78 554
40 54 7750
40 26 6861
40 32 7824
40 100 6727
27 38 356
27 25 5018
27 34 1620
27 20 5400
27 17 2850
27 46 7213
27 4 1006
27 87 2890
27 33 4493
38 37 1274
38 34 8981
38 60 6777
38 100 990
37 80 4262
37 59 9706
37 13 5538
37 70 1841
37 64 9405
37 8 4360
37 49 1614
37 46 8508
80 44 6099
80 84 6974
80 66 2573
80 11 7929
80 25 5514
80 19 9479
80 4 2031
66 95 8726
66 29 7302
66 25 8757
66 31 5434
66 53 2320
66 26 6728
66 57 833
66 87 5169
95 44 292
95 59 1838
95 50 8059
95 25 4785
95 31 9464
95 3 3391
95 57 1561
95 5 453
95 52 4004
95 6 1266
59 2 2342
59 99 2197
59 11 7023
59 12 6701
59 4 3810
59 24 1882
11 84 9151
11 71 7135
11 29 806
11 41 7080
11 25 9000
11 48 284
11 54 5462
11 65 7726
11 26 7586
11 90 4218
11 100 3159
71 16 6257
71 29 945
71 41 3991
71 70 7777
71 23 1236
71 83 2180
71 15 2187
29 88 2372
29 77 1643
29 41 5577
29 63 285
29 9 8447
29 8 5933
29 49 7902
29 5 788
29 75 8129
29 33 4924
77 14 3840
77 91 8290
77 47 3157
77 82 2991
77 86 5425
77 54 3963
77 3 6422
77 81 4424
14 44 4246
14 91 1883
14 58 2149
14 19 8183
14 22 2452
14 70 1659
14 62 4439
14 53 3396
14 56 5649
14 57 2216
14 60 983
91 44 7829
91 41 4402
91 61 3355
91 34 5823
91 43 6331
91 21 3639
91 68 4270
41 7 2263
41 51 1540
41 83 5057
41 56 6743
41 15 2816
41 39 5249
41 100 5032
7 84 5972
7 50 8239
7 12 456
7 51 6286
7 30 1012
7 22 1232
7 68 532
7 92 2894
7 98 9732
7 5 8714
7 85 1697
50 2 1391
50 47 9505
50 45 5092
50 51 3391
50 58 1720
50 86 6074
50 57 7571
50 39 2473
47 99 5780
47 12 3394
47 63 8803
47 55 9418
47 70 7663
47 3 7417
47 73 7310
47 36 9071
47 4 4159
12 45 125
12 74 4319
12 20 9191
12 83 2448
12 90 8909
12 98 5998
12 39 8734
45 51 6272
45 30 3581
45 13 5617
45 74 5517
45 86 9665
45 76 682
51 30 7213
51 74 1055
51 79 186
51 19 2304
51 33 797
30 84 8257
30 82 4730
30 61 8368
30 48 730
30 56 509
30 52 1761
82 84 5884
82 99 6279
82 28 5775
82 25 3301
82 72 9940
82 20 4845
82 54 3811
82 5 6416
82 100 5516
25 99 9353
25 61 8863
25 58 776
25 48 1703
25 31 3948
25 49 7048
25 67 5283
25 5 9564
61 13 2564
61 93 4947
61 42 246
61 3 6129
61 46 2353
61 26 431
61 76 8432
61 24 3150
13 2 5040
13 34 9513
13 22 7869
13 69 5769
13 67 6374
13 3 5981
13 60 1652
13 85 9004
34 74 1755
34 62 1304
34 98 8943
34 75 2951
74 89 1467
74 58 5358
74 63 4818
74 23 819
74 39 572
89 79 5594
89 22 2521
89 83 4520
89 76 8993
79 78 4156
79 90 4083
79 5 7908
79 24 5454
78 58 680
78 53 4036
78 26 4159
78 87 7463
58 63 8820
58 55 3660
58 20 2502
58 42 8332
58 3 1528
58 57 4622
58 90 1057
58 24 3860
58 6 2625
63 99 60
63 28 5614
63 72 3929
63 48 5354
63 9 4916
63 54 1747
63 49 711
63 67 9734
63 52 2565
63 75 7635
63 15 1679
63 6 1438
72 19 2154
72 10 7023
72 9 1945
72 55 2588
72 70 4930
72 64 3750
72 68 9620
72 42 5318
72 4 7908
19 28 7082
19 48 4137
19 55 1567
19 62 5935
19 98 8820
19 24 9446
48 10 556
48 20 9877
10 84 3305
10 22 3180
10 97 6288
10 21 5270
10 93 3460
10 49 1642
10 33 6538
10 39 1558
22 9 8704
22 56 2623
22 73 4123
22 24 2690
22 33 653
9 28 1912
9 97 4843
9 94 7675
9 4 3856
97 84 3783
97 86 8956
97 21 7605
97 54 3402
97 65 4273
97 46 1865
97 57 6835
97 4 4761
86 55 3431
86 68 9121
55 70 9933
55 43 9229
55 21 9676
55 6 9809
70 43 8885
70 31 9207
70 92 2448
70 49 507
70 26 9019
70 57 441
43 21 7044
43 94 576
21 23 5497
21 6 6018
23 18 1050
23 46 8186
23 98 6670
23 32 2961
23 81 9381
18 62 4344
18 94 3168
18 56 3163
18 76 3299
18 4 7125
62 64 2916
62 20 3924
62 54 8989
62 93 6102
62 92 5036
62 94 8771
62 56 5222
62 90 4968
62 52 7999
62 39 1249
64 31 1128
64 92 3236
64 42 6807
64 49 3576
64 57 94
64 52 2177
31 99 368
31 68 3489
68 28 9105
68 69 5864
68 94 9506
68 36 154
68 24 4050
68 39 6175
69 2 9467
69 28 9782
69 20 6870
69 17 2634
69 94 9296
69 73 168
69 33 9758
20 28 2211
20 54 443
20 49 5098
54 35 4664
54 42 5479
54 3 3869
54 57 6237
35 93 6798
35 17 8219
35 85 3837
93 28 7926
93 83 1454
93 8 643
93 3 7853
93 46 7899
93 52 9172
83 92 8220
83 8 1387
83 75 8276
83 81 436
92 8 892
92 49 4781
92 26 837
92 81 3418
92 39 4247
8 53 618
8 56 287
8 57 3233
8 90 9913
53 17 6807
17 94 9342
17 49 8475
17 46 7249
17 33 4440
94 42 9490
94 98 9079
94 52 4660
94 33 5726
42 49 5877
42 67 2878
42 56 9562
42 81 154
42 100 684
49 99 6556
49 67 4358
49 57 8582
49 100 5727
67 3 2577
67 73 9969
67 75 354
67 87 9364
67 100 7212
3 56 5135
3 90 200
3 98 630
3 73 5733
3 32 7169
3 33 916
56 65 5317
56 46 7081
65 46 7722
65 73 1011
65 4 1907
65 32 1323
46 26 1802
46 24 1396
46 6 401
26 57 6461
26 73 7121
26 15 2629
57 90 5690
57 87 3034
57 100 9134
90 98 6373
90 75 9590
90 87 3491
98 73 4955
73 5 1668
73 60 2420
5 60 1275
5 15 8374
60 76 1783
76 36 8486
76 75 9860
36 4 8335
36 15 9115
36 100 5592
4 32 5503
32 85 31
32 6 7261
85 52 8936
52 75 4104
52 15 4623
52 39 842
75 24 5426
24 81 6424
24 87 8590
81 15 2179
15 87 9236
87 6 5710
6 33 4807
33 39 4925
39 100 5096
