100 300
0
1
0
0
0
0
0
0
1
1
1
1
0
0
0
0
1
1
0
1
0
0
1
1
0
0
0
0
0
0
0
0
0
1
1
1
0
0
1
0
0
0
1
0
0
1
1
0
0
0
0
0
1
0
0
1
1
0
1
0
0
0
1
1
1
1
1
0
0
1
1
1
0
1
1
0
1
0
1
1
1
0
1
0
1
1
0
0
0
0
0
0
1
0
1
0
0
0
0
0
1 3 900
1 13 8018
1 10 7450
1 66 8571
1 31 8198
1 24 3060
1 41 5893
1 70 4935
3 99 5172
3 9 663
3 4 303
99 19 1886
99 83 3434
99 47 9600
99 16 918
19 77 4788
19 25 9471
19 50 6291
19 76 7106
19 22 7035
19 44 9755
77 65 2833
77 31 2100
77 73 5432
65 83 2199
65 86 1003
65 74 5501
65 89 4046
65 62 5593
65 5 974
83 78 1334
83 13 6493
83 9 8991
83 30 5135
83 27 1415
83 92 3541
83 98 8194
78 7 7307
78 27 4827
7 56 3365
7 76 4321
7 90 5129
7 14 1602
7 100 4106
56 32 1080
56 10 2519
56 47 8893
56 22 6902
32 36 5162
32 8 5998
32 35 3936
32 22 4916
32 14 5183
32 72 2387
32 89 6699
32 92 3733
32 88 9741
32 62 2199
36 13 7778
36 59 5334
13 6 9524
13 79 5463
6 43 8178
43 75 4867
43 91 597
75 52 9592
75 40 8407
75 12 5143
75 14 3250
75 58 3233
75 42 4859
75 73 7570
52 53 4713
52 30 6461
52 55 1675
53 87 5792
53 15 5331
87 9 6919
87 71 9046
87 60 492
87 5 9269
9 46 2981
9 23 5407
9 58 803
46 59 1720
46 20 2105
46 86 4535
46 16 1460
46 29 656
46 30 2312
46 5 3145
59 45 6531
59 23 7774
45 40 1322
40 93 1397
40 10 4722
40 27 7265
40 73 6155
93 68 9864
68 63 514
68 28 5739
68 24 4723
68 96 4435
68 39 6803
68 91 7535
63 10 2461
63 76 8947
63 61 2865
10 47 9380
10 34 7992
10 90 3357
10 72 5000
10 44 7324
47 4 5115
47 2 5802
47 37 9043
4 2 7220
4 18 336
4 71 6855
4 92 4227
4 11 2647
4 100 6351
2 20 757
2 21 6772
2 57 7673
2 61 8506
20 86 1493
20 90 1289
20 85 1012
20 11 7709
86 37 8155
86 25 3103
86 79 8783
86 61 2589
37 84 9905
37 66 6317
37 12 5050
84 69 8851
84 25 5533
84 27 781
69 80 6842
69 64 8889
69 12 5780
69 18 4166
80 16 4004
80 25 7933
80 55 9560
16 49 7575
16 12 8268
16 90 6414
49 66 8153
49 30 7266
49 67 2765
49 71 5261
66 64 389
66 23 6789
66 27 118
66 74 1881
64 31 8077
64 89 1130
31 29 5941
31 39 6231
31 89 4232
29 28 4723
29 18 5172
29 73 488
28 8 7391
28 25 6573
28 58 9339
28 61 2924
8 25 3705
8 90 6180
8 100 1812
25 50 5836
25 33 6697
50 76 2167
50 82 3768
50 15 6257
76 12 6093
76 60 2035
76 72 9022
76 15 4245
12 35 5652
12 27 8138
12 5 9506
35 30 6040
35 82 4926
35 26 9623
35 74 4272
35 54 9355
30 82 7104
30 22 213
30 98 1937
30 17 7687
82 23 1287
82 34 7108
82 67 8175
23 18 8678
23 67 32
23 73 7513
18 34 7953
18 58 3736
18 44 44
18 100 6116
34 26 9571
34 74 3093
34 73 8283
34 100 3338
26 97 9349
97 24 4375
24 67 1724
67 96 4722
67 44 4972
67 11 3727
96 27 2860
96 5 4477
27 22 9766
27 61 7785
22 94 451
94 71 390
94 39 3491
94 11 7555
71 74 6954
71 92 5428
74 39 1593
74 60 4592
39 54 8887
54 90 9767
90 55 9621
55 14 8919
55 72 3631
55 58 7573
14 60 2654
60 33 27
60 21 3689
33 72 2225
33 89 3119
72 89 8323
89 58 1914
89 21 8819
58 15 9049
15 91 9990
91 92 3540
92 98 4020
98 21 3716
21 100 2751
41 63 4848
41 2 9834
41 80 6888
41 96 1651
41 72 223
41 15 378
41 70 5557
70 67 3528
70 51 5805
51 84 7149
51 69 8119
51 64 4692
51 34 3268
51 26 7740
51 38 3610
51 95 6898
51 5 1664
38 68 2615
38 58 3276
38 48 5352
38 5 4839
48 92 6394
48 95 3674
48 81 3105
95 97 1564
95 60 9075
95 98 3094
95 88 1456
88 29 3094
88 74 6809
88 81 4206
81 76 4294
81 22 6642
81 42 1093
42 64 5944
42 54 3216
42 60 1471
42 85 1500
85 57 3095
57 92 3627
57 62 8648
62 73 7566
62 61 8318
73 17 1915
17 79 5305
17 11 8279
79 21 5165
79 5 3320
5 44 894
44 61 8440
44 100 8672
61 15 2084
61 11 1186
11 100 8697
