100 500
0
1
1
1
1
0
0
1
1
1
1
0
1
0
1
0
1
1
1
0
0
1
0
0
1
1
1
1
1
1
1
1
1
0
0
0
0
1
1
0
1
0
0
1
1
1
0
1
1
1
1
1
1
1
0
1
1
1
0
0
1
1
1
1
1
0
1
1
1
1
1
0
1
0
1
1
0
1
1
1
1
1
1
0
1
1
1
1
1
1
0
1
1
1
0
1
0
1
1
0
1 32 6216
1 92 3520
1 21 963
1 84 6805
1 35 2576
1 50 104
1 95 6261
1 46 9148
1 81 2206
1 29 5683
1 37 275
1 73 7788
1 34 6972
32 98 5150
32 87 2855
32 83 8835
32 15 3723
32 33 7118
32 27 6203
32 79 4381
32 70 9747
32 8 2525
98 87 2982
98 26 8384
98 66 824
98 42 1275
98 37 289
87 92 7215
87 9 334
87 66 3802
87 40 9420
87 44 6550
92 89 7321
92 67 6734
92 13 3354
92 37 9896
92 65 6837
92 56 5966
89 2 5395
89 88 5395
89 61 1648
89 35 2022
89 22 3182
89 15 4971
89 38 7171
89 55 2388
89 56 3805
2 17 7245
2 99 9505
2 14 6359
2 34 1625
17 26 5603
17 69 8884
17 62 959
17 38 3986
17 64 6059
17 52 2233
26 51 626
26 5 3273
26 39 2567
26 41 4428
26 35 9044
26 9 9116
26 58 8100
51 6 2129
51 91 8821
51 68 7996
51 10 5317
6 5 1138
6 85 9742
6 62 711
6 44 9137
6 79 1763
5 67 244
5 84 4107
5 15 8933
5 99 8984
5 10 4263
5 65 6178
5 96 4840
67 77 622
67 59 4154
67 62 443
67 39 5857
67 68 5112
67 37 780
67 10 1915
77 97 3697
77 69 7758
77 59 5187
77 38 6263
77 27 2185
77 31 582
77 40 1730
77 79 284
97 49 2710
97 38 6902
97 100 4631
49 76 4378
49 94 8039
49 44 4373
49 19 5089
49 100 7175
76 83 6135
76 59 1684
76 13 1281
76 84 1420
76 86 7019
76 43 5543
76 4 3949
76 100 1859
83 24 2516
83 59 8102
83 41 8653
83 86 8372
83 20 9566
83 63 9432
24 85 6638
24 35 3262
24 86 7189
24 19 1824
85 30 9524
85 62 5725
85 23 8757
85 22 7605
85 14 2361
85 18 7818
85 40 4506
30 69 6991
30 21 2196
30 86 2544
69 59 7715
69 20 3636
69 100 6070
59 13 3850
59 94 1671
59 73 7350
13 62 1621
13 61 8690
13 86 9244
13 72 5569
13 44 548
13 63 8112
13 8 22
62 11 5552
62 34 6483
11 88 9587
11 20 4983
11 18 3121
88 21 9200
88 66 8524
88 15 1296
88 58 5075
21 91 600
21 35 6405
21 40 2679
91 45 2960
91 70 4222
91 74 7184
45 61 6303
45 39 6417
45 23 6079
45 22 4017
45 70 6404
45 19 2148
61 39 4218
61 41 8075
61 58 5849
61 70 5838
61 56 6764
39 84 1445
39 75 7758
39 38 3663
39 86 9556
39 25 7780
39 65 9214
84 41 2390
84 86 3718
84 44 548
41 23 1862
41 22 2918
41 15 5423
41 19 9510
23 35 4344
23 4 6023
35 9 5914
35 22 7023
35 8 5334
35 96 6487
9 66 558
9 70 7988
66 75 9256
66 58 2989
66 63 2005
66 70 5659
75 22 1488
75 19 2574
22 94 3733
22 8 7337
22 4 4764
94 15 6848
94 8 5133
15 58 8873
15 56 510
58 38 1040
58 86 6652
38 86 6075
86 25 9781
86 43 370
25 43 6623
25 96 1643
43 100 9639
50 76 8397
50 88 7504
50 61 3982
50 39 771
50 75 3417
50 38 7356
50 3 6105
50 60 6255
50 37 7914
50 31 4092
50 19 5510
50 100 7254
3 5 2448
3 75 1169
3 48 8741
3 42 1374
3 27 1253
3 7 6077
3 82 2489
48 87 4453
48 24 7561
48 21 1361
48 38 4962
48 86 8600
48 25 8013
48 47 7389
48 33 8381
48 12 4734
48 90 4011
48 52 6375
48 8 724
48 96 8759
47 6 3878
47 76 1057
47 61 9530
47 39 3646
47 66 8413
47 15 1986
47 95 9900
47 42 2678
47 68 6077
47 27 5410
47 73 9931
47 7 4877
47 96 2930
95 5 8671
95 24 2602
95 66 534
95 75 1100
95 94 5090
95 15 4986
95 43 8660
95 54 6450
95 71 6300
95 12 3612
95 68 814
95 44 3688
95 82 8344
95 56 1899
54 77 4050
54 30 4718
54 11 2622
54 45 2808
54 84 8595
54 94 3679
54 33 2337
54 53 2240
33 51 2091
33 5 674
33 76 8491
33 13 1120
33 25 3103
33 42 3900
33 28 1050
33 44 7979
33 65 3181
33 74 9720
33 19 580
42 85 67
42 69 819
42 61 2021
42 39 5052
42 46 5831
42 81 8470
42 78 1351
42 74 9442
46 76 5636
46 83 1390
46 24 7785
46 35 7534
46 58 5439
46 81 2502
46 60 6508
46 73 8247
46 14 7448
46 100 6538
81 5 6935
81 69 6039
81 71 4980
81 18 7609
81 16 4529
81 63 6099
71 83 711
71 84 4781
71 22 7148
71 36 5041
71 68 4313
71 79 6867
71 34 1972
36 49 4379
36 25 4038
36 12 3992
36 99 9431
36 19 9868
12 67 8813
12 11 7133
12 15 5661
12 25 800
12 68 4875
12 56 3445
12 4 8334
68 97 313
68 69 2298
68 11 1193
68 61 4911
68 99 6097
68 70 7730
99 64 8198
99 10 2135
99 65 2709
99 8 2158
64 49 3015
64 85 8807
64 30 9220
64 45 7795
64 75 5954
64 90 4260
64 78 2108
64 60 9172
64 72 2583
90 59 6486
90 88 9561
90 23 6574
90 38 2268
90 86 5780
90 43 1738
90 80 5753
90 28 1440
90 57 2538
90 72 627
90 73 1236
90 65 7223
90 8 7291
80 88 9885
80 22 8415
80 86 2202
80 28 5981
80 65 6144
28 41 6751
28 27 4467
28 72 8852
28 31 8908
28 10 7482
28 7 7658
28 34 8127
28 63 5276
27 88 9963
27 21 2386
27 15 3735
27 86 9134
27 78 4968
27 60 6573
27 73 5047
27 14 7893
78 45 5192
78 58 826
78 60 5982
78 31 944
78 20 2266
78 34 8519
78 56 7922
78 4 3501
60 61 5741
60 41 1565
60 94 9738
60 52 507
60 72 118
60 10 5718
60 53 6650
52 88 6868
52 21 185
52 43 5501
52 29 5775
52 44 4018
29 88 9510
29 91 3901
29 38 5645
29 37 9472
29 14 2638
29 65 9380
29 19 4958
37 21 3957
37 15 5952
37 57 4
37 82 8201
37 70 1143
57 62 829
57 11 4182
57 94 8439
57 72 9446
57 65 9053
57 70 2712
72 93 9299
72 20 4793
72 82 4276
93 75 9036
93 94 1652
93 43 4393
93 31 1105
93 44 8301
93 34 7612
93 82 7641
93 4 154
31 22 3386
31 20 1658
31 7 9663
31 65 7286
20 39 7303
20 35 5487
20 55 6275
20 14 6682
20 8 444
55 41 231
55 25 8985
55 73 6799
55 44 8431
73 94 6479
73 14 3979
73 53 2613
73 79 1269
14 84 3425
14 18 1665
14 40 3981
14 82 9075
18 22 2809
18 10 4608
18 74 8110
10 84 4460
10 53 5353
10 70 9214
10 100 9113
53 66 2964
53 75 3207
53 58 9266
53 40 2702
53 74 4864
40 38 8928
40 44 9987
40 16 2166
40 82 766
40 19 6262
44 66 5199
44 15 7561
44 7 2844
7 75 535
7 38 4359
7 79 1275
79 58 7014
79 34 4690
79 4 3887
34 16 8282
16 43 4466
16 82 1903
16 100 8614
82 22 3540
82 63 1063
63 65 9574
63 70 8001
65 70 5523
65 100 1278
70 74 3566
74 8 4635
8 86 593
8 56 6772
56 19 252
19 96 3294
96 4 1636
4 100 5531
