100 500
0
0
0
0
0
0
0
0
0
0
0
0
0
0
0
0
0
0
0
0
0
0
0
0
0
0
0
0
0
0
0
0
0
0
0
0
0
0
0
0
0
0
0
0
0
0
0
1
0
0
0
0
0
0
0
0
0
0
0
0
0
0
0
0
0
0
0
0
0
0
0
0
0
0
0
0
0
0
0
0
0
0
0
0
0
0
0
0
0
0
0
0
0
0
0
0
0
0
0
0
1 67 9544
1 76 5444
1 17 6391
1 55 9286
1 32 3984
1 48 6624
1 94 9300
1 5 8027
1 60 3900
1 99 3135
67 95 9980
67 93 5893
67 20 526
67 90 9998
67 16 7130
67 10 757
67 26 8301
67 9 2180
67 57 4652
67 11 7518
95 70 3126
95 71 9882
95 51 2379
95 94 6219
95 82 2895
95 30 7056
70 63 3924
70 32 2952
70 35 6833
70 34 2522
70 43 474
70 91 6377
70 9 7965
63 71 6865
63 81 2014
63 10 8300
63 60 9840
63 74 7665
63 42 2678
63 59 3740
63 31 800
63 61 2657
71 51 9632
71 4 7677
71 78 9006
71 56 3113
71 12 8433
71 5 3658
71 31 5292
71 57 9437
71 11 1176
71 100 4769
51 4 9318
51 93 3554
51 72 7339
51 77 8564
51 82 609
51 89 1262
51 92 1515
51 100 3793
4 78 3784
4 56 8340
4 97 6521
4 83 8100
4 27 1556
4 36 8535
78 2 6400
78 28 1396
78 87 2551
78 12 9077
78 88 1487
78 39 3350
78 60 8086
78 66 7470
78 8 7379
78 38 7091
78 40 6935
2 93 2163
2 17 749
2 26 2226
2 43 1599
2 66 1924
2 54 3347
93 28 7268
93 90 5477
93 33 685
93 31 2183
28 44 2437
28 12 8299
28 91 3697
28 80 6229
28 47 8434
28 61 8389
28 69 2750
44 87 6533
44 41 9944
44 33 7636
44 64 9284
44 31 7691
44 23 186
44 19 8361
87 76 9177
87 56 9888
87 97 2798
87 75 6647
87 43 7266
87 91 9888
87 3 3581
87 89 5780
76 17 636
76 56 2158
76 66 7379
17 18 8911
17 14 1856
17 53 998
17 59 4387
17 96 2541
17 54 3181
18 20 3175
18 97 839
18 22 3229
18 54 9404
18 36 5624
20 55 1617
20 42 8505
20 23 2156
20 46 7913
55 41 6140
55 6 1440
55 37 5603
55 100 6325
41 56 6152
41 49 4780
41 47 6212
41 31 8949
41 19 7778
56 14 9829
56 32 5188
56 9 7710
14 12 5609
14 49 2176
14 22 6219
14 46 9339
12 49 1086
12 46 8075
49 90 6688
49 11 1825
90 72 6967
90 21 9868
90 19 4999
72 97 4157
72 89 9449
72 69 754
97 13 9780
97 61 1065
13 45 9258
45 88 1935
45 73 5329
88 33 5397
88 32 9726
88 37 932
33 73 8074
33 32 5877
33 92 5711
73 77 637
73 54 1177
77 32 9840
32 75 466
32 37 6365
75 100 7549
48 63 2426
48 76 8540
48 18 3767
48 13 8116
48 77 5977
48 79 8193
48 7 4803
48 3 7801
48 27 5159
79 17 1023
79 65 9152
79 94 9315
79 82 471
79 96 9905
79 52 9094
65 18 7887
65 41 9163
65 97 1029
65 75 3216
65 98 911
65 81 754
65 82 499
65 43 8984
65 66 2983
65 40 2561
65 9 5973
65 21 4159
65 50 2400
65 57 2790
98 44 6875
98 85 6300
98 94 1567
98 35 1766
98 25 6418
98 39 9682
98 50 7743
98 61 4611
85 63 836
85 44 1895
85 87 9769
85 14 8210
85 12 1046
85 90 9084
85 97 5032
85 15 7303
85 81 4529
85 34 2919
85 74 6465
85 96 5557
85 50 2486
85 57 3727
15 63 2663
15 73 2984
15 77 9063
15 24 1997
15 26 5544
15 66 5035
15 42 2507
15 47 7943
15 99 7824
24 4 9382
24 78 594
24 93 9390
24 44 7499
24 41 7011
24 81 5423
24 66 5241
24 3 1621
24 47 2610
24 27 3488
24 89 7742
81 76 820
81 14 4533
81 73 3177
81 75 5851
81 94 1835
81 86 7705
81 25 5121
81 42 4651
81 62 9614
81 30 3958
94 4 4730
94 78 8628
94 56 6941
94 86 3792
94 83 624
94 91 8836
94 9 5178
94 61 3130
86 51 3130
86 87 9353
86 17 8863
86 12 3723
86 33 5094
86 16 6362
86 99 734
86 50 516
16 17 7954
16 56 8706
16 97 9477
16 32 1441
16 10 2799
16 60 6648
16 47 2326
16 50 2327
10 2 8851
10 33 512
10 5 32
10 60 3971
10 68 5163
10 34 5997
10 91 7929
10 47 6244
10 36 976
5 88 1221
5 35 6387
5 21 7951
5 46 57
35 2 7916
35 33 1080
35 25 3186
35 34 7268
35 91 6295
35 8 3261
25 44 2361
25 88 9008
25 39 346
25 83 9228
25 43 6961
25 29 5403
25 74 5056
25 8 4754
25 36 8202
39 14 1704
39 83 7079
39 42 528
83 18 554
83 32 7590
83 60 6911
83 34 876
83 74 9104
83 8 9259
83 22 8804
83 30 5347
60 20 234
60 90 6377
60 97 8085
60 45 8184
60 68 2785
60 34 6000
68 28 5616
68 44 5970
68 87 3267
68 76 8262
68 90 5582
68 13 1979
68 45 7269
68 33 5927
68 82 7558
68 96 581
68 61 1330
68 23 2614
82 28 5334
82 97 9531
82 77 669
82 58 2412
82 91 6410
82 6 1222
82 62 2
82 46 9673
58 20 2097
58 49 9105
58 72 8931
58 13 7253
58 34 804
58 6 5517
58 50 3629
34 55 8888
34 7 3700
34 43 6413
34 91 4888
34 74 5667
34 62 8734
34 61 4506
7 14 3928
7 97 668
7 45 6485
7 26 7548
7 64 6594
7 9 394
7 62 8129
7 46 7923
26 72 9359
26 43 3462
26 22 3805
26 61 27
43 14 5874
43 91 215
43 84 1248
43 96 5875
43 61 9887
43 92 9697
43 37 1331
91 13 5169
91 88 6949
91 84 2134
91 46 685
91 89 6929
84 14 7374
84 73 4385
84 80 9693
84 40 2261
84 27 6403
80 33 4778
80 66 6766
80 74 6683
80 64 5445
66 72 9602
66 29 4230
66 40 2039
66 89 6348
29 55 2358
29 88 6313
29 53 5706
29 40 5820
29 96 118
29 54 5733
53 74 1693
53 62 6684
53 99 3332
74 45 3919
74 8 2922
74 96 3028
8 13 1601
8 38 8090
8 9 6328
8 61 87
8 69 5127
38 14 9608
38 33 7460
38 40 9511
38 42 9300
38 19 6072
38 89 2265
38 30 430
40 12 9189
40 42 8947
40 9 2226
42 14 5143
42 97 3177
42 45 4264
42 3 1490
42 50 1886
42 92 6929
42 11 7195
3 6 7705
3 69 3398
3 54 2927
3 11 5749
3 36 81
3 37 2611
6 12 6019
6 59 9354
6 96 5638
59 75 7620
59 96 7443
59 47 8318
59 52 7706
59 19 8921
96 12 7925
96 47 1517
96 21 4783
47 64 3577
47 31 3940
47 89 7048
64 31 4006
64 99 3128
64 69 5994
31 97 6231
31 32 8270
31 9 5522
9 97 6847
9 75 6111
9 22 7408
9 62 3775
22 97 3306
22 33 1464
22 62 3524
62 99 2584
62 46 7213
99 33 3604
99 73 5194
99 52 3231
99 19 9309
52 21 832
21 50 7202
21 11 3103
50 61 9149
61 32 1259
61 23 2024
61 69 3425
61 54 2775
61 36 6806
61 37 7001
23 27 6714
23 92 3853
27 57 7358
57 73 6194
57 19 6199
57 37 3589
57 100 815
19 46 1720
19 36 6787
46 89 6926
89 69 5479
69 75 6913
69 54 231
69 11 6943
54 92 436
54 30 2814
54 100 507
92 11 391
11 36 8008
11 30 89
11 100 9699
36 75 5191
36 37 7291
36 100 2801
37 30 691
30 100 8549
