100 500
0
1
1
1
1
1
1
1
1
1
1
1
1
1
1
1
1
1
1
1
1
1
1
1
1
1
1
1
1
1
1
1
1
1
1
1
1
1
1
1
1
1
1
1
1
1
1
1
1
1
1
1
1
1
1
1
1
1
1
1
1
1
1
1
1
1
1
1
1
1
1
1
1
1
1
1
1
1
1
1
1
1
1
1
1
1
1
1
1
1
1
1
1
1
1
1
1
1
1
0
1 48 7450
1 8 2158
1 76 6106
1 70 9893
1 33 4574
1 99 3027
1 43 6870
1 41 7804
1 4 8106
1 100 4598
48 98 2439
48 93 2533
48 81 2869
48 62 7355
48 96 5851
48 49 678
48 12 2645
48 91 5805
48 86 2010
48 79 9485
48 50 6492
98 31 7256
98 18 5633
98 67 9353
98 56 5559
98 45 9680
98 61 4519
98 75 3197
98 11 4103
98 87 7934
98 100 2677
31 7 1552
31 46 91
31 11 5134
31 86 7796
31 4 1016
31 52 8160
7 20 4665
7 24 5172
7 81 2618
7 37 9262
7 47 3962
7 77 1502
7 69 8482
7 50 1316
7 100 7352
20 57 5511
20 22 3960
20 33 9509
20 63 7521
20 17 9797
20 11 6000
57 8 4776
57 94 5429
57 96 1704
57 46 6687
57 99 1460
57 54 6222
57 11 6235
57 91 5562
57 14 507
8 18 5264
8 73 7113
8 69 598
18 3 397
18 83 4908
18 94 7965
18 99 4909
18 69 5924
18 5 3136
3 19 7526
3 56 5185
3 64 7098
3 51 9027
3 65 18
3 5 4765
3 13 2730
3 58 5529
19 16 5077
19 10 2238
19 33 9401
19 55 1225
19 82 4589
19 78 4176
19 28 3005
19 79 2644
19 60 7214
19 27 4464
19 4 8866
19 52 9801
16 95 26
16 24 9372
16 9 5064
16 67 3490
16 22 6321
16 96 1812
16 90 4750
16 33 4286
16 32 3072
16 28 673
16 44 3773
16 30 597
16 72 5858
16 66 7222
95 73 5975
95 96 5875
95 23 1987
95 85 5057
95 82 1403
95 53 3415
73 38 3646
73 83 803
73 64 991
73 80 4587
73 5 1331
38 93 3995
38 24 7230
38 10 4896
38 62 4810
38 89 6095
38 63 4696
38 68 4835
38 41 1819
38 60 6111
38 4 4677
93 24 8139
93 67 4275
93 89 9426
93 11 8776
93 34 7346
93 42 98
24 81 8901
24 70 4295
24 61 2307
24 79 6122
24 50 6621
81 9 4534
81 59 4460
81 96 1677
81 61 2288
81 88 7874
81 72 1675
81 50 9443
81 52 8864
9 76 6261
9 56 7125
9 4 9210
76 10 3490
76 63 2020
76 99 4020
76 74 5937
76 5 3068
76 60 5206
10 67 7755
10 45 5530
10 49 6234
10 51 2245
10 91 9804
10 28 5659
67 56 7373
67 59 3502
67 90 5757
67 51 6273
67 44 7796
56 22 4415
56 45 2394
56 49 4416
56 86 8948
22 62 6854
22 23 2445
22 45 1236
22 15 1079
22 80 4119
22 14 678
62 21 6295
62 99 6731
62 65 7802
62 87 5504
62 72 220
21 26 6173
21 41 5875
21 86 2508
21 5 9240
21 92 7433
21 35 262
21 52 4770
26 83 3666
26 59 8859
26 61 925
26 90 9325
26 33 6231
26 4 4426
26 72 1433
26 50 2503
26 66 8573
26 100 5847
83 59 1248
83 68 2989
83 58 1147
59 94 4453
59 46 1785
59 90 2382
59 47 5532
59 14 2255
94 96 3059
94 55 1826
94 80 8985
94 85 7212
94 60 3681
94 50 9204
96 29 3384
96 64 9556
96 5 1712
96 30 8976
96 60 6988
29 70 8325
70 23 97
70 33 7005
70 40 3535
70 68 1021
70 75 6329
70 60 9765
23 45 1799
23 49 4113
23 51 8619
23 47 371
23 27 6312
45 46 6219
45 84 9711
45 33 7458
45 50 671
45 66 1495
45 100 9839
46 61 6202
46 63 3749
46 30 9249
61 64 8027
61 33 9085
61 80 6460
64 90 8060
64 99 8289
64 40 6195
64 65 7615
64 55 6352
64 85 5170
64 97 954
90 84 1028
90 92 5266
84 49 7958
84 65 4563
84 30 6287
49 33 639
49 40 679
33 51 4437
33 74 4751
33 80 5650
33 75 4807
33 72 1062
51 89 1868
51 63 870
51 74 8519
51 15 2538
51 14 2364
89 63 4709
89 99 8740
63 99 2465
63 27 3957
63 4 3118
99 37 1549
99 15 6768
37 40 1177
37 52 6189
37 100 2963
40 47 5143
47 12 8892
47 65 8132
47 75 6096
12 68 6272
12 74 3398
12 80 406
68 74 834
68 97 6036
74 71 1044
74 75 7864
74 50 472
71 65 5794
71 80 3513
65 15 1630
15 55 3208
55 80 5380
80 75 2499
75 85 8078
85 97 7918
97 100 1215
43 31 2787
43 18 3009
43 83 31
43 59 3095
43 99 2478
43 71 7931
43 6 9863
43 82 7
43 13 472
6 3 9177
6 83 5149
6 75 9363
6 2 3660
6 11 7597
6 58 1986
6 42 3409
6 14 8002
2 19 2819
2 24 5796
2 76 9045
2 84 7035
2 51 2619
2 89 1190
2 36 547
2 82 4249
36 9 749
36 61 5927
36 90 3099
36 40 8827
36 12 196
36 17 4313
36 72 1613
17 10 9556
17 56 4343
17 23 4707
17 46 2033
17 84 2274
17 63 921
17 54 8391
17 25 2745
17 41 6449
17 35 3540
17 52 8459
54 83 109
54 64 7488
54 12 445
54 74 9869
54 97 1841
54 25 9615
54 91 5665
54 60 7237
25 16 6649
25 9 8283
25 22 8426
25 96 7196
25 89 2531
25 99 9175
25 40 9474
25 74 5630
25 55 8001
25 82 6021
25 79 6294
25 44 5965
25 58 1928
25 14 637
82 64 7023
82 77 312
82 91 9262
82 28 4296
82 72 8703
82 66 2006
77 62 744
77 83 8594
77 90 6816
77 51 7204
77 15 6081
77 69 7260
77 34 7073
77 53 7921
77 72 3227
69 10 2737
69 29 5157
69 40 9875
69 68 1019
69 74 9934
69 85 3422
69 11 9902
69 30 5460
69 52 9247
69 66 5531
11 76 9812
11 94 1619
11 45 1824
11 85 5776
11 32 3546
11 30 8812
11 4 9151
32 33 3858
32 75 8073
32 78 3446
32 5 2560
32 58 6430
32 72 4189
32 42 1153
78 67 3246
78 56 1393
78 21 3585
78 23 6857
78 49 8465
78 63 7857
78 12 83
78 34 1201
78 88 9365
78 30 6310
78 100 8571
34 29 5650
34 61 6083
34 84 8472
34 80 1110
34 91 1682
34 100 354
91 83 7273
91 49 3300
91 99 8530
91 28 9401
28 46 6846
28 64 3693
28 51 8551
28 41 703
28 42 1766
41 59 1996
41 84 9614
41 33 4547
41 99 2536
41 88 7118
41 53 7792
41 87 3928
41 42 7054
88 55 1001
88 75 8744
88 53 4910
88 13 7435
53 70 6296
53 89 626
53 47 96
53 74 4867
53 39 6275
53 87 6179
39 70 9690
39 45 3736
39 86 7860
39 60 44
39 42 1009
86 64 7511
86 33 4925
86 37 409
86 68 4356
86 5 8617
5 61 8959
5 79 1410
5 60 382
5 87 954
79 51 7375
79 89 1281
79 55 3489
79 13 4492
79 30 5424
79 72 3769
13 44 7897
13 66 6424
44 49 2512
44 30 2806
44 92 211
30 99 5160
30 60 9783
30 4 306
60 47 26
60 87 6058
87 89 6484
87 15 6067
87 92 9793
87 4 695
87 72 6110
92 65 801
92 85 8206
92 58 1034
92 50 1209
58 15 8913
58 27 6003
27 47 6519
27 4 323
4 68 6384
4 71 7472
4 72 4049
72 55 4016
72 75 7313
72 35 4893
72 66 9440
35 97 7433
35 42 2789
42 55 5863
42 50 6296
50 52 1947
52 66 6073
66 14 1455
14 100 1729
