300 400
0
0
1
1
0
0
0
1
0
1
1
1
1
1
0
0
1
1
1
0
1
0
0
0
0
1
0
0
0
1
1
0
1
0
0
0
1
0
0
0
1
1
0
0
0
0
0
1
0
1
0
0
1
1
0
0
1
0
0
0
0
0
1
0
1
1
1
1
0
0
1
1
0
0
0
0
0
0
1
0
0
0
0
0
0
0
0
0
0
0
0
1
0
1
0
1
1
1
0
1
1
1
1
0
0
0
1
0
0
0
1
0
0
1
0
1
0
0
0
0
0
0
0
0
1
1
0
0
0
1
1
0
0
0
1
1
1
0
0
0
1
0
1
0
0
0
1
1
0
0
0
0
0
0
0
1
0
0
0
0
1
0
0
0
0
0
1
0
0
0
0
0
1
1
0
0
0
1
1
0
0
0
0
0
0
0
1
1
0
1
0
0
0
0
0
1
1
0
1
1
0
0
1
0
0
0
1
1
0
0
0
0
0
0
0
0
0
0
1
0
0
1
1
1
0
0
1
0
0
0
1
0
0
0
0
0
0
1
0
1
0
0
0
1
0
0
0
0
1
0
0
1
0
1
1
1
0
0
1
1
0
0
0
0
0
0
0
0
0
1
1
1
0
0
1
0
0
0
0
0
1
1
0
0
1
1
0
0
0
0
1
0
0
0
1
0
0
1
0
0
1 228 6346
1 291 3854
1 87 2999
228 266 6465
228 9 9060
266 60 5721
266 50 5989
60 94 5548
94 295 5633
295 180 396
295 56 6191
180 14 8909
14 235 6490
235 279 5514
235 50 1510
279 282 7541
282 109 9177
282 166 5097
109 190 5811
190 217 3093
217 116 3418
217 31 926
116 225 7923
116 294 5446
116 219 9713
225 8 9890
8 120 4778
8 237 6044
120 105 2919
120 70 3314
105 61 2092
105 36 9264
61 79 3519
79 49 5090
79 249 2080
49 143 2578
143 277 7163
143 233 8068
143 222 4477
143 137 2795
277 106 4815
277 230 667
106 91 8055
91 205 1304
91 35 6180
91 62 5916
205 5 5197
205 11 1708
5 13 1013
5 62 7359
13 296 4800
13 16 782
13 234 4636
13 183 2722
296 69 6228
69 176 4349
69 290 8963
176 275 7357
275 251 6744
251 211 1881
251 265 671
211 52 5188
52 232 7497
232 226 541
232 92 277
226 68 9576
68 254 3119
254 198 3791
198 16 3996
198 133 7595
16 84 6585
16 299 8810
84 268 4614
84 144 991
268 169 6466
169 24 7145
169 248 6907
169 47 8014
24 140 5205
140 229 4271
229 181 1724
229 213 4
181 165 5052
165 65 6360
65 201 9078
201 40 1279
40 11 7060
11 269 4392
269 273 8636
269 78 155
273 224 6273
273 293 5658
224 182 5342
224 46 121
182 249 6198
249 98 5619
98 274 9696
274 208 5668
208 200 5761
208 4 43
200 100 9615
100 212 8698
212 256 5205
256 21 4228
21 218 9688
218 248 1670
248 55 7724
248 45 6594
55 220 6035
220 214 2928
214 99 7216
99 51 7758
51 236 9284
51 122 2268
236 171 4117
236 154 8361
171 81 9898
81 39 7528
39 112 9104
112 213 4885
213 195 7683
195 78 5376
78 255 6894
255 234 3024
234 70 1848
70 298 3092
298 85 4994
298 291 1544
85 246 5111
246 163 755
163 134 7938
163 27 4725
134 22 9452
134 276 3142
22 150 5304
150 252 5491
252 167 1163
167 261 3028
261 290 8437
290 76 3549
76 35 2307
35 88 5652
35 130 1307
88 19 1590
19 18 7919
19 262 1775
19 115 6302
18 62 4169
62 90 9303
90 124 5406
124 239 5405
124 203 3337
124 271 7133
124 63 2299
239 173 6360
239 278 8981
173 299 1742
299 108 1354
108 126 6876
126 66 6852
66 138 8460
138 194 4813
138 264 7929
194 159 4263
194 72 4307
159 114 3232
159 132 9753
114 155 5469
114 289 2611
155 203 8189
155 128 9018
203 95 4918
95 17 3841
95 27 6676
17 166 6507
166 128 8111
128 244 4802
244 237 2809
244 147 2279
237 48 456
48 152 4566
48 259 4036
152 192 3792
192 36 1698
36 216 6334
216 121 152
121 286 678
286 32 8075
32 284 7857
284 267 3905
267 164 1278
164 82 2668
82 23 8718
23 10 9206
10 245 6930
245 178 9376
178 287 8790
287 80 6682
80 33 4844
33 285 1400
285 145 4871
285 294 213
145 97 6317
97 122 8711
122 148 3240
148 119 9176
119 44 3173
44 72 8042
44 27 8336
72 262 1804
72 219 4849
262 110 2901
262 96 5839
110 193 8641
110 161 950
193 297 2172
297 53 5144
53 247 7980
53 45 6598
247 278 9352
278 29 1884
29 240 7875
240 156 2019
156 45 6953
45 67 3433
67 118 5300
118 223 6328
223 238 2222
238 6 1981
6 259 7524
259 161 3621
161 89 3203
89 280 4088
280 132 6290
132 7 1913
7 197 7328
197 130 1817
130 294 1438
130 258 1721
294 74 6504
74 233 3241
233 170 6569
170 210 5756
210 43 9079
43 264 1561
264 270 6705
270 133 7602
133 101 3056
101 291 4684
291 272 4199
272 257 2407
257 258 6568
258 27 2073
27 31 777
31 144 9872
144 186 5505
144 175 6076
186 289 6200
289 209 7726
209 231 4409
231 75 75
75 207 7699
75 260 7611
207 141 4162
141 4 340
4 230 5876
230 113 7841
113 179 2156
179 253 7313
253 104 9561
104 71 5011
71 47 6905
47 288 2482
288 199 766
288 56 5983
199 42 394
42 260 7470
260 175 3584
175 219 3450
219 300 8506
87 191 7782
191 10 2208
191 283 1425
283 232 6206
283 151 9337
151 103 1296
151 174 8063
151 149 5412
103 135 3847
135 83 2140
83 128 6172
83 160 3921
83 111 9838
160 205 3783
160 224 8083
160 146 6529
160 125 6010
146 102 2275
146 185 5036
102 222 9674
222 173 8188
222 9 46
9 280 6578
9 242 669
242 29 811
242 73 2560
242 115 7414
242 93 4633
73 25 2495
25 37 863
37 281 3138
37 50 6628
281 41 9423
41 15 4562
15 97 2833
15 111 8759
111 81 2209
111 30 7247
30 54 522
54 174 6056
174 129 9387
129 241 6694
129 2 6328
241 38 5576
38 158 6828
38 202 762
158 2 2105
2 20 2837
2 168 3037
20 183 7140
183 206 8862
206 124 1224
206 108 7186
206 188 5439
188 26 8244
26 215 4348
26 3 4350
215 126 5657
215 196 8980
196 263 6844
263 185 2872
185 12 8469
12 132 3471
12 202 2294
202 221 3030
221 204 2655
204 260 1052
204 115 1591
115 117 9902
117 149 1573
149 123 7646
123 172 5640
172 107 4618
107 153 325
153 189 1215
189 271 1445
271 36 1087
271 184 3319
184 131 633
131 270 4123
131 136 6811
136 58 9494
58 154 1698
154 157 348
157 59 1284
59 187 9941
187 125 4695
125 127 5633
127 265 5597
265 162 3675
162 289 2476
162 168 8468
168 250 2143
250 28 2298
28 93 7113
93 104 1525
93 139 1305
139 3 8164
3 46 3115
46 50 7558
50 293 6089
293 276 7112
276 77 3197
77 57 706
57 96 7436
96 142 4411
142 64 8503
64 63 4874
63 92 4082
92 34 9135
34 292 8996
292 219 892
292 86 4981
86 147 693
147 243 1239
243 227 6264
227 56 6985
56 137 2285
137 177 1897
177 300 2582
