600 1050
0
1
0
0
1
0
0
1
0
1
0
0
0
0
0
0
0
0
1
0
0
0
0
1
1
0
0
1
0
0
0
0
0
0
0
0
0
1
1
0
0
0
1
1
0
1
0
0
0
0
0
0
0
0
1
0
1
1
0
0
0
0
0
1
0
0
0
1
0
0
0
1
1
1
0
0
1
0
1
1
1
1
1
0
0
0
1
0
0
0
0
1
0
0
0
0
0
0
1
1
0
0
0
0
0
1
0
0
0
0
1
0
1
1
0
1
1
0
1
0
0
1
1
1
1
0
0
0
1
1
1
1
0
1
0
0
1
0
0
0
0
1
1
1
0
0
0
0
0
0
1
1
1
1
1
0
1
0
1
1
0
1
0
0
1
0
0
0
1
0
1
1
1
0
0
1
0
0
0
0
0
0
0
0
1
1
1
1
1
0
0
0
0
1
0
1
0
0
0
1
0
0
0
0
0
1
0
0
0
1
0
1
0
0
1
0
0
0
0
0
0
1
0
0
0
0
1
0
0
0
0
1
0
1
0
0
0
0
0
0
1
1
0
1
0
0
1
0
0
0
0
0
0
1
0
1
0
0
0
0
0
0
0
0
0
0
1
1
0
1
1
0
1
0
0
1
1
1
1
0
0
0
0
0
1
0
0
0
1
0
0
0
1
0
1
0
1
0
0
0
0
0
0
0
1
0
0
1
0
0
0
0
1
0
0
0
1
1
0
1
1
1
0
1
0
0
0
0
1
0
1
1
0
1
1
1
0
0
1
0
0
0
1
0
1
0
0
0
0
1
0
1
0
0
0
0
0
0
1
1
0
1
1
1
0
0
0
1
0
0
0
1
1
1
1
0
0
0
0
0
0
0
0
0
0
0
0
0
1
1
0
0
0
0
0
0
0
0
0
0
0
0
0
0
1
0
0
0
0
0
0
0
0
1
1
0
0
0
0
0
0
1
0
0
0
0
1
0
0
0
0
0
1
0
0
0
0
0
1
1
0
0
1
0
0
1
0
0
0
0
0
1
0
1
0
0
0
1
1
1
1
0
1
0
1
1
1
0
0
1
1
1
1
0
1
0
0
1
0
0
0
0
1
1
0
0
1
0
0
0
0
1
0
0
0
1
1
0
1
0
0
0
0
0
1
0
1
1
0
0
0
1
1
0
1
0
0
0
0
1
1
0
0
0
1
0
1
0
0
0
0
0
1
0
0
0
0
0
0
0
0
1
0
0
0
0
0
0
0
1
0
0
0
0
0
1
1
0
0
1
1
0
0
1
0
0
0
1
1
1
1
1
0
0
0
1
1
0
0
0
1
0
1
1
0
1
1
1
0
0
0
1
0
0
0
1
0
0
0
0
1 465 2862
1 144 7593
1 7 2022
1 143 6567
465 538 3124
465 505 3829
465 593 582
465 456 1976
465 29 1813
465 341 5881
465 234 4242
465 103 3605
465 237 1095
465 171 8565
465 243 4264
538 114 4897
538 115 178
114 321 7816
114 451 62
321 294 5948
321 262 6060
294 290 9586
294 493 9051
294 165 6154
294 241 6462
290 594 7619
290 559 7016
594 282 7072
594 564 1066
282 489 3833
489 541 3323
489 595 3927
489 240 1426
489 38 1696
489 560 6845
541 162 901
541 437 1876
162 500 7426
162 309 2876
162 16 3689
500 203 9659
500 534 7117
203 479 3645
203 197 753
479 469 2033
479 269 7908
469 70 5649
469 20 2211
469 94 5723
469 439 2062
70 150 8158
70 261 1782
70 577 1648
150 301 3560
150 92 4287
301 451 4461
451 328 7530
451 527 1302
328 582 1532
328 322 8595
582 374 1487
374 391 4854
391 238 8874
391 180 9264
238 193 2901
238 506 5718
193 595 164
193 458 4776
595 545 9496
595 242 3039
595 11 8464
545 583 9154
545 577 6507
583 564 2108
564 382 6258
564 432 8539
564 324 6368
382 142 8258
382 436 7101
142 529 2090
142 508 319
142 562 5259
142 225 224
529 547 1966
529 169 5170
547 438 4510
547 56 6426
438 30 2700
438 213 2164
438 68 4309
30 13 7646
13 413 3650
13 580 5514
413 554 2871
413 250 9265
554 392 8414
554 266 4941
554 26 9428
392 289 9542
392 371 4436
392 525 8818
289 80 4357
289 37 9941
80 561 5324
561 318 6465
318 488 2550
488 476 214
488 236 9184
476 223 807
223 388 7315
223 25 1273
388 86 1125
388 46 2573
388 398 7848
86 173 9443
86 4 4094
173 76 8710
76 455 2220
455 291 6793
455 49 873
291 271 2881
291 386 791
291 106 874
271 200 8394
271 517 3661
271 347 138
271 225 3160
200 236 8601
236 504 5917
236 252 2701
504 598 9388
504 357 4734
504 574 7057
598 431 5680
431 309 6409
431 435 9873
431 179 8229
309 212 6622
309 331 9056
212 332 5387
212 25 3936
332 95 6681
95 102 6512
102 343 2860
343 107 880
107 523 2306
523 121 6954
121 87 9589
87 59 877
87 151 98
59 111 461
59 14 3757
59 456 888
59 553 7686
111 319 8503
111 157 901
111 6 7823
319 273 1662
273 144 5853
273 55 91
273 571 714
273 411 1593
144 516 4824
516 152 4122
152 215 7272
215 235 1232
215 416 347
215 586 1853
215 457 7854
235 327 5754
235 197 7239
327 47 8141
327 27 2434
47 168 102
47 88 1001
47 194 3314
168 368 8759
368 127 4306
368 486 9254
127 591 9636
591 507 4403
591 84 6067
507 424 9744
507 158 1643
424 260 3752
424 46 4598
260 505 8895
505 139 7927
505 329 6259
505 481 4747
139 256 8017
256 266 3324
256 217 2691
256 250 2841
266 129 3798
129 109 9963
109 363 424
109 407 4144
363 89 8167
363 153 4629
363 531 9897
89 575 5405
89 197 9122
89 263 8683
575 40 5507
575 278 122
575 36 8348
40 279 4265
40 556 779
40 263 7601
279 272 252
279 248 1533
272 232 3667
232 367 9996
232 446 9527
232 353 7419
367 254 4593
367 539 8421
367 45 1697
254 556 7204
556 227 9520
227 206 9713
227 35 6879
227 148 2210
206 224 8905
206 216 676
224 313 8524
313 218 9329
313 163 4819
218 90 6690
90 17 309
17 536 1068
536 559 2095
536 408 9430
559 356 9750
559 42 3953
356 552 5903
356 44 4449
356 225 8217
552 20 6681
552 587 2049
20 14 4821
20 387 4566
20 268 2068
14 85 1168
85 532 4092
85 335 5838
532 486 5760
532 544 8865
486 357 7534
357 386 9315
357 480 4736
357 514 3598
357 6 6194
357 153 3297
386 416 2503
416 175 3221
416 166 1821
175 495 8183
175 116 4392
495 322 4862
495 415 4843
322 187 5459
322 308 3308
187 124 4273
124 128 1560
128 300 7260
300 581 175
581 190 6008
190 202 1829
190 292 3208
202 464 4408
464 329 6649
329 69 4125
329 46 2827
329 119 7816
69 400 4568
69 237 8664
400 395 9927
400 50 3432
395 126 2549
395 323 5594
395 179 4519
395 62 6147
126 393 8139
126 447 7816
126 216 5001
393 156 1359
156 181 5988
181 43 3183
43 56 5750
56 337 849
337 593 8025
593 113 7560
593 381 509
113 48 8649
48 501 9119
48 262 7768
501 84 5176
501 262 1478
84 508 5948
508 264 4735
264 407 5886
407 371 8948
371 83 8859
371 108 5064
83 269 3115
269 316 9778
269 555 3728
269 445 9394
269 341 3210
316 249 6276
316 339 4987
249 58 4080
58 72 8774
72 81 3125
72 240 1895
81 555 3774
81 97 835
555 149 7882
149 157 3308
149 458 2937
149 62 5083
157 445 7685
157 104 496
445 480 5591
445 19 6333
480 226 5967
480 210 9710
226 513 7860
513 484 3796
484 106 5658
106 10 2594
106 116 6033
106 151 957
10 158 7804
10 467 1097
10 60 424
158 315 7582
315 326 4824
326 286 9817
286 567 7143
567 178 7451
178 245 4803
245 222 1222
245 497 2577
222 108 4279
108 401 9469
108 331 2702
401 19 1465
19 458 7350
458 463 6010
463 351 753
463 225 8784
463 320 46
351 599 7601
351 378 4374
599 335 2730
599 228 3567
335 242 436
242 61 590
61 478 7362
478 449 2445
478 60 9535
478 475 3395
449 586 3401
449 60 3691
586 278 4491
586 414 3824
278 228 1272
278 63 5666
228 364 9992
364 390 4766
390 456 9468
456 53 1146
456 574 5987
53 517 8396
517 240 1776
240 42 5455
42 497 1098
497 378 3241
378 414 9157
378 182 7107
414 29 3993
29 584 7940
584 490 3504
490 514 7945
514 348 8666
348 467 6233
467 419 1511
467 520 9101
419 166 6822
166 447 5225
447 366 1545
366 491 2709
491 177 4971
177 213 1297
177 118 6399
213 35 5813
35 134 1473
35 466 7670
134 409 7830
134 210 1464
134 214 8787
409 216 7297
216 483 2610
483 336 4773
483 311 5693
336 74 4385
336 383 6580
74 520 3142
520 257 3977
257 244 5736
244 54 6600
54 422 4322
422 323 27
323 298 103
298 259 2266
259 417 8692
417 138 6335
138 44 3777
44 585 4144
44 403 9509
585 341 5353
341 26 2040
26 470 2217
470 252 323
252 135 3337
135 46 8615
46 553 2487
553 105 4809
105 311 2636
311 88 316
88 118 2624
118 377 1422
377 221 3964
221 360 5233
360 293 2546
293 394 6008
394 6 9618
6 276 5477
276 55 9149
55 92 9946
92 510 1212
510 34 5748
34 137 4267
137 600 7591
7 108 5850
7 246 6533
7 578 6282
7 370 8537
246 455 6661
246 286 6778
246 417 8045
246 380 2013
380 563 8817
380 60 6613
563 138 8687
563 515 8505
563 474 1579
563 503 1173
515 373 9665
515 250 566
515 365 7840
373 511 2289
511 162 8339
511 234 1803
511 562 7521
234 70 884
234 382 7811
234 187 3490
234 307 6361
234 104 3311
234 161 3436
307 442 3924
442 430 9059
430 297 4054
430 37 1514
430 448 1260
297 371 586
297 303 4148
303 134 9796
303 298 7246
303 474 925
303 188 4192
474 361 9258
474 592 6093
474 408 804
361 172 4296
361 550 4598
172 469 2382
172 90 1820
172 592 614
592 40 2947
592 311 9659
592 354 2902
354 253 1285
354 565 1462
253 315 6775
253 275 8521
253 248 5624
275 102 6616
275 189 4881
189 351 5286
189 101 6403
101 196 5156
196 298 4344
196 426 457
426 86 6670
426 405 1956
426 164 1042
426 21 7169
405 287 1751
405 136 8288
405 281 4445
287 10 5943
287 259 3897
287 154 537
287 340 3098
287 432 4545
154 433 1486
154 498 5480
154 472 6364
433 208 2100
208 310 4778
208 524 6023
310 494 1353
494 379 6063
379 306 3836
379 304 8127
306 90 4583
306 38 5811
306 381 4743
306 11 5815
38 434 1096
434 454 1145
454 550 970
550 160 1792
550 317 7953
160 427 3991
160 247 3747
427 517 8995
427 130 1159
130 73 1849
73 111 3634
73 579 1955
579 76 4143
579 355 7530
579 261 2492
355 443 7241
355 96 2074
443 169 329
169 596 9072
169 274 4790
596 76 8780
596 83 3849
596 404 812
596 340 133
404 167 9911
404 302 999
404 444 8259
167 96 845
167 93 6809
167 346 9353
96 226 6659
96 26 4256
96 399 6850
399 191 3981
191 149 6047
191 326 4802
191 397 7971
191 285 6145
397 113 3796
397 66 5482
66 123 4346
66 534 3781
123 190 7436
123 506 4840
123 16 7663
123 362 6279
506 517 2080
506 261 6088
261 429 6608
261 112 7503
261 396 877
429 83 1739
429 10 1352
429 497 8040
429 267 1871
267 492 7614
492 99 9038
492 33 6482
492 296 4811
99 548 2198
99 198 5834
99 12 7821
548 125 6454
548 530 9035
125 390 1801
125 207 8852
125 358 3837
207 185 6124
207 12 1349
185 115 3984
185 387 1605
115 109 5694
115 257 4117
115 198 5392
198 527 533
527 64 1779
527 432 1671
527 466 8965
64 22 7866
64 518 4630
22 147 2819
22 103 8743
147 10 6368
147 520 522
147 302 6782
147 57 4591
302 12 4488
12 484 2172
12 143 1072
143 259 9298
143 293 721
143 317 3257
143 546 3470
317 340 3526
317 28 2292
317 544 5271
340 216 2378
340 219 2480
219 136 7746
136 94 78
94 14 2815
94 33 5702
94 23 2123
33 462 6931
33 262 1093
462 333 9007
333 534 8709
333 133 9115
534 215 4323
534 138 2927
534 229 3744
229 425 7142
425 140 1669
140 48 6464
140 347 7663
347 277 4802
347 23 7406
277 145 8502
145 254 3325
145 201 8477
145 503 7799
201 326 4046
201 452 8085
452 156 1269
452 407 7571
452 141 6728
141 137 2891
141 498 6300
498 436 5559
498 186 636
498 151 6377
436 260 8374
436 117 6337
436 25 8499
117 410 1656
410 472 3781
472 222 7506
472 71 6717
71 371 2896
71 75 1828
75 586 9643
75 562 2991
562 4 5321
4 450 7663
4 65 5806
450 31 9336
450 78 8816
31 372 3211
372 9 7837
9 549 2141
549 28 8039
28 199 1988
28 526 2538
199 231 6124
199 482 9608
231 508 6460
231 205 9203
231 292 2498
205 257 2760
205 281 4762
281 468 9485
281 537 5488
468 484 3135
468 402 2173
402 572 3987
402 3 1142
572 209 2305
209 418 7844
209 65 7858
418 46 5200
418 146 6023
146 133 3852
146 525 4543
146 308 7696
133 110 1514
133 533 6700
110 192 7031
110 82 6682
192 91 9911
192 406 4867
192 387 8822
91 122 4301
122 493 6854
122 587 7711
493 93 6776
93 157 6461
93 183 4170
183 65 5979
183 174 5310
65 535 6929
535 407 740
535 551 4794
551 570 2417
570 385 226
570 542 3318
570 180 2755
570 63 1367
385 522 5623
522 571 6950
522 346 5577
571 103 7174
103 36 9324
103 576 9428
36 166 1716
36 521 7019
521 539 942
539 305 8416
305 105 4049
305 437 7623
305 446 4678
437 312 8916
312 138 2796
312 439 8978
439 79 2121
439 165 6858
439 214 5754
79 295 8582
79 179 1027
295 82 8084
82 37 3891
37 499 4308
37 482 8823
499 285 5037
285 164 3076
164 578 9048
164 542 8354
578 512 2182
512 569 6766
512 477 328
512 558 9131
569 257 2342
569 412 7502
412 132 4806
132 259 1770
132 585 9217
132 461 1825
461 517 9063
461 163 3984
461 288 2225
163 126 3037
163 68 8661
68 526 7492
526 135 2184
526 398 3991
526 98 9613
398 546 9041
546 352 6096
546 537 4546
546 542 67
352 422 4179
352 441 4788
441 16 726
441 481 9353
16 344 9824
344 540 3801
540 533 4752
540 406 4530
540 214 5982
533 153 7869
153 401 1209
153 345 1464
345 222 211
345 288 8710
345 324 6270
345 466 8332
288 448 4279
448 518 4446
518 194 7394
194 155 8262
155 341 6670
155 537 6782
155 243 3275
155 503 4162
537 148 8965
148 211 3617
148 239 126
211 325 8005
325 248 9712
325 531 4671
248 566 4423
566 467 242
566 360 9458
566 415 5149
415 18 5946
18 337 5634
18 67 5301
18 475 697
67 519 6515
519 81 1283
519 217 8565
217 166 7723
217 576 9098
576 197 5127
197 184 6433
197 63 1719
197 274 9810
184 377 711
184 577 6164
577 459 3555
459 460 5324
459 558 2834
460 411 336
411 293 4950
411 131 3347
411 247 9300
131 292 8566
131 15 3472
292 346 3656
346 456 4629
346 44 8142
346 237 8079
346 78 1222
237 112 3951
237 542 9579
112 61 7167
112 3 9584
112 174 4879
3 453 4215
3 446 2450
453 597 2513
597 24 9132
24 421 173
421 50 1611
50 428 4258
428 359 2957
359 314 3329
314 186 4068
186 376 19
186 587 5845
376 542 7622
542 251 5342
542 432 8678
542 403 4310
251 467 6644
251 118 8376
251 270 9961
270 26 5209
270 165 1847
165 120 3617
165 161 9838
165 482 6340
120 473 8047
120 375 1059
473 135 290
473 530 3977
530 39 4578
39 568 6226
568 226 8855
568 57 8792
57 565 8675
565 471 7720
565 384 7923
471 389 5199
389 78 5682
389 21 8533
78 338 8155
78 116 5362
338 262 8952
262 170 4525
170 135 1206
170 104 6573
170 161 6219
104 446 6235
446 52 7234
446 423 2862
52 375 4610
375 487 7195
375 580 8070
487 233 2808
233 241 811
233 444 4259
241 311 9147
241 174 5209
241 396 5318
174 255 9437
255 27 9185
27 435 9895
27 524 5662
435 34 4391
435 509 5038
509 257 688
509 44 8462
509 396 2961
396 580 5887
396 250 4143
580 195 7845
580 557 393
580 296 9505
195 77 6796
77 171 4918
171 331 710
331 334 9720
331 15 1136
331 387 3297
334 97 6954
97 370 3997
370 481 7906
370 159 4148
481 573 8418
481 330 714
573 188 1310
188 299 2677
299 283 6212
283 5 2870
5 225 4346
225 477 2000
477 588 8406
588 353 592
353 45 4013
353 383 9148
45 440 5629
440 362 4701
440 8 7610
362 116 4941
116 15 587
15 384 1752
384 258 2785
258 240 7331
258 560 7608
560 320 9580
320 284 2248
284 34 4670
284 179 9300
179 590 3383
590 528 7966
528 524 2605
524 457 3731
457 23 2223
457 182 3104
23 161 2149
161 257 9288
161 525 765
525 8 4825
8 406 5500
406 531 3634
531 35 9170
531 574 7499
574 432 2039
432 423 9761
423 32 7864
32 304 7538
32 358 1741
304 557 2564
557 558 5147
558 482 6682
558 2 9502
482 247 3251
482 544 9466
247 350 6832
350 182 858
182 159 5398
182 544 5432
182 369 1879
159 553 4697
159 342 5166
159 280 6196
342 589 3653
589 220 8897
220 210 8419
210 324 6756
210 358 7397
324 296 4058
296 51 7520
51 180 8573
180 543 5909
543 544 7505
544 138 7742
544 339 9760
339 308 5895
308 62 3854
308 119 7623
62 408 3432
408 485 1946
485 60 186
60 243 8579
243 383 8627
383 496 6039
496 63 8181
63 444 8093
444 25 2870
25 250 9038
250 230 9842
230 88 4653
230 263 7269
263 214 890
214 49 9819
49 280 3464
280 265 4542
265 2 5067
2 151 1882
151 403 7649
403 349 2463
349 358 2292
358 387 5168
387 204 1035
204 369 8200
369 502 9024
502 41 5128
41 475 7959
475 239 4918
239 420 5333
420 119 5581
119 330 8349
330 268 7278
268 100 5766
100 21 3279
21 176 5905
176 587 8156
587 98 1459
98 503 349
503 274 7378
274 381 6849
381 365 190
365 466 2030
466 11 469
11 600 1079
