1000 1200
0
0
0
1
0
0
0
1
1
0
0
1
1
0
0
0
1
0
0
0
0
0
0
0
0
0
0
1
0
0
1
0
0
0
0
0
0
0
1
1
1
0
0
1
1
1
0
0
0
0
0
1
1
0
0
0
0
0
0
0
1
0
0
0
0
0
1
1
0
0
1
0
0
0
1
0
0
0
0
0
0
0
1
0
0
1
1
0
1
0
0
1
0
1
0
0
0
1
0
0
0
0
0
0
0
1
0
0
0
0
0
0
1
0
0
0
0
1
0
0
1
0
0
1
0
1
1
0
1
1
0
0
0
0
0
1
0
0
0
0
0
0
1
0
0
0
0
1
0
1
0
0
1
1
1
0
0
1
0
0
0
0
0
1
0
0
0
0
1
0
0
0
0
1
0
1
0
0
1
0
0
0
0
0
1
0
0
0
1
0
0
0
0
1
0
0
0
1
0
0
0
0
0
0
1
0
0
0
0
1
0
0
1
0
0
0
0
0
0
0
1
0
1
1
0
0
1
0
0
1
0
0
0
1
0
0
1
0
0
0
0
0
0
0
1
0
0
1
0
0
1
1
0
1
0
0
0
1
0
0
1
0
0
1
0
0
0
0
1
1
0
1
1
0
0
1
0
0
1
0
1
0
1
0
0
1
1
1
0
0
0
0
0
0
0
0
0
0
0
1
1
0
0
0
0
1
0
0
1
1
0
0
0
0
0
0
0
0
1
1
0
1
0
0
1
0
0
0
1
0
1
0
1
0
0
0
0
0
1
1
0
0
0
1
1
1
0
0
0
0
1
0
1
0
1
0
1
0
1
0
1
0
0
0
0
0
0
0
0
0
0
1
0
0
0
0
1
0
0
1
0
0
1
0
0
0
0
0
0
1
0
0
0
1
0
0
0
1
0
0
1
0
1
1
1
0
0
1
0
0
0
0
0
0
1
0
0
0
0
0
1
1
0
0
0
0
1
0
0
0
1
0
1
0
0
1
0
1
1
1
0
0
0
0
0
0
0
1
0
0
0
0
0
0
1
0
0
0
0
0
0
1
1
0
0
0
0
1
0
1
0
0
0
1
0
0
0
1
0
1
0
0
0
0
1
1
0
0
0
0
1
0
0
1
0
1
0
0
0
0
1
1
0
0
0
0
0
0
0
0
0
0
0
0
1
0
0
0
0
0
0
1
0
1
0
1
1
0
0
0
0
1
0
0
0
0
0
0
1
0
0
0
0
0
1
0
1
0
0
1
0
0
0
0
0
1
0
0
1
0
0
1
0
0
0
0
0
0
1
0
1
0
1
0
0
0
1
0
0
0
0
1
0
1
1
0
0
1
0
1
0
0
0
0
1
0
1
0
0
0
0
1
0
0
1
0
0
0
1
0
1
1
0
0
1
0
0
1
1
0
0
0
1
1
0
0
1
0
0
1
0
1
0
0
1
0
0
0
0
0
0
0
1
0
1
0
0
1
0
1
1
1
1
1
0
1
1
0
0
0
0
0
0
0
0
1
1
0
0
1
0
0
0
1
1
1
1
0
0
0
0
1
0
1
1
0
1
0
1
1
0
1
1
1
0
0
0
1
0
0
0
0
1
1
1
1
1
0
0
1
0
0
0
0
0
1
0
0
0
0
0
0
0
0
0
0
1
0
0
1
0
1
0
0
0
0
0
1
1
0
0
1
0
0
1
0
0
1
0
0
0
1
1
0
0
1
0
1
0
1
0
0
0
0
1
1
0
0
1
0
0
0
0
1
0
1
0
0
0
0
0
0
0
0
0
0
0
0
1
1
1
0
1
0
0
1
1
0
0
0
0
0
0
0
1
1
0
1
0
0
0
0
1
0
1
0
0
0
1
1
0
0
1
0
0
0
0
0
0
0
1
1
0
0
0
0
0
1
0
0
0
1
0
0
0
1
0
0
0
0
0
0
1
1
0
1
1
0
1
0
0
0
1
0
0
0
1
0
1
0
0
0
1
0
0
0
0
0
1
0
1
0
0
0
1
0
0
1
0
0
1
1
1
0
0
0
0
1
0
1
1
0
1
1
1
0
0
0
0
0
0
1
0
0
0
0
1
0
0
1
1
0
0
0
0
0
0
0
0
0
0
0
0
0
1
1
1
0
0
1
0
0
0
0
0
0
1
0
0
1
1
0
0
0
0
0
0
1
1
0
0
0
0
0
0
1
1
0
0
1
0
0
1
0
0
0
0
0
0
0
0
0
0
0
0
0
0
0
1
1
0
1
1
0
1
0
1
1
1
0
1 518 7900
1 360 3885
518 246 5156
246 941 3695
941 418 3499
941 544 5401
418 522 5626
418 987 5143
522 540 2149
522 27 419
540 565 7500
540 395 4589
565 356 4256
356 804 5663
804 972 8742
972 150 9626
150 219 80
150 673 9537
219 612 7599
612 724 5345
724 152 1181
152 871 7944
871 741 3868
741 958 2610
958 280 1894
280 878 2253
280 772 8206
878 637 9029
878 502 9155
637 59 4002
59 927 2984
59 22 7055
927 466 7886
466 603 4492
466 742 7101
466 26 7737
603 446 9892
446 196 2727
196 156 2879
156 253 2040
253 27 3145
27 136 6731
27 849 6628
136 138 3752
136 214 2393
138 475 1722
138 785 3377
138 975 8824
475 648 7610
648 504 975
504 966 4169
966 38 8791
966 674 8919
38 288 8036
288 235 7752
288 771 7164
235 512 6640
512 786 5957
786 618 6192
618 807 5795
807 149 9958
149 326 5527
149 558 9201
326 485 4196
485 340 18
485 828 6301
340 811 1932
811 173 6261
173 380 5379
380 25 1162
25 916 8301
916 401 4875
401 395 7892
401 838 1280
395 175 8626
175 677 6637
175 898 9353
677 109 2002
109 937 5460
109 486 3315
937 905 2977
905 834 9628
834 754 8457
754 412 8247
412 66 4016
66 770 6208
770 619 5410
619 752 7007
752 928 2165
928 77 7953
77 279 2801
279 614 8474
614 473 3479
614 953 8353
473 234 2669
473 773 3497
234 633 1006
633 641 952
641 420 9757
641 676 6384
420 742 2114
742 910 4409
742 171 7611
910 597 6357
910 779 2041
597 144 6236
597 209 2993
144 164 1393
144 956 4590
164 391 8453
391 368 4707
391 169 7566
368 8 4432
8 949 3163
8 668 2164
8 676 4799
949 116 9371
116 10 3925
10 153 1806
153 901 7887
901 683 1877
683 782 958
782 653 2712
653 146 5355
146 880 9311
880 297 5381
297 577 5203
577 347 6668
347 169 6332
347 711 1312
169 570 9403
570 615 4797
615 195 5720
195 838 7013
838 953 1154
953 990 7760
990 316 3249
990 243 4146
316 306 5505
306 163 4190
163 417 8950
417 302 211
302 373 1755
373 424 3382
424 182 9726
182 729 270
729 284 4532
284 837 5448
837 67 4194
67 668 6337
668 250 3334
250 908 6070
908 179 3647
179 127 6045
127 160 1424
160 243 9309
243 257 7777
257 599 2979
599 749 5976
749 197 461
197 735 4290
197 464 5378
735 102 1609
102 744 6361
744 83 2391
83 40 2762
40 971 473
971 220 1991
220 785 3260
785 767 2329
767 526 6180
526 815 2209
815 932 8891
932 544 4286
544 470 1942
470 472 8616
472 852 4555
472 210 2826
852 888 4063
888 890 8748
890 96 9162
96 779 3748
779 487 1169
487 178 2808
178 348 6145
348 123 8944
123 396 8468
396 210 273
210 1000 1922
360 46 4443
360 495 733
46 483 2563
483 456 9821
456 568 2342
568 239 8924
239 467 8563
467 58 1455
467 388 5748
467 118 6905
58 35 4714
35 564 8076
35 154 9436
564 402 3275
402 18 6966
18 887 73
887 154 5216
154 682 5582
154 685 979
682 562 8041
682 588 5996
562 289 9726
289 630 3555
630 914 6096
914 679 7246
679 829 2714
829 480 2240
480 67 6189
480 477 1182
480 805 2512
477 53 8111
53 139 1976
139 622 9597
622 227 673
227 855 1796
855 309 1938
855 84 5948
309 867 6710
867 70 9744
70 591 1695
591 376 9966
376 987 4458
987 42 9770
42 806 5753
806 962 7732
962 644 3088
644 617 5825
617 961 9299
617 651 5021
961 247 6803
247 793 3692
793 457 1016
457 903 2880
903 574 3598
903 352 7111
574 346 6477
346 348 2663
346 875 5702
346 367 2666
875 285 3844
875 437 8214
285 200 776
285 781 5820
200 377 7810
200 369 7800
377 669 3967
377 212 6099
669 204 3748
669 870 7029
204 994 2194
994 995 1794
995 992 3346
992 884 6651
992 460 1564
884 286 9099
884 751 734
286 824 1003
824 459 1275
459 307 6385
307 531 6023
531 268 4430
268 882 6428
268 497 7038
882 103 7309
103 724 25
103 131 501
131 601 3786
601 329 2687
329 142 6202
329 886 2803
142 432 2883
432 642 767
642 392 3578
392 279 5054
392 61 4928
392 963 7729
61 388 5372
61 269 7378
388 130 1476
130 963 2400
130 902 9572
963 662 3270
662 871 5746
662 371 2574
371 6 1185
371 632 1196
371 97 9660
6 2 2187
6 587 2470
2 571 6044
571 155 8209
155 698 6899
155 581 8823
698 587 1598
587 959 560
959 249 8847
249 442 8450
249 365 697
442 625 7885
625 688 4652
688 463 3499
463 378 7119
463 158 1770
378 787 3428
787 28 2172
28 933 3050
28 795 1156
28 85 7544
933 868 427
868 321 2632
868 488 6295
321 957 6350
957 237 2253
237 260 8392
260 629 8924
629 909 9789
909 394 9587
909 100 4935
394 13 1975
13 821 2057
13 699 7330
821 264 6535
821 332 8955
264 658 6152
658 75 8132
658 719 5866
658 768 1350
75 190 6582
190 624 6562
190 165 5586
190 699 7585
624 672 6412
672 750 2705
750 248 5706
248 891 9839
891 543 4876
891 134 8755
543 977 995
977 971 8771
977 955 5534
955 827 9978
955 65 5066
827 790 1883
790 466 8582
790 407 9809
790 835 7158
407 469 8370
469 646 9396
469 262 8444
646 536 6696
536 431 1452
431 396 5773
431 593 3230
593 795 6758
593 65 1924
795 718 7713
795 99 8976
718 988 9625
718 211 646
988 221 5537
221 22 5211
22 203 8230
203 632 8301
632 174 7915
632 833 288
174 351 8139
351 631 9142
631 831 9042
831 660 5485
660 236 4265
660 859 927
236 661 1814
661 188 9330
661 822 9162
188 686 6747
686 115 9138
115 666 6319
666 245 5116
245 572 4885
572 924 4763
572 692 1811
924 381 2688
381 105 6887
105 703 1392
105 762 9446
703 51 8811
51 357 9105
357 655 8421
655 500 4787
500 21 9750
21 389 309
389 779 9997
389 39 4332
39 332 8609
332 723 7911
723 524 971
524 256 3100
256 899 3405
899 845 6364
899 48 8584
899 702 7669
845 505 7291
505 167 6750
167 192 3350
167 513 6452
192 508 3496
508 719 8839
719 323 9122
323 362 8612
362 374 3724
362 222 236
374 499 6774
374 490 6411
499 197 7123
499 186 4518
186 680 2208
680 199 2285
199 158 3622
158 769 6980
769 712 7071
712 461 9723
461 292 7289
292 627 7068
627 781 406
781 151 2249
781 44 1330
151 93 1376
151 369 5348
93 766 4734
766 716 4092
716 282 284
282 730 2402
730 825 1382
730 872 7033
825 539 5751
539 350 4185
350 94 6880
350 858 4590
94 848 3306
94 298 5491
848 805 4665
805 844 9894
844 975 8617
844 33 1075
975 818 7016
818 185 3134
818 444 3283
818 691 5652
185 489 3107
185 427 262
185 422 2722
489 697 9181
697 106 3902
697 854 6141
697 271 5939
106 665 2503
665 846 7471
846 555 7314
555 864 7850
864 605 8556
605 800 7757
800 921 4485
800 986 7310
921 553 9138
553 967 1517
967 596 3060
967 925 9674
596 784 4749
596 98 4001
784 361 9332
361 519 6591
519 409 5017
409 986 9225
986 427 5207
427 47 6092
47 912 2592
912 714 4692
912 830 5726
714 592 4595
592 683 4150
592 337 2339
337 506 7316
506 121 3331
121 205 2593
121 546 9809
121 177 9269
205 472 5095
205 721 3631
721 387 2934
721 850 9296
721 41 2186
387 452 691
452 798 3781
798 583 9495
798 283 6180
583 393 1649
393 965 8907
393 674 2206
965 918 6397
918 343 9259
343 535 1537
535 428 2988
428 841 4276
428 657 7113
841 492 4546
492 372 6719
372 148 6056
148 667 9238
667 222 2444
222 764 650
222 877 3387
764 433 1134
433 496 4317
496 948 3069
948 228 3726
228 451 4125
451 842 2337
842 943 8820
943 313 7755
313 191 1623
191 873 8116
873 111 6293
111 133 8665
133 541 8248
541 503 2139
503 704 4844
704 244 9896
244 546 1045
546 580 7049
580 230 6293
230 30 6656
30 737 4937
737 502 9280
737 208 931
502 777 2049
777 272 3825
777 791 7649
272 789 4456
789 170 9414
170 184 6444
184 746 5105
746 397 9153
746 696 7577
397 797 9422
797 608 2221
608 727 7655
727 339 9898
339 705 910
705 465 2826
705 763 4005
465 779 2532
465 606 941
606 861 297
861 810 1196
810 551 5540
810 542 2435
551 756 2391
756 701 5436
701 45 9832
45 862 9440
862 79 1728
79 621 6487
621 320 728
320 549 7359
549 594 7417
594 48 9129
594 56 7535
594 984 1417
48 689 3584
689 224 6949
224 589 7860
589 476 5041
476 925 6101
925 31 1788
31 161 4462
31 100 4673
161 26 5794
26 765 711
765 275 5582
275 193 8620
193 194 4715
194 978 8113
978 460 5912
460 575 5011
575 495 5660
495 266 1452
495 920 3798
266 345 8051
266 43 6887
345 353 9981
353 616 3842
353 650 4966
616 36 6467
36 176 4569
176 860 8676
860 129 235
129 856 3697
129 300 6210
856 369 1651
856 261 3633
369 298 9510
369 19 5862
298 639 8673
639 794 1962
794 325 4001
325 177 9486
177 422 6635
422 491 9795
491 64 196
64 996 8568
996 429 8414
429 157 4911
157 168 6681
157 780 677
168 944 6273
944 832 2340
832 406 2128
832 14 6422
406 160 390
406 165 9014
165 17 6402
17 923 583
923 820 331
820 258 9220
258 802 5152
802 588 9006
588 425 9454
425 850 5200
850 892 5216
850 725 7456
892 120 5184
120 559 1077
559 771 9669
771 448 3856
448 801 3039
801 24 3670
24 510 9693
510 586 6025
586 443 9816
443 445 9889
445 212 4592
212 251 4581
251 886 1151
886 342 7624
342 566 5257
566 254 3775
254 366 6316
254 513 7385
366 830 197
830 128 3057
128 450 2750
128 344 2950
450 675 3640
675 484 9433
484 63 2170
484 181 8791
63 600 8438
600 56 7975
56 900 342
900 82 5
82 640 5431
640 225 5526
225 513 1082
513 293 5099
293 301 5733
301 49 472
49 458 5120
458 828 5426
828 854 6496
854 486 1287
486 493 5314
493 331 7439
331 885 5867
885 403 2816
403 145 5063
145 762 7476
762 104 6590
104 611 1378
611 327 1212
611 405 3138
327 650 4434
650 62 313
650 676 2440
62 127 8073
62 788 9745
62 906 4609
788 118 3215
118 817 8183
118 938 8935
817 57 3557
57 708 4539
708 897 4365
708 441 5434
897 952 1972
952 300 5816
300 23 1166
23 732 2443
732 511 7287
511 95 6591
95 954 5290
954 745 8574
745 439 8256
439 527 2729
527 981 792
981 552 1071
552 379 4143
379 759 8267
759 757 4013
757 738 5520
738 791 9478
791 146 3502
791 542 6305
542 333 9791
333 673 5941
673 985 730
673 980 9535
985 125 6901
125 97 3944
97 635 4069
635 112 5836
112 742 3852
112 968 8608
968 462 6552
462 826 9285
826 520 6931
520 365 8719
365 335 6803
335 470 9374
335 773 6006
773 930 3393
930 945 4663
945 430 931
430 478 8001
478 328 3743
328 382 1722
382 318 5423
318 853 7885
853 537 9989
537 455 9435
455 217 9756
455 73 9466
217 20 2937
217 598 2413
20 685 5608
20 89 5229
685 836 3142
836 481 5143
481 628 2130
628 713 7085
713 108 5563
108 171 7965
171 44 937
44 898 522
898 32 4516
32 273 6573
273 778 7453
273 41 3235
778 400 3375
400 768 6826
768 931 5592
931 206 3120
206 114 7840
114 991 6522
114 739 7472
991 404 7935
404 607 8243
607 444 2894
444 710 2171
710 558 4583
558 349 8681
349 304 8279
304 602 4049
602 649 7969
649 699 691
699 869 9656
869 15 3197
15 303 3832
303 761 1150
761 113 5326
113 913 916
913 390 6713
390 134 9642
134 415 8204
134 140 7234
415 623 510
623 684 1129
684 613 4686
613 488 3744
488 590 4503
590 942 7863
942 370 5687
370 207 3974
207 195 2055
207 940 2208
940 87 1445
87 609 9989
609 816 6802
816 267 691
267 626 8511
626 81 1385
81 117 9371
117 707 6789
707 99 5433
99 620 3691
620 577 7479
620 907 1440
907 822 6887
822 946 1310
946 100 2590
946 507 8565
100 751 8578
100 124 5654
751 529 4558
529 696 6781
696 808 9239
808 276 5067
276 386 4261
386 579 277
579 753 8810
753 434 8764
434 498 8139
498 213 4496
213 748 9089
748 159 193
159 101 3055
101 218 534
101 308 6533
218 953 9857
218 34 1224
34 563 5044
563 482 1241
482 375 6946
482 411 1832
375 269 3025
269 189 636
189 210 9311
189 5 816
189 180 3874
5 83 6972
5 490 9757
490 833 8790
490 636 5549
833 29 5410
29 717 3348
717 416 8682
416 299 4649
299 92 8414
299 60 2942
299 983 1277
92 90 3576
90 874 8057
874 314 9415
314 132 4423
132 4 7146
132 12 5960
4 352 7478
352 799 7679
799 715 8844
715 441 3686
441 969 5254
969 305 239
305 964 1278
964 674 2199
674 734 2071
734 507 4302
734 11 9186
507 709 7733
709 643 5117
643 998 9411
998 747 1056
747 557 4874
557 141 8201
141 851 6605
141 497 6635
851 514 1548
514 569 5286
569 419 7635
419 195 6313
419 920 4579
920 651 8911
651 241 9888
241 278 2636
278 812 4678
812 73 663
73 521 9781
521 947 6989
947 354 4492
354 582 3811
582 324 5832
324 847 8177
847 984 5416
984 198 6071
198 334 9454
334 938 3966
938 454 4493
454 950 107
950 229 3151
229 86 8577
86 560 1575
560 255 2561
255 532 9632
532 438 6448
438 702 7113
702 917 2588
917 728 9435
728 687 5012
687 550 4225
550 398 3421
398 363 1325
363 60 8804
60 270 2332
270 9 7564
9 865 1439
865 312 3361
312 956 8226
956 84 7571
84 384 349
384 231 2717
231 576 7733
576 509 6180
509 604 7245
604 919 3148
919 315 8602
315 497 6698
315 525 3465
497 119 9446
119 3 3156
3 694 2967
3 517 8022
694 997 4731
694 43 5527
997 700 4006
700 814 7530
814 12 8992
12 78 6593
78 71 3316
71 55 4003
55 232 818
232 88 6737
88 695 5327
695 706 9621
706 14 9068
14 894 2891
894 291 7411
291 581 2428
291 774 7468
581 733 1333
733 989 2776
989 410 185
410 585 5417
585 573 5307
573 783 3781
783 242 4916
242 548 261
548 516 6831
516 261 8380
261 671 9706
671 775 9986
775 284 1346
775 37 4080
37 980 4716
980 556 3224
556 172 8085
172 852 8598
172 110 2215
110 515 1029
110 271 1913
515 877 6218
877 43 1846
43 819 8649
819 98 7896
98 215 7818
215 934 4068
934 578 7138
578 453 1580
453 423 6495
423 999 4606
999 435 2912
435 240 5622
240 214 1142
214 663 4680
663 935 7281
935 843 4922
843 652 9595
652 656 3893
656 725 1752
725 208 7974
208 474 3598
474 561 8090
561 922 5671
922 76 4029
76 803 2805
803 89 8895
89 904 2113
904 447 7754
447 50 7461
50 982 9494
982 271 9667
271 711 3678
711 792 1339
792 554 4667
554 530 7926
530 166 5509
166 657 8735
657 979 5063
979 796 7088
796 162 1581
162 449 9668
449 69 6352
69 52 3555
52 147 7161
147 440 1031
440 281 7187
281 468 2083
468 774 626
774 408 1079
408 54 186
54 693 4951
54 308 4676
693 479 8275
479 736 6974
479 140 5057
736 33 7432
33 364 5868
364 310 3521
310 849 5185
849 413 9680
413 857 3014
857 902 1203
902 538 9710
538 319 4353
538 780 2222
319 338 7635
338 137 6213
137 41 956
41 202 2697
202 283 3300
283 523 8888
523 265 8717
265 654 9651
654 85 2442
85 664 2229
664 890 7034
664 896 9628
896 143 663
143 19 4011
19 311 706
311 336 849
336 414 8961
414 960 1734
960 383 5475
383 692 2286
692 951 6790
951 859 2906
859 670 4505
670 223 310
223 528 4443
528 879 4185
528 595 9676
879 598 1997
598 226 3894
226 399 380
399 974 4218
974 525 1528
525 852 6592
525 870 1525
870 124 576
124 180 9891
180 858 413
858 216 5644
216 881 5894
881 823 9206
823 545 7873
545 344 2927
344 123 5186
344 471 4887
471 883 6937
883 780 2243
780 294 5735
294 494 2249
494 140 3976
140 681 7562
681 287 4535
287 437 7117
437 252 6819
252 135 5391
135 678 3779
678 906 7613
906 740 9575
740 939 3454
939 973 9610
973 647 3468
647 80 185
80 296 179
296 676 1347
676 11 6776
11 238 8056
238 187 8275
187 396 3018
187 763 4820
763 758 270
758 690 8911
690 926 4025
926 720 8142
720 929 8189
720 72 5562
929 595 3029
929 970 1477
595 183 7805
183 501 5115
501 330 78
330 65 8132
65 274 9028
274 863 964
863 201 5249
201 385 5847
385 743 6354
743 341 5379
341 72 3459
72 645 5929
645 772 5184
772 722 9420
722 610 5748
610 464 5368
464 91 5951
91 970 3447
970 317 2143
317 739 4006
739 295 8073
295 840 1512
840 993 8825
993 839 8342
839 936 423
936 263 9201
263 872 2836
872 638 4963
638 726 4763
726 122 2216
122 411 6440
411 547 8919
547 209 7330
547 534 6517
209 259 7050
259 976 2710
976 835 7480
835 813 8650
813 277 8556
277 809 3833
809 755 4028
755 68 8366
68 866 6113
866 367 5563
367 126 7786
126 691 1861
691 290 930
290 895 3736
895 567 5307
567 889 9424
889 533 4093
533 893 3379
893 16 936
16 517 9269
517 358 8072
358 211 7710
211 359 4821
359 534 907
534 983 2672
983 876 5935
876 731 3122
731 436 9111
436 355 4853
355 634 6804
634 911 1979
911 915 8255
915 405 9513
405 636 9458
636 262 6904
262 760 8068
760 74 9643
74 426 7284
426 181 6433
181 584 5755
584 308 2846
308 233 570
233 776 7615
776 322 128
322 421 657
421 7 9273
7 659 9551
659 107 1101
107 1000 9003
