1000 1100
0
0
0
0
1
0
0
0
0
0
0
0
0
0
0
0
0
0
0
0
0
0
1
0
0
1
0
1
1
0
0
1
0
1
0
1
0
1
0
1
0
0
1
1
1
1
0
0
0
0
0
0
1
0
0
0
1
0
1
0
0
0
0
1
1
0
0
1
0
1
1
0
0
0
0
0
0
0
1
0
0
0
0
0
1
0
1
1
0
0
0
1
0
0
0
0
1
0
0
0
1
0
1
0
0
0
0
0
1
1
0
0
1
0
0
0
1
0
0
0
0
0
1
0
0
0
0
1
0
0
0
0
0
0
0
0
1
0
0
1
1
1
0
0
0
1
0
1
0
0
0
0
0
0
0
1
0
0
0
0
0
1
0
0
1
0
0
0
1
0
1
0
0
1
0
1
0
0
1
0
1
0
1
1
1
1
1
0
1
0
0
0
0
1
0
1
0
0
1
0
0
0
0
0
0
1
0
0
0
0
0
0
1
0
0
0
0
1
0
0
0
0
0
0
0
1
0
0
0
1
0
1
0
1
0
0
1
0
0
0
0
1
0
0
0
0
1
1
0
0
0
0
0
0
0
0
1
0
0
0
1
0
0
0
0
1
0
1
0
0
0
0
0
1
0
0
0
0
0
1
1
0
0
1
0
0
1
0
0
0
1
0
0
0
1
1
0
0
1
1
1
1
1
0
0
0
0
1
0
0
0
0
1
0
0
0
0
0
1
0
0
1
0
0
1
0
0
1
0
0
0
0
0
0
1
1
0
1
0
0
0
1
0
0
0
0
0
0
1
0
0
1
1
0
1
0
0
0
1
0
1
1
0
1
0
0
1
1
0
1
1
0
0
1
0
0
1
1
0
1
0
0
1
0
0
1
0
0
0
0
1
0
1
0
0
0
1
0
0
1
0
1
0
0
0
1
1
0
0
0
0
0
0
0
0
0
1
0
0
1
0
0
0
0
0
0
1
0
0
1
1
0
0
1
1
0
1
0
1
1
1
0
1
0
1
0
1
1
0
1
0
0
0
0
0
0
0
0
1
0
0
1
1
0
0
1
1
0
0
0
1
0
0
0
0
0
0
0
0
0
0
0
1
0
0
1
1
0
1
0
0
1
0
0
0
0
0
0
0
0
0
0
1
0
0
0
0
1
0
0
0
0
1
1
0
1
0
0
0
0
0
0
1
0
1
1
0
0
1
1
1
1
0
0
1
0
1
1
0
1
1
1
0
0
0
0
0
0
1
0
0
0
0
0
1
0
0
0
0
0
0
0
1
0
1
0
0
0
1
0
1
0
0
0
0
0
0
1
0
0
0
0
0
1
0
0
0
0
0
1
0
0
0
0
0
0
1
0
0
1
0
0
0
1
0
1
0
0
1
0
0
0
1
0
0
0
1
0
0
0
0
0
0
0
0
0
0
0
1
0
1
0
0
0
0
0
0
0
0
1
0
0
1
1
1
0
0
0
0
1
1
0
0
0
0
1
1
0
0
0
0
0
0
1
0
0
0
0
0
1
0
1
0
0
0
1
1
0
1
0
1
0
0
0
0
0
1
0
0
0
1
0
0
0
0
0
0
0
0
0
0
1
0
0
0
1
0
0
1
0
0
0
0
1
0
1
0
0
1
0
1
0
1
0
1
0
1
0
0
0
0
0
1
0
0
1
0
0
1
1
0
0
0
0
0
1
0
1
0
1
0
0
1
0
0
0
1
0
1
0
0
1
0
1
0
0
0
0
0
0
0
0
0
0
0
0
0
1
0
0
0
0
1
0
1
1
0
0
0
0
0
1
1
0
1
1
1
0
0
0
0
0
1
0
0
1
0
0
0
0
1
0
0
0
1
0
0
0
1
0
1
1
0
0
1
1
0
0
0
0
0
0
0
0
0
0
0
0
0
1
0
1
1
0
0
1
0
1
1
0
0
0
1
0
1
0
0
1
0
0
1
0
1
0
0
0
0
0
1
0
1
0
0
1
0
0
0
0
0
0
0
0
0
1
0
0
1
1
0
0
0
0
0
0
0
0
1
0
0
0
0
0
0
0
1
0
1
1
0
0
0
1
0
0
0
0
1
0
0
1
0
1
0
1
1
0
1
1
1
1
1
1
1
0
1
0
0
0
1
1
0
0
1
1
1
0
0
0
0
0
1
0
0
1
0
1
0
0
0
1
0
0
0
0
1
1
1
0
1
0
1
1
0
1
0
1
0
0
0
1
1
1
0
0
0
0
0
0
0
1
0
0
0
0
1
0
0
0
0
0
1 672 8225
1 255 7751
672 231 1534
672 405 9718
231 264 5563
264 551 6146
551 271 9041
271 55 6906
55 144 4897
144 320 8330
320 416 3287
416 70 6106
70 186 5781
186 352 7888
352 691 6793
691 643 9376
643 577 1953
577 91 1723
577 951 6791
91 695 3646
695 351 756
351 348 3303
348 583 1221
583 726 9998
726 832 5095
832 614 8000
614 718 2061
718 1000 8490
255 466 4652
466 408 1758
408 861 683
861 246 2876
246 495 9508
246 248 8568
246 181 8945
495 654 5070
654 482 4714
482 253 7986
253 447 8328
447 236 5962
236 514 2667
514 507 7966
507 661 2067
661 126 4799
126 57 5853
57 439 8859
439 183 4174
183 125 4157
125 464 582
464 634 7317
634 854 7802
854 715 7689
715 81 619
81 38 5375
38 657 7686
657 625 5713
625 756 9726
625 930 6098
756 240 555
240 599 4377
599 456 7855
456 463 7589
463 59 3605
59 449 7362
449 948 6156
948 562 2549
562 275 8784
275 422 869
422 936 6886
936 611 3463
936 219 3182
611 829 5904
829 172 1428
172 589 5249
589 934 702
934 717 3632
717 738 459
738 917 1228
917 426 7788
426 74 7392
426 519 8544
74 815 5590
815 820 5080
820 146 9162
146 981 7316
981 139 9117
139 433 1226
433 671 7041
671 412 5214
412 932 1780
932 474 7769
932 900 3068
474 273 5720
273 211 1373
211 509 6782
211 963 1876
509 762 274
509 719 1917
762 322 9096
322 104 7159
322 542 1731
104 189 2278
189 982 3063
189 874 3158
982 752 7526
752 375 3764
375 446 6789
375 222 4336
446 783 1343
783 60 4576
783 284 1728
60 739 9886
60 225 6517
739 436 6807
436 906 5399
906 251 184
251 957 5924
957 600 6625
957 19 3576
600 541 7489
600 548 4756
541 930 1345
930 63 6909
63 869 6828
869 154 9069
154 54 3690
54 53 8703
53 18 9342
18 163 1958
163 410 4150
410 886 6501
886 581 3688
886 641 6427
581 390 5915
390 686 3197
686 258 304
258 956 6030
956 682 9985
682 29 4640
29 788 7373
788 270 912
270 648 6367
648 894 7258
894 242 3781
242 777 9525
777 486 9009
486 383 3964
383 323 1800
323 915 1985
323 384 3892
915 908 9289
908 580 6740
580 373 5236
373 670 6197
670 217 3567
217 92 4304
217 941 6238
92 396 8621
396 83 9998
83 179 8195
179 450 2771
450 539 2850
539 202 8234
202 206 5549
206 749 8764
749 401 1430
401 476 5853
476 7 4793
7 21 7766
7 452 6844
21 379 8517
379 516 8677
516 617 9562
617 397 2127
397 282 8809
282 468 9086
468 148 1135
148 880 9125
880 223 886
223 958 3119
958 69 3016
69 922 6526
922 510 6210
510 758 4603
510 448 2722
758 789 6129
789 302 5258
302 487 8959
487 247 4749
247 950 5255
950 860 3505
950 102 3871
860 503 8104
503 360 1738
360 810 9420
810 949 6867
949 693 3167
693 874 5272
874 574 8012
874 571 7284
574 870 8467
870 279 2880
279 954 5960
954 349 8028
349 267 5006
267 75 1121
75 72 3465
72 572 6140
572 942 6597
942 515 702
942 937 5610
515 150 9612
515 662 7227
150 555 1820
555 852 566
852 879 9948
879 868 7948
868 746 5823
868 937 5258
746 675 9048
746 655 1078
675 34 8762
34 192 2919
192 967 9181
967 434 499
434 866 8690
866 140 2400
140 946 17
946 278 313
278 329 6763
329 295 7300
295 182 8779
182 554 9642
182 592 9612
554 744 3158
744 913 4648
744 750 7084
913 720 6622
720 684 7139
720 527 3680
684 524 7324
524 84 2749
84 386 3291
386 393 4550
393 368 920
393 764 3856
368 445 850
445 425 5219
445 31 6030
425 610 6107
610 283 618
610 95 7107
283 961 1221
961 619 9888
619 27 2640
27 369 8071
369 613 8577
613 225 1391
225 965 4440
965 306 8889
306 773 8153
306 234 1739
306 334 4019
773 801 4146
801 929 7702
929 757 7176
757 31 8793
31 888 4785
888 336 3798
336 46 2284
336 294 4816
46 359 7473
359 39 1384
39 731 4458
731 301 8374
301 760 8655
760 698 8313
698 262 5575
262 492 3873
492 502 695
502 560 1682
560 772 4490
772 117 7801
117 832 9254
117 876 730
876 328 6792
328 459 7324
459 916 9306
916 193 8182
193 309 8115
309 751 4547
751 424 2686
424 25 6206
25 848 8565
848 392 6832
392 169 3907
392 180 2093
169 632 1976
632 442 5044
442 676 2242
676 135 4259
676 376 9859
135 734 9714
734 400 5642
400 536 4317
536 93 8087
536 380 4296
93 567 8981
567 601 3662
601 327 4520
327 19 9675
19 467 1695
467 973 5362
973 947 3828
947 37 7300
37 742 6091
742 620 619
620 162 975
162 261 1748
261 540 5153
261 641 9090
540 978 2646
978 20 7838
20 871 5295
871 882 7563
882 220 1021
220 165 9201
165 688 9655
688 865 2997
865 79 596
79 394 1896
394 101 7255
394 106 6807
394 361 7961
101 987 9249
987 659 1123
659 782 6047
782 623 9896
623 143 6455
143 761 6060
761 593 4416
593 88 2482
88 173 4106
173 435 6129
435 49 2661
49 533 7757
533 835 2219
835 438 9631
438 341 8732
341 576 318
576 530 4783
530 177 7821
177 755 2964
755 770 8973
755 363 3115
770 604 526
604 307 9993
307 549 8667
549 460 180
460 214 2989
214 469 9263
469 528 8427
469 575 6596
528 288 6069
288 266 6387
266 944 5844
944 522 3543
522 612 8785
612 265 5739
265 234 6349
234 920 1197
920 132 6506
132 840 8830
840 778 1654
778 363 2634
363 149 7842
149 90 9411
90 198 1204
90 419 7473
198 170 8142
198 724 1522
170 638 8607
638 660 5962
660 902 837
902 711 7579
711 747 5428
711 319 7714
747 8 3924
8 171 4094
8 645 4245
171 213 3264
213 377 3356
377 566 2671
566 138 9859
138 845 5776
845 156 5409
156 681 2054
681 687 5670
687 420 4193
420 491 4145
491 108 2019
108 325 5389
325 696 650
696 979 7200
696 506 3395
979 584 9636
584 324 1394
324 45 2805
45 85 7191
85 380 8866
380 771 946
771 831 5064
831 873 7472
873 825 3259
825 357 5900
357 22 1403
22 703 8686
703 155 3613
703 588 5326
155 493 2779
493 293 7857
293 594 8589
594 454 2487
454 823 6879
823 3 4800
3 637 4614
637 228 2287
228 821 6853
228 243 284
821 798 6480
798 887 7349
887 518 8654
518 863 8220
518 517 4351
863 465 2205
465 697 7966
697 303 3986
303 585 9950
585 204 770
204 903 7528
903 787 8815
787 940 8067
940 461 2592
461 656 2639
656 219 1325
219 238 8491
238 35 4041
35 406 6362
406 535 8456
535 527 9366
527 939 5493
939 650 2664
650 6 4306
6 350 7979
350 269 9543
269 289 5457
289 763 8944
763 802 8181
763 414 2310
802 745 5579
745 286 4660
286 134 6010
134 901 584
901 811 9232
811 471 360
471 639 9141
639 996 3549
996 885 697
885 780 9090
780 116 4319
116 481 8225
481 313 7905
313 818 8737
313 733 816
818 680 543
818 248 62
818 667 5658
680 128 4583
128 896 2775
896 512 465
512 723 300
512 740 8267
512 374 3129
723 342 957
342 14 2597
342 926 9023
14 832 6414
14 158 1541
158 960 7203
960 877 5075
877 299 7119
299 316 8215
316 95 1084
95 506 7703
506 285 3798
285 437 7796
437 431 6843
431 413 7346
413 127 8492
127 263 5932
127 883 1664
263 472 6716
472 626 188
626 185 401
185 809 3883
809 655 730
655 985 6814
985 673 9541
673 769 1664
769 736 5940
736 195 5
736 68 8315
195 790 4207
790 109 9485
109 933 9272
109 779 6803
933 971 8507
971 86 2037
86 340 4695
340 248 5710
248 976 7111
976 732 1814
732 321 276
321 66 4546
66 106 5868
106 452 4073
452 609 2341
609 197 9062
197 992 1418
992 532 833
532 558 1345
558 883 9434
883 254 3900
254 244 1533
254 819 6186
244 963 7783
963 595 8614
595 497 9351
497 274 3675
274 702 6630
702 168 5290
168 628 31
628 501 4944
501 983 9496
501 175 5868
983 15 567
15 543 2651
543 137 4374
137 989 2603
989 429 7345
989 767 6435
429 849 9713
849 32 5510
32 633 6710
633 977 4259
977 857 1377
857 714 7134
714 504 2951
504 160 6790
160 65 8552
65 664 3783
664 281 4487
281 290 4337
290 630 4035
630 444 6019
444 477 522
477 721 1817
721 304 984
304 701 9872
701 662 1843
701 47 7613
662 559 5161
662 398 8225
559 647 8909
647 337 4657
337 100 4092
100 153 9475
153 875 3659
875 82 8466
82 103 8430
103 847 1003
103 631 1252
103 358 4494
847 895 6513
895 767 4314
767 699 5104
699 315 4241
315 685 1447
685 458 8055
458 646 7383
646 910 9998
910 534 1837
534 130 1869
130 113 4334
130 164 2223
113 215 4239
215 706 1207
706 23 4039
23 683 5222
683 243 1078
683 988 2233
243 451 9187
451 931 2591
931 56 458
931 287 8095
931 494 3599
56 582 4549
582 294 3921
294 409 7257
409 729 9366
409 207 2350
729 791 8259
791 955 618
955 952 3196
952 123 1123
123 945 4931
945 157 8299
157 332 1716
332 972 2729
972 980 6353
980 188 9098
188 71 9079
71 184 4542
184 708 966
708 12 3412
12 64 6764
64 333 5204
333 856 971
856 78 7155
78 766 6777
766 537 2048
537 616 9387
616 317 5963
317 488 990
488 119 6196
119 665 409
119 975 4588
665 384 745
384 40 682
40 428 1844
428 748 6462
748 824 9383
824 759 6455
759 107 3431
107 26 2578
107 784 7577
26 498 4713
498 114 877
114 964 9292
964 235 7442
235 586 7229
586 970 4741
970 764 6520
764 200 1770
200 859 5706
859 627 6283
627 430 8534
430 147 7261
147 547 7253
547 448 5688
547 41 390
448 364 5653
364 640 1426
640 590 6352
590 781 6642
781 326 7622
326 692 3113
692 77 7582
77 984 4718
984 483 3794
483 89 9425
89 98 1179
98 730 3176
730 667 5879
667 573 4610
667 526 5754
573 366 9808
366 479 5674
479 291 2982
291 404 9099
404 51 3115
51 826 210
826 833 192
833 529 9634
529 203 8332
203 557 2249
203 508 2269
557 808 3217
808 218 9510
218 96 9521
96 207 5256
207 43 9899
43 588 1525
588 403 6681
403 803 2602
803 224 4519
224 843 654
843 891 5714
891 80 2100
80 846 5371
846 48 5859
846 907 7876
48 427 2902
427 740 5387
740 121 3755
121 2 3863
2 569 7492
569 405 3562
569 995 9536
405 889 473
889 141 9012
141 5 2651
5 36 7034
36 725 5555
36 382 8636
725 284 1717
284 545 7804
545 753 904
753 704 4933
704 280 7313
280 743 6777
743 842 6540
842 520 3563
520 937 4653
937 649 3221
649 287 2516
287 131 9171
131 305 226
305 505 4582
505 276 7622
276 597 5597
597 816 440
816 159 5498
159 741 4850
741 145 2178
145 346 9252
346 591 8712
591 345 9669
345 87 9165
87 11 8247
87 385 141
11 338 4528
338 993 7249
993 822 3527
822 839 83
839 256 5885
256 990 5243
990 335 7886
335 423 3140
423 376 6528
423 133 1550
376 806 9916
806 624 3067
624 226 1464
226 391 921
226 68 6287
226 418 3979
391 241 91
241 998 2865
998 152 4912
152 382 7713
382 222 4813
222 776 1704
776 727 3210
727 538 9662
538 118 3881
118 652 8813
652 941 8373
941 881 3550
881 785 4329
785 631 2971
631 921 42
921 719 5208
719 575 220
575 110 3568
110 911 5290
911 161 6104
161 473 5163
473 542 9527
473 814 5595
542 421 1690
421 17 7428
17 358 1863
358 994 4756
994 644 5243
644 735 2783
735 988 7395
988 768 5574
768 61 2873
61 786 259
786 546 485
786 607 6937
546 457 5071
457 919 2188
919 499 6498
499 174 1084
174 455 6069
455 694 1662
694 102 5808
102 319 5970
319 716 5990
716 257 8778
716 774 6011
257 175 1198
175 370 5349
370 658 5931
658 923 2839
923 233 7804
233 196 7445
196 343 8718
343 855 3399
855 511 9134
511 4 2497
4 997 5261
997 909 3889
909 844 7740
844 268 8043
268 605 7635
268 395 9665
605 33 7267
33 480 7893
480 414 149
414 388 4204
388 700 9315
700 356 8689
356 94 7053
94 484 6750
484 544 1109
544 191 8715
191 30 2557
30 548 7078
548 830 4704
830 334 7687
334 44 9440
44 209 2253
209 872 3035
872 216 1722
216 496 1444
496 927 839
927 330 9166
330 277 161
330 565 4237
277 470 8299
470 318 9009
318 943 5849
943 635 8540
943 310 6748
635 836 3891
836 312 6174
312 13 2764
13 668 1157
668 598 4067
598 176 2913
176 344 1712
344 570 9733
570 142 7953
142 938 8765
938 9 6483
9 651 9061
651 298 7479
298 58 5391
58 904 6138
904 775 8534
775 523 3077
523 297 1929
297 462 787
462 898 6112
898 893 3651
893 814 2230
814 568 3302
568 415 2816
415 112 8742
112 774 7538
774 607 1115
607 526 7750
526 178 9738
178 151 9654
151 385 850
385 737 3628
737 550 5827
737 709 3613
550 805 1136
805 966 6245
966 99 2877
99 794 2848
794 227 2330
227 636 829
636 615 1612
615 272 8812
272 517 9889
517 120 5442
120 292 4202
292 592 2378
592 419 3975
419 728 7279
728 953 4307
953 793 1113
793 690 9742
690 490 7957
490 618 9694
490 969 3043
618 968 772
968 24 4787
24 924 6932
924 784 8238
784 166 8889
166 68 6669
68 553 4243
553 565 6090
565 974 296
974 867 70
867 999 9702
999 797 7783
797 827 2666
827 838 8931
838 864 630
864 475 4995
475 374 6111
374 372 8593
372 642 158
642 122 6000
122 890 386
890 181 4360
181 914 4729
914 347 713
347 311 7990
311 250 5387
250 905 1825
905 795 4083
795 707 3343
707 296 7871
296 407 7125
407 669 467
669 115 9009
115 489 408
489 926 5056
926 10 7897
10 47 7076
47 525 9299
525 563 3986
563 62 3723
62 210 5720
210 310 40
310 212 1505
212 819 8385
819 129 8970
129 52 8487
52 834 9732
834 411 5080
411 417 7079
417 878 9889
878 579 7431
579 252 3817
252 935 600
935 606 8512
606 50 4529
50 508 4941
508 603 3898
603 925 2705
925 201 9023
201 237 7241
237 674 6927
674 331 2499
331 556 4059
556 395 5936
395 645 2906
645 792 9114
645 76 3832
792 513 9981
513 862 8412
862 724 4170
724 381 3703
381 260 483
260 812 4209
812 912 1560
912 578 8868
912 398 9530
578 837 46
837 387 8599
387 641 961
641 399 3476
399 389 4839
389 367 8392
367 519 7292
519 858 5439
858 754 6903
754 710 8172
710 314 379
314 975 800
975 339 877
339 371 5754
371 205 4392
205 828 7803
828 245 8252
245 800 4802
800 841 3738
841 750 1158
750 398 268
398 629 3922
629 418 1138
418 353 5031
353 850 4443
850 653 1193
653 991 5514
991 951 8651
951 587 9104
587 443 4381
443 705 4532
705 229 9149
229 164 9331
164 564 5492
564 663 8976
663 194 4169
194 799 235
799 365 2620
365 817 5959
817 722 3489
722 361 791
361 899 6338
899 689 641
689 111 1667
111 733 2091
733 807 1384
807 230 5822
807 67 6694
230 190 6186
190 986 5911
986 478 7851
478 813 6453
813 678 6184
678 521 5341
521 28 7835
28 378 626
378 779 2885
779 167 3348
167 608 9276
608 133 1988
133 851 4080
851 41 159
41 432 7488
432 928 9762
928 796 5651
796 853 6463
853 249 3931
249 907 2237
907 622 9082
622 500 6241
500 713 5726
713 666 9873
666 995 2578
995 959 6366
959 180 7891
180 900 1020
900 355 7749
355 897 3712
897 571 7714
571 199 286
199 561 5975
561 892 1916
892 136 3090
136 308 2158
308 221 7256
221 402 925
402 73 2784
73 16 140
16 709 624
709 208 8411
208 67 8479
67 969 4704
969 300 8570
300 531 5966
531 453 4465
453 552 572
552 494 8781
494 679 4747
679 765 2808
765 804 4214
804 76 988
76 712 8533
712 232 438
232 884 9917
884 239 1250
239 187 8329
187 441 7289
441 362 8999
362 97 8392
97 918 1354
918 485 5636
485 596 4366
596 42 3269
42 105 8726
105 962 2876
962 602 525
602 621 9650
621 440 5659
440 259 7016
259 354 6625
354 677 421
677 124 5495
124 1000 1328
