1000 1200
0
1
1
1
1
1
0
0
1
1
1
1
1
1
0
1
0
1
0
1
0
1
1
1
0
1
0
0
1
0
0
0
1
1
0
0
1
1
0
0
0
1
1
1
1
0
0
0
0
1
1
1
1
1
1
1
0
1
1
1
1
1
1
1
0
0
0
1
1
1
0
1
0
0
1
0
0
1
0
1
1
1
0
0
0
1
1
0
0
0
1
1
0
1
0
1
0
0
0
0
0
1
1
0
1
0
0
0
0
0
1
1
1
0
0
0
1
0
1
1
0
0
1
1
1
1
1
1
1
1
1
0
0
0
0
1
0
1
0
0
0
0
0
0
0
1
0
1
1
1
0
0
0
1
1
0
0
1
1
1
1
1
1
0
0
1
0
1
1
0
1
0
1
1
0
1
1
0
0
1
0
1
0
1
1
1
0
1
0
0
0
1
1
0
1
0
1
0
1
1
0
0
0
0
1
1
0
0
1
0
1
1
1
1
0
0
0
0
0
0
0
1
0
0
1
0
0
0
1
0
0
1
1
0
1
0
0
1
0
1
0
0
0
0
1
1
0
0
1
0
1
1
1
1
1
0
0
1
0
0
0
1
0
1
1
0
0
0
1
1
1
0
0
0
1
0
0
1
1
0
0
1
1
0
0
0
1
1
1
1
1
0
1
0
1
0
0
0
0
0
1
1
0
0
0
0
1
1
1
0
1
0
1
1
0
1
0
0
0
1
1
0
0
1
0
1
0
1
1
0
0
0
1
0
0
0
1
1
1
1
1
0
0
0
0
0
1
0
0
0
1
0
1
0
1
1
1
0
1
1
0
0
0
0
0
0
0
0
1
0
1
0
1
1
1
0
0
0
1
0
0
0
0
0
1
1
0
1
0
0
0
1
1
0
0
0
1
1
1
0
0
1
0
0
1
0
0
0
1
1
0
1
0
1
0
0
1
0
0
1
0
0
0
0
1
1
1
0
0
1
1
1
1
1
0
0
0
0
1
1
0
0
1
0
0
1
0
1
0
0
1
0
1
0
1
1
0
0
0
1
0
0
0
0
0
0
1
0
0
1
1
1
0
1
1
1
0
0
0
1
1
0
1
0
1
1
0
0
1
0
1
1
0
1
1
1
0
1
0
1
1
0
0
1
0
0
1
1
0
1
1
0
0
1
0
0
0
0
0
1
1
0
0
0
0
0
1
1
0
1
0
1
1
1
1
0
1
1
1
0
0
0
0
0
1
0
0
0
1
0
1
1
0
1
0
1
0
1
0
0
1
1
1
1
0
1
1
1
1
1
0
1
1
1
0
1
1
1
1
0
1
0
1
0
1
1
0
1
0
0
0
1
0
0
0
1
0
0
0
1
1
0
1
0
0
1
0
0
0
0
1
0
0
0
1
0
0
1
1
0
0
0
1
0
1
1
1
1
0
0
1
1
1
1
1
1
0
0
0
0
1
0
1
1
0
0
1
1
0
0
0
1
0
1
1
1
1
1
0
0
1
1
1
1
0
0
0
0
0
0
0
1
1
0
0
0
0
1
1
0
0
0
0
0
0
1
1
1
1
1
0
1
1
1
0
0
0
1
1
1
1
1
0
0
0
1
0
0
0
1
1
1
1
1
0
1
0
0
0
1
0
0
1
1
0
1
1
1
1
1
1
0
0
0
1
0
0
1
0
1
0
1
0
0
1
0
1
0
0
0
1
1
0
0
0
0
0
0
1
1
0
1
0
0
1
0
0
0
0
1
1
0
0
0
0
0
0
1
1
1
0
1
1
1
1
0
0
1
1
0
1
0
1
1
0
1
0
0
1
0
0
0
1
1
0
1
1
1
0
1
0
1
0
0
1
0
0
1
0
1
1
0
1
0
0
1
1
1
0
1
1
1
1
0
0
1
0
0
0
1
0
1
1
0
0
1
1
0
0
0
0
1
1
0
1
1
1
1
0
0
0
1
1
1
1
1
0
1
0
1
0
1
1
0
0
0
0
1
1
1
1
0
1
0
1
1
1
1
1
1
1
0
0
0
1
0
0
0
0
1
1
0
0
1
1
0
1
0
1
0
1
1
0
1
1
0
1
1
1
1
1
0
1
1
0
1
1
1
1
1
0
1
1
1
1
0
1
1
1
1
1
1
0
1
1
1
0
1
1
1
1
1
1
0
1
0
0
1
0
1
0
1
0
0
0
0
0
1
0
1
1
0
0
0
0
0
1
0
0
1
1
1
1
1
1
1
0
1
1
0
0
1
1
1
1
1
1
0
0
0
1 405 4600
1 872 6919
405 193 2375
193 48 5056
48 706 1884
706 579 4976
579 826 5012
579 504 511
826 789 4177
789 169 907
169 734 1066
734 943 9527
734 924 393
943 20 7247
20 790 8276
790 987 128
987 217 6580
987 829 8395
217 726 9280
726 549 9108
726 290 436
549 693 167
549 158 1047
693 571 8401
571 802 8500
571 346 3518
802 961 4447
961 657 7012
961 423 7835
657 498 536
657 222 286
498 318 8786
498 120 7454
318 319 9012
319 539 3841
539 40 5690
40 432 3987
432 901 5205
901 444 6200
444 383 4516
383 201 2463
201 798 3618
798 573 394
798 883 9207
573 564 7216
573 591 8669
564 276 5687
276 341 3796
341 225 7063
225 546 4966
546 738 2903
546 576 3850
738 363 1484
363 387 302
387 90 2251
387 994 6335
90 913 3819
913 42 3049
913 849 9698
42 421 8006
421 784 3584
421 850 9983
421 436 3143
421 661 7390
784 84 5347
784 608 3336
84 294 3079
84 756 5685
84 923 8540
294 517 5630
294 836 200
517 165 7354
165 745 9247
745 925 6945
925 989 6560
989 975 6463
975 166 5613
975 678 2246
166 813 6610
813 14 9028
14 607 7211
14 947 5864
607 356 2877
356 515 5047
356 142 2517
515 428 1479
428 278 1381
278 851 6336
278 771 4528
278 1000 1079
851 132 693
851 168 8111
132 330 7413
330 213 3835
213 34 1852
34 411 9111
411 739 7170
411 741 4930
739 138 4796
138 649 2061
138 746 560
649 44 1347
649 984 9414
649 424 6158
44 475 8292
44 466 2326
475 969 2620
969 317 256
317 897 4571
317 537 5581
897 810 5635
897 47 8134
810 89 1445
89 838 4864
838 820 3180
820 574 3961
820 970 6342
574 203 912
574 98 6648
574 762 7221
203 604 1990
604 489 7340
489 528 1684
528 785 5755
785 979 7527
979 748 3535
748 731 4865
731 612 1048
612 485 8465
612 407 9660
485 959 3109
959 162 9024
162 655 7359
655 940 8874
940 293 5181
293 691 2002
293 852 7551
691 455 4153
691 93 8609
455 33 2122
33 779 9733
779 929 4244
929 652 6607
652 483 1177
483 354 9107
483 188 6138
354 268 1490
268 480 1800
480 190 7049
190 250 8137
250 148 9021
148 555 5391
555 96 1829
96 279 704
279 540 1145
540 351 5707
351 184 4238
184 978 2361
978 422 6754
422 911 9054
422 259 8373
911 271 6214
271 484 4429
484 56 5731
56 308 5088
308 309 9610
309 519 4084
519 73 2638
73 367 114
367 211 2692
211 355 1111
355 51 9846
51 274 3287
274 501 4069
501 125 7375
125 310 2393
310 474 6558
474 399 8864
399 602 545
602 624 3607
624 773 3352
773 307 5917
307 570 5349
570 12 5180
12 834 2972
12 113 2845
834 413 7238
834 797 7209
834 890 5205
413 497 3992
497 916 2615
497 516 9929
916 312 205
916 801 7043
312 233 5659
233 882 1644
882 874 6652
874 568 6094
568 131 634
131 118 3117
118 242 8786
242 503 1744
503 590 2963
590 577 2072
577 300 2165
300 735 6689
300 385 817
735 953 8722
735 991 1904
953 373 7713
373 259 8680
259 496 5255
259 736 3629
496 543 380
543 36 6787
36 296 6600
296 320 3224
320 206 4024
206 460 160
460 792 4781
792 689 8015
689 420 2774
420 505 4709
505 275 4572
505 755 6169
275 457 6720
457 896 6215
896 370 9172
370 240 9165
370 680 3200
240 729 2289
729 920 7950
920 145 1296
145 15 1603
15 286 6374
286 736 3460
736 788 8291
788 675 3542
675 277 2181
277 473 194
473 535 7606
535 878 7213
878 311 1800
878 880 1234
311 771 7592
771 830 8586
830 199 4185
830 511 7168
199 72 8962
72 516 4344
72 589 1948
516 684 3328
516 968 3470
684 567 3008
684 823 7899
684 673 9638
684 260 6079
567 39 466
39 566 5161
566 263 5244
263 230 3665
263 348 7449
230 527 9545
527 951 1312
951 715 9051
715 984 2270
715 80 4771
984 724 7341
724 499 5811
499 94 3304
94 105 3886
105 825 3416
825 37 516
825 944 5686
37 361 1001
361 447 8107
447 229 4271
229 314 5185
314 91 5274
91 248 3232
248 636 5881
248 990 3573
636 714 2912
714 144 5702
144 850 2933
850 222 810
222 429 1691
222 456 9011
222 100 7627
429 482 6851
482 218 606
482 947 7644
218 541 4300
541 603 151
603 469 8955
469 340 3350
340 964 2420
964 680 3726
680 494 7043
494 812 4583
812 885 3381
885 8 928
8 440 4350
440 768 3896
768 855 6613
855 506 5351
506 709 8354
709 409 7236
409 840 6887
409 532 9980
840 947 6819
947 518 2767
518 168 3552
168 847 9730
168 454 8468
847 998 2836
998 436 6892
998 667 158
998 173 1847
436 7 4518
436 774 3361
7 322 8804
322 55 8513
55 746 7660
746 883 8954
883 808 7468
808 681 7361
681 695 7726
695 694 7545
695 938 4403
695 305 8660
694 586 925
586 323 1683
323 176 3009
176 453 1172
176 173 8295
453 833 4711
833 316 5877
316 884 1882
884 584 1598
584 332 5856
332 629 8701
629 827 716
827 513 5760
513 385 4782
385 750 5536
750 928 8595
928 159 1673
159 542 2045
542 443 6793
443 730 6191
730 630 5405
630 435 5597
435 797 4703
797 914 3064
914 740 902
914 116 8522
740 692 425
692 514 4979
514 365 2418
365 594 1179
594 553 3638
553 985 9694
985 723 2861
723 843 2999
843 895 865
843 303 7508
895 335 7709
335 547 3094
335 214 5741
547 760 5658
547 245 8949
760 800 4441
800 611 6374
611 182 1060
182 881 9223
881 507 1909
507 109 9655
109 662 895
662 799 3953
799 410 2799
410 702 3437
702 823 9358
823 938 4747
938 210 4492
210 18 8773
18 239 2001
239 27 9365
27 321 5549
321 251 6979
251 63 1783
63 112 6728
63 177 6969
112 643 1476
643 292 5940
292 398 6319
398 134 8693
134 668 9799
668 415 4027
415 438 1786
438 22 5540
22 962 6037
962 154 734
154 13 6332
13 283 2410
283 348 8146
348 19 1906
348 468 670
19 638 7800
19 454 9153
638 185 4622
185 667 6950
667 433 2589
433 754 331
754 156 1697
754 61 3432
754 122 5456
156 733 3697
733 117 2797
117 395 1004
395 315 7027
315 10 931
10 869 4083
869 717 347
869 971 2406
869 87 6375
717 934 6665
934 510 1098
510 257 6173
257 336 692
257 104 9235
336 625 8064
336 466 3080
625 338 6321
625 599 4396
338 749 5489
749 267 4466
267 696 6301
696 289 6158
289 414 8617
414 599 5453
599 9 7131
599 353 5566
9 197 4394
197 95 7462
95 394 3614
394 597 4177
597 391 2917
391 392 3662
392 532 3325
532 16 272
16 470 689
470 707 4255
707 817 4355
817 280 1035
280 521 6661
521 921 729
921 551 7700
551 476 4110
476 976 3253
976 778 4743
778 880 9697
880 544 1317
544 529 7822
529 949 6017
949 104 2064
104 214 9662
214 683 482
683 705 4716
683 520 2171
683 935 9098
705 520 169
520 839 9301
839 133 1015
133 408 914
408 533 3114
533 860 4629
533 412 5090
860 942 2382
942 670 8290
670 752 8415
670 809 2654
752 130 5330
130 270 9021
270 155 3360
155 504 2717
155 769 2033
504 26 440
26 400 416
400 419 6143
419 412 3692
412 853 1510
853 198 2191
198 60 1360
60 971 5683
971 563 8207
563 305 3423
305 569 1696
569 152 8688
152 402 8139
152 841 3866
402 508 4137
508 965 4659
965 915 9518
915 793 5151
793 708 1924
708 672 2632
672 829 9779
829 86 3365
86 795 1365
795 52 4421
52 258 8131
258 461 370
461 536 9750
536 682 7152
682 235 3729
235 366 8818
366 906 9184
366 772 520
906 179 5585
179 841 1678
841 357 4212
357 936 7094
936 617 3868
617 304 1923
304 837 9128
837 893 2074
893 11 5346
11 899 823
899 852 7113
852 262 9836
262 245 1040
245 650 1249
650 875 846
875 592 558
875 712 6400
592 297 2769
297 867 9541
867 941 2530
867 994 6133
941 236 905
236 28 3302
28 97 4264
97 831 1275
831 352 9404
352 244 1415
244 423 1355
423 61 8221
61 451 6950
451 982 1875
982 637 3806
637 658 8628
658 108 2438
108 178 7251
178 565 2495
565 526 4360
526 142 2731
142 393 921
393 467 6057
467 994 9905
994 116 8033
116 374 2244
374 445 945
445 835 5634
835 139 3089
139 153 7854
153 769 2033
769 937 5857
937 204 7394
204 454 914
454 334 8342
334 576 8298
576 226 568
226 641 2605
641 712 5924
712 836 9971
836 448 371
448 559 3631
559 772 4543
772 842 3672
842 854 5505
854 406 4700
406 619 2299
619 814 4294
814 807 1951
807 187 1146
187 71 8653
71 353 4681
353 757 2066
757 1000 1062
872 888 937
888 995 6450
995 879 3305
879 114 1881
114 38 2083
38 764 6394
764 782 9734
782 897 467
782 554 8602
554 727 3479
554 894 7733
727 234 6943
727 687 1777
234 722 8300
722 127 5899
127 447 4052
127 800 4622
127 671 2621
127 416 7682
671 364 9164
364 844 6293
844 711 9538
711 298 3864
298 171 4943
171 25 3831
25 698 2166
698 465 6088
465 669 8836
465 511 3198
669 167 4505
167 861 9897
861 900 4134
900 455 955
900 614 9553
614 502 2367
502 980 3037
980 751 5946
980 122 2100
751 377 9856
377 382 900
382 269 1931
269 972 7588
972 581 4194
581 846 3707
846 954 5887
954 966 6445
966 67 4110
67 128 508
128 189 5417
189 884 1792
189 426 6023
426 926 1709
926 391 1329
926 282 6238
926 188 3004
282 634 5160
634 161 8403
161 124 9091
124 247 3995
247 287 1600
287 977 3596
977 816 243
816 163 2086
163 702 902
163 175 9795
175 856 4452
856 538 290
538 941 2093
538 894 2903
894 917 145
917 775 9344
775 418 4833
418 403 7732
403 70 3537
70 404 4891
404 129 9970
129 593 9981
593 75 9001
75 919 6829
919 763 1750
919 626 7144
763 666 2852
763 456 3458
666 338 8472
666 23 9089
23 585 2813
585 367 9983
585 958 3844
585 578 1904
958 524 329
524 389 1795
389 837 1851
389 699 571
699 819 3880
819 623 2752
623 922 6718
922 66 4683
66 376 3041
376 36 8810
376 770 7586
770 439 3186
439 632 8153
632 804 8770
804 81 7269
81 149 8041
149 436 3661
149 471 7239
471 255 4374
471 759 9013
255 500 4067
500 140 6123
140 101 6156
101 610 3270
610 704 5932
704 441 979
441 425 8711
441 999 8745
425 703 962
703 195 2554
195 221 7000
221 552 1290
552 720 700
720 647 8850
647 192 8213
192 110 932
110 325 7953
110 313 4930
325 686 5614
686 565 993
686 208 91
208 481 9551
481 160 530
160 587 4595
587 909 4673
909 992 7799
992 635 8987
635 839 4685
635 931 1389
931 997 3360
997 106 3697
106 207 5455
207 240 5834
207 463 6204
207 924 8725
463 495 8118
495 434 7182
434 285 7435
285 886 6862
886 462 4495
462 732 6340
732 375 3861
375 570 2137
375 716 7039
716 416 9062
416 665 6701
665 69 7970
69 188 7014
69 181 7982
188 220 9936
220 824 4358
824 918 8072
824 794 5838
918 769 1240
918 326 9018
326 82 510
82 957 5390
957 737 8004
737 620 5194
620 718 6778
718 350 7716
350 640 5242
640 289 2232
640 78 9901
78 806 1445
806 238 7308
238 870 8018
870 887 4979
887 3 1094
3 266 1231
266 76 9473
76 877 7433
76 530 1443
877 204 7961
877 334 824
877 613 504
877 260 4661
613 910 5145
910 21 3869
21 679 2642
679 442 5080
442 17 8227
17 639 7065
17 328 918
639 446 5818
639 952 2434
446 598 7779
598 545 1207
545 983 438
983 622 2973
622 261 7984
622 578 4505
261 996 4566
996 50 6567
50 464 757
464 885 6011
464 139 3875
464 950 8775
950 302 7341
302 777 4968
777 390 5
390 93 3165
390 126 8753
93 185 1448
93 252 1126
252 194 9576
194 505 8303
194 486 2138
486 254 4720
254 865 2172
865 58 4780
58 883 6152
58 615 6750
615 601 8196
601 379 3421
379 896 2567
379 231 630
231 832 1199
832 678 3773
678 783 7419
678 331 523
783 157 8108
157 26 1923
157 889 5089
889 451 4674
889 960 9031
889 822 7451
960 616 4900
616 487 7805
487 991 4791
991 828 6220
828 77 4162
77 45 7955
45 848 4972
848 92 1961
848 805 5432
92 833 899
92 107 6615
107 46 7570
46 847 1970
46 685 8786
685 967 2349
967 49 8121
49 908 1887
49 186 544
908 43 1541
43 126 4453
126 701 7525
701 595 9092
595 629 4577
595 246 4943
246 588 9614
588 575 2684
575 437 3217
437 558 1054
558 200 3710
200 741 2248
741 841 8504
741 477 8609
477 747 6404
747 626 9646
626 902 1180
902 621 565
902 999 7601
621 596 6151
596 974 8877
974 521 3032
974 946 3401
946 656 5492
656 123 601
123 264 5371
264 249 629
264 380 9301
249 378 9843
249 923 2516
378 272 6197
378 290 7736
272 333 3320
333 509 3721
509 297 6827
509 64 7897
64 842 8664
64 256 2792
256 728 6932
728 31 1880
31 459 198
459 198 641
459 41 4127
41 450 8701
450 628 5602
628 458 6883
458 54 8347
54 511 6781
511 337 7447
337 794 2299
794 898 9284
794 811 2676
898 562 5330
562 136 2684
136 583 4519
583 993 2283
993 301 8054
301 697 5147
697 805 1583
805 858 7897
858 427 7662
427 903 4131
903 642 5632
642 933 982
933 98 7852
98 492 8810
98 227 5230
492 202 2867
202 358 7953
358 999 2161
999 631 4746
631 339 8150
631 386 9154
339 53 5225
53 863 6851
863 873 4755
873 721 2107
721 892 1549
892 663 7887
663 891 5905
891 103 3847
891 209 7170
103 196 4932
196 9 5528
196 687 9854
687 627 9450
627 241 4162
241 973 4259
973 30 4597
30 719 5745
719 85 8507
85 815 8610
815 955 9875
955 24 490
955 121 9591
24 791 4078
791 990 5651
990 313 1172
313 360 6944
360 866 3604
866 700 3333
700 660 8042
660 560 1753
560 111 8838
560 664 3266
111 534 4955
534 661 3592
661 223 1724
223 456 2855
456 384 7830
384 224 3980
224 753 3053
753 643 5000
753 580 8912
580 65 8581
65 756 1205
756 79 4713
79 811 2742
811 150 5463
150 923 9309
923 762 4838
762 569 322
762 344 7919
344 237 1065
237 121 811
121 774 3861
774 273 1494
273 212 2814
212 932 1385
932 431 8438
431 563 6417
431 151 4717
431 742 6479
151 299 4521
151 490 9906
151 80 6096
299 347 9476
347 331 9849
331 676 4171
676 478 8682
478 371 7678
371 68 8150
68 306 1735
68 342 2677
306 765 3413
765 290 6667
290 713 233
713 258 8126
713 59 5760
59 472 2048
472 329 3786
329 232 598
232 962 2369
232 32 8056
32 945 8014
945 381 9531
381 523 8269
523 572 9507
572 633 2344
633 395 9653
633 288 4296
288 215 5112
215 209 721
209 146 774
146 401 9633
401 181 626
181 141 3221
141 368 5460
368 821 474
821 522 7391
522 216 4141
216 781 4503
781 845 1893
845 930 5875
930 174 7180
174 644 5305
644 970 2541
970 108 3764
970 780 9782
780 600 8301
600 479 5811
479 191 3568
191 589 5250
589 759 8179
759 119 7975
119 152 9615
119 645 4062
645 609 6243
609 578 9121
578 62 6405
578 5 2247
578 4 3417
62 172 7869
172 180 2967
180 295 542
295 654 7501
295 388 9944
654 776 3763
776 155 2960
776 6 417
6 948 1153
948 87 7100
87 2 4920
2 369 3045
369 265 2975
265 407 8451
407 452 4702
452 29 1867
29 664 2214
664 605 4483
605 243 6519
243 710 8025
243 158 4402
710 424 1768
424 102 2555
102 359 2377
359 927 7734
359 944 6616
927 100 4971
927 343 6855
100 690 9373
690 841 7218
690 170 6623
170 548 7241
170 83 6536
548 490 3516
490 786 1093
490 725 6480
786 868 7278
868 742 4052
742 47 6896
47 303 4783
303 143 7503
143 673 8167
673 849 7827
849 905 477
905 35 2969
35 818 8880
818 362 8696
362 228 5183
228 550 9715
550 205 5214
205 988 9559
988 512 4116
512 890 3334
890 803 8465
803 120 2844
120 493 7419
493 57 5081
57 74 4167
74 346 4273
346 83 805
83 525 1384
525 88 7247
88 491 4397
491 608 7919
608 561 763
561 5 5489
5 158 4398
158 648 4392
648 857 5892
857 963 7646
963 219 9174
219 674 3394
674 396 2164
396 651 3353
651 137 223
137 646 5133
646 582 2232
582 531 8918
582 372 315
582 328 1946
531 864 483
864 968 6225
864 99 2414
968 904 168
904 186 4689
186 787 1609
787 822 7587
822 349 6121
349 912 5775
912 907 8211
907 449 3277
449 227 3510
227 99 1810
99 557 7673
557 397 7781
397 260 8924
260 327 9513
327 876 8530
876 653 3315
653 981 5404
981 380 2527
380 755 2489
755 281 5150
281 173 4691
173 986 2193
173 796 5372
986 113 9823
113 468 4424
468 618 641
618 761 6489
761 591 2722
591 284 7475
284 345 9065
345 859 5135
859 372 3995
372 451 3753
372 871 3095
871 343 7933
343 758 9874
758 677 8870
677 417 2495
417 115 9502
115 253 8731
253 291 4304
291 556 7175
556 809 6511
809 862 3227
862 744 3039
744 324 1393
324 725 2894
725 688 4795
688 386 3919
386 767 1734
386 935 9944
767 743 8609
743 952 3926
952 766 1667
766 796 4783
796 537 4701
537 430 8659
430 135 7623
135 4 7422
4 328 6133
328 80 6687
80 935 8908
935 939 6479
939 466 440
466 147 2003
147 488 4411
488 606 6665
606 342 7224
342 659 6906
342 183 6166
659 177 5954
177 956 7561
956 388 9692
388 801 8817
801 944 7140
944 183 2731
183 530 209
530 164 33
164 122 3877
122 924 479
924 1000 1766
