1000 1300
0
1
1
0
0
0
0
0
1
0
1
0
1
1
1
1
1
0
1
0
1
1
1
1
0
0
1
1
0
1
1
1
1
0
0
1
0
0
0
1
1
1
0
1
1
1
1
0
1
1
1
1
1
1
0
1
1
0
0
1
1
0
1
0
0
1
1
1
1
1
1
1
1
1
1
0
1
1
1
1
0
0
0
1
0
1
1
0
1
1
1
1
1
0
0
1
1
1
1
1
1
1
1
1
0
1
1
1
1
1
0
1
1
0
0
1
1
0
1
1
0
1
0
0
0
1
1
0
1
1
1
0
1
1
1
1
0
1
1
1
0
1
1
1
0
0
1
0
0
0
1
1
0
1
0
1
1
1
1
0
1
0
0
1
0
1
0
1
0
1
1
1
0
1
0
0
1
0
1
1
1
1
1
0
1
0
0
1
1
0
1
0
1
1
1
1
1
0
1
1
0
0
1
0
1
0
1
0
1
1
1
0
1
0
0
0
1
0
1
1
1
1
1
1
1
1
1
1
1
1
1
1
1
0
1
0
1
1
0
1
1
0
1
1
1
1
1
1
1
1
0
1
1
1
0
1
1
1
1
0
1
0
0
1
1
0
1
1
1
1
1
1
1
0
1
0
1
1
1
1
1
1
1
0
0
1
1
1
0
0
1
1
1
1
1
0
0
0
1
0
1
0
1
0
0
1
1
1
1
0
0
1
1
0
0
1
1
1
0
0
1
1
1
1
0
1
0
1
1
0
1
1
1
0
1
1
1
1
1
1
1
1
1
1
1
1
0
1
0
1
1
1
1
1
1
1
0
1
0
1
0
1
0
1
0
1
1
0
1
1
1
1
0
1
1
1
1
1
1
0
0
0
1
1
1
1
0
1
1
1
1
1
0
1
1
1
1
1
1
1
1
1
0
1
0
1
0
0
1
1
0
0
0
1
0
1
1
1
1
1
1
1
1
1
1
1
0
1
0
1
1
1
1
0
1
1
1
0
1
0
0
0
1
1
0
1
1
1
0
0
1
1
0
1
1
1
1
0
1
1
1
1
1
1
1
0
0
0
0
0
1
1
1
1
1
0
1
0
1
1
1
1
1
0
1
1
1
1
1
0
1
1
1
1
0
1
1
1
0
0
1
1
0
0
1
1
1
0
1
0
0
1
1
1
1
1
1
1
1
0
1
1
1
0
1
0
1
0
0
1
1
1
1
1
1
1
0
1
1
0
1
1
0
1
1
0
1
1
1
1
0
1
0
1
0
1
1
0
0
0
1
1
1
1
0
0
0
1
1
1
1
1
1
0
1
1
1
1
0
0
1
1
1
1
1
0
0
1
1
1
0
1
0
0
1
1
1
0
1
1
1
1
1
0
1
1
0
1
0
1
1
0
1
1
1
1
1
1
1
0
0
0
1
1
0
0
1
1
1
0
1
0
1
1
0
1
0
1
1
1
0
0
1
1
0
1
0
1
0
1
1
0
1
1
1
1
0
0
1
1
0
0
1
1
0
1
1
0
1
1
0
1
0
1
1
0
1
1
0
1
1
1
1
1
1
1
1
1
1
1
0
1
1
0
1
1
1
1
1
1
1
0
1
1
1
1
0
1
0
1
1
1
1
1
1
1
1
1
1
1
1
1
1
1
1
0
1
1
1
0
1
1
1
0
1
1
1
0
1
1
0
1
1
0
1
0
1
1
1
0
0
1
0
1
1
0
1
1
0
1
1
1
1
1
1
1
1
1
1
1
1
0
1
1
0
0
1
1
1
1
1
1
1
0
1
1
0
1
0
1
0
1
1
1
0
1
1
1
1
0
0
1
1
1
1
1
1
1
1
0
1
0
0
0
1
1
0
1
1
1
0
1
1
0
0
1
1
1
1
1
1
1
1
0
0
1
1
0
1
1
0
1
1
1
1
1
1
0
0
0
1
1
0
1
1
1
1
1
1
0
1
1
1
0
0
1
1
1
0
1
1
1
1
0
0
1
1
1
1
1
1
1
0
1
0
1
0
1
1
1
0
1
0
0
1
1
1
1
0
1
0
0
1
1
0
1
1
1
1
1
1
1
1
1
0
1
1
1
1
1
1
1
1
1
1
0
1
1
1
1
1
1
1
0
0
0
1
1
1
1
0
1
1
1
1
0
1
0
1
1
1
1
0
1
0
1
1
0
1
1
0
1
1
1
1
1
1
1
1
1
1
1
1
1
0
1
0
0
1
1
1
1
0
0
1
1
1
0
1
0
1
1
1
1
1
1
0
1
1
0
1 818 559
1 605 1908
818 526 8268
526 740 9983
740 461 7103
740 663 8977
461 631 3878
631 578 9846
578 54 7083
578 847 8309
54 303 4841
303 603 8033
603 167 8090
603 311 7303
167 81 5085
81 97 2391
97 823 9272
823 765 9080
823 359 5882
765 858 6170
765 421 3326
765 504 2379
858 594 1644
594 561 1057
561 404 6739
561 427 9139
561 490 5410
404 408 6558
404 610 219
408 568 123
568 69 6779
69 636 7129
636 746 2031
636 215 5047
636 914 7111
746 598 9133
598 541 4023
541 151 7340
151 962 5331
962 955 7458
955 281 5649
281 88 6523
88 803 5490
803 995 3738
803 426 3825
995 57 6926
995 289 2480
995 261 3096
57 779 2357
57 274 4713
779 763 5618
779 801 5683
763 617 7091
617 660 3613
660 600 6739
600 709 3830
600 511 2751
709 978 2148
978 863 387
978 250 9321
863 217 8623
217 629 3517
217 30 6449
217 750 653
629 302 8563
629 786 9911
629 879 6137
302 197 8938
197 792 3603
792 630 1467
792 913 6395
630 609 9251
630 364 7989
609 887 8236
609 575 9340
887 976 8166
976 683 5161
976 70 8171
683 509 1261
683 306 7518
509 183 2883
509 918 3230
509 56 9552
183 998 9974
998 595 3194
595 745 2642
745 278 155
745 228 2296
278 569 4790
278 718 6893
569 800 1616
800 567 9764
800 701 409
567 894 4416
894 915 6768
915 516 8972
516 264 4327
516 580 2904
264 615 7909
264 256 4281
615 338 723
615 42 655
338 996 3531
338 494 5063
996 948 5242
948 651 9222
948 619 3228
651 451 402
451 14 7392
451 106 841
451 835 4271
14 694 6626
694 536 422
536 472 174
472 30 2951
472 751 3616
30 601 2816
30 802 3105
601 253 5911
601 954 3957
253 774 6349
253 503 3879
774 430 3720
430 388 6758
388 23 8294
388 944 487
23 156 2081
23 572 8972
23 243 9742
156 901 6341
901 121 3252
901 496 6816
121 227 6995
121 563 3134
121 79 1879
227 162 2236
162 954 8707
954 424 1458
954 831 8989
424 814 2450
424 492 8650
814 535 9612
814 830 9076
814 986 5424
535 900 9785
900 310 2026
900 796 9039
310 60 2600
60 347 1483
347 734 1301
347 311 6556
347 943 7831
734 905 1531
905 131 6627
905 727 940
905 517 6177
131 442 7113
442 186 3020
186 963 5148
186 331 6855
186 80 5712
963 71 4752
963 146 3670
71 663 9058
663 689 4237
689 352 1900
352 53 7645
53 339 9296
339 717 9710
339 731 6634
717 761 1745
761 558 4711
761 697 2597
761 362 820
558 379 134
558 973 2381
379 695 9198
695 341 5524
341 205 1333
205 946 7032
205 924 3177
946 457 4240
457 240 4862
240 924 4707
924 282 867
282 272 2154
272 960 883
272 499 4331
272 790 1525
960 480 2383
480 179 7537
179 78 7237
179 409 3486
179 989 7559
78 831 6294
831 692 4074
692 921 9458
921 696 3939
696 234 3369
234 970 5519
970 431 6924
970 401 5114
431 70 6582
431 805 9520
431 625 2285
431 332 3067
70 289 8252
70 527 1482
289 4 8591
289 112 9584
4 754 8513
754 514 8119
754 862 176
754 405 9727
754 132 9177
514 811 1042
811 794 8232
811 322 60
794 965 1724
794 806 9756
794 849 8794
965 108 9261
108 855 6992
108 85 8631
855 89 6819
89 136 9638
136 145 2704
145 511 2628
511 456 9928
456 437 2425
437 484 8147
484 554 6851
554 499 7538
499 939 1080
939 149 2722
939 409 6174
939 670 4146
149 135 973
149 838 7656
135 716 9088
716 270 6909
270 49 2520
49 175 7206
175 807 7084
807 263 8598
263 923 6383
263 520 4477
923 611 3181
611 642 2794
642 624 6200
624 173 2937
624 214 7939
173 711 5460
173 644 6280
711 931 6569
711 531 8630
931 260 2269
260 463 5624
463 93 1258
93 665 2196
93 300 8048
665 9 5756
9 496 9046
496 75 1937
496 132 6835
75 730 1767
730 94 8111
730 178 980
94 922 9092
94 410 2118
922 527 68
527 254 6000
254 589 989
254 5 7273
254 33 9435
589 947 5939
589 723 7
947 212 263
947 362 9119
212 762 2800
762 113 6462
762 252 2055
113 294 738
113 532 8274
294 406 4687
294 12 3658
406 679 3255
679 262 6955
679 725 9282
262 13 4512
13 861 9151
861 252 7329
861 215 267
252 333 4548
333 239 5618
333 579 7101
239 5 2667
5 719 80
719 909 4433
909 647 1758
647 671 8549
671 328 4500
671 159 4109
671 546 9537
328 563 8124
563 592 9895
592 184 5475
592 560 8131
184 85 157
184 116 946
184 220 7282
85 122 2970
85 616 9352
122 99 4372
99 241 7595
99 515 4038
241 423 8029
423 397 850
397 556 7345
397 153 7310
556 726 1713
556 414 2847
726 559 991
559 364 1980
559 697 7394
364 372 2960
372 627 5432
627 58 6412
58 176 3039
58 8 6216
176 938 4521
176 368 1587
938 925 715
925 608 8629
925 329 7475
608 697 5191
697 944 4875
944 678 2950
678 141 9673
141 557 5031
141 295 247
141 238 6954
557 587 4353
587 851 9598
851 813 1325
813 116 1947
116 510 9988
510 729 5706
729 79 9148
729 860 7332
79 198 3015
198 753 861
753 224 6530
224 44 4005
44 677 9192
44 144 3923
677 632 3316
632 494 975
632 520 335
494 220 6354
220 349 7191
349 453 1207
349 109 7940
453 727 4257
453 3 9836
727 126 5415
727 639 9447
126 106 1062
126 500 4716
106 560 9119
106 652 6093
560 421 1314
421 67 2425
67 715 6797
715 37 911
37 757 101
37 531 5095
757 566 7250
757 468 5806
566 301 4243
301 427 933
301 168 8821
301 483 1455
427 782 7462
782 280 9177
280 732 6998
280 187 7737
280 287 2493
732 377 7972
377 447 4423
447 38 5198
38 244 5162
38 170 5629
38 780 9490
38 999 5771
244 279 1816
279 195 4904
279 644 5217
195 928 2878
928 391 5971
928 486 688
928 181 5322
391 812 7284
812 586 9464
812 966 2118
586 87 4546
586 949 9564
87 751 7212
87 288 1796
751 580 1722
751 72 7806
580 133 9080
133 269 6894
269 29 5612
269 80 6542
29 174 6070
29 752 2609
174 721 4278
721 885 4914
885 837 6933
837 109 8700
837 750 6464
109 473 2094
109 639 4328
473 524 5953
473 501 4216
524 770 2496
770 394 7208
394 330 9433
330 420 5373
420 200 3178
420 805 6472
200 297 694
297 312 6813
312 417 5935
417 409 9163
409 154 7710
154 395 5498
154 643 6374
395 528 9505
528 168 7219
168 806 532
168 287 4937
806 55 4112
55 534 6143
55 505 1478
534 353 6534
534 787 5104
353 819 2107
819 357 7799
819 45 2036
357 796 7158
357 739 614
357 667 481
796 33 7837
33 828 6566
828 59 4697
59 464 332
464 959 3773
959 634 481
959 742 5704
959 15 3302
634 171 6952
171 477 2749
171 981 114
477 392 2886
392 515 1911
392 502 7824
515 50 4735
515 733 4637
50 846 3680
846 488 8306
488 935 5168
935 119 4968
119 152 8769
119 277 7662
152 822 6445
152 579 1654
822 210 9117
210 597 4903
597 750 5805
750 881 1152
750 786 2060
881 315 6418
315 419 7985
419 470 9897
419 441 2984
470 22 2681
22 318 6580
318 416 3108
416 211 9513
211 836 2284
211 766 6410
836 112 6464
112 436 5032
112 791 2875
112 19 5701
436 489 3295
489 425 7050
425 381 6787
425 907 7931
381 742 7082
381 768 5092
742 203 9450
742 766 2049
203 706 213
706 700 3463
700 623 4846
623 21 8218
21 261 2580
261 949 9748
949 971 4022
971 670 83
670 256 8160
256 950 6792
950 487 8067
487 951 4408
951 300 9775
951 639 7099
300 517 987
300 877 9234
517 390 6611
390 912 9622
390 105 1995
912 707 9426
707 994 1006
994 225 4870
225 646 1478
646 604 4300
604 497 8271
497 576 8265
576 793 2230
793 749 5352
793 637 9708
749 298 1679
298 209 3753
209 345 9920
209 864 5141
345 407 8598
407 288 8138
407 12 4072
288 479 4697
479 28 8511
28 640 4155
640 36 9208
640 985 5302
36 704 8573
704 146 3615
146 43 1428
146 957 2024
43 937 954
43 370 662
937 221 4986
221 964 575
964 351 2656
351 218 4412
218 157 1580
157 760 3877
760 35 5889
35 815 2231
815 737 2148
737 24 505
24 927 4460
927 542 3851
927 335 213
542 907 2490
907 553 7603
907 231 6484
907 334 3983
553 193 2552
193 124 4621
124 320 8054
320 367 3601
367 491 9484
491 273 8560
273 693 9160
693 83 1137
83 702 3485
702 974 9127
702 655 2565
974 17 5508
17 259 80
259 12 9578
12 415 493
415 799 7006
415 476 8585
799 222 1256
222 130 4938
130 361 2462
361 841 3497
841 606 7168
606 878 961
878 299 4001
878 919 7980
299 482 4811
482 847 4213
847 325 469
325 96 8766
96 919 697
919 990 4451
919 834 7669
990 495 1669
495 736 8857
736 370 1269
736 150 7504
370 31 3768
31 656 429
656 201 8641
201 590 7252
590 896 5907
896 850 7557
896 941 2759
850 103 5986
103 459 7134
459 396 9604
459 842 2991
396 641 2070
641 98 7211
641 233 4280
98 829 4531
829 74 707
829 783 1448
829 104 1843
74 207 1060
207 311 9427
311 862 6654
311 120 5272
311 478 6247
862 731 1771
731 230 2320
230 712 698
712 187 9439
187 756 341
756 778 5906
756 531 7060
778 337 7844
337 902 9673
337 633 3840
902 153 2836
153 584 6925
584 619 9746
619 739 392
739 438 6035
438 140 5731
438 452 3877
140 764 1990
764 65 5073
65 251 5947
65 550 9201
251 418 9353
418 903 6829
903 398 9907
903 274 7152
398 245 8672
245 375 966
245 72 2930
375 833 1677
375 226 2590
833 45 9176
833 386 9799
45 866 1261
866 752 6225
752 966 9237
966 462 7953
462 797 2130
797 723 2648
723 834 2149
834 658 8155
658 291 6487
291 231 4984
231 170 1431
170 626 6232
626 336 1728
336 490 3817
490 165 8314
165 820 5604
820 673 5807
673 783 9739
673 952 7902
783 830 5007
830 428 5443
830 41 4731
428 476 1265
476 759 8946
759 84 9754
84 8 8583
8 985 1875
8 810 7782
8 504 7524
985 354 1050
354 690 7580
690 507 8784
507 366 7275
366 574 3168
366 359 6737
574 810 5756
810 857 5816
810 267 8885
857 72 262
857 340 8654
72 788 220
788 845 1692
845 92 1238
92 512 1947
512 533 5509
533 139 5903
139 916 3903
916 110 7667
110 961 5641
110 650 1804
961 969 2673
969 952 7435
952 340 2886
340 458 289
458 215 6380
458 539 8991
215 317 8871
215 64 8254
215 868 3124
317 18 6394
18 979 5656
979 206 703
206 493 1530
493 564 9282
564 768 223
768 105 4618
105 513 5037
513 232 6038
232 622 9854
622 268 5299
622 304 1043
268 182 73
182 389 3342
389 539 2280
539 987 8372
987 844 5202
844 492 8183
492 958 8626
958 329 2868
329 886 175
329 27 6781
886 188 1892
188 405 7610
188 843 9667
188 441 2181
405 551 341
405 999 5009
551 235 7403
235 809 4947
235 155 8133
809 465 149
809 616 602
465 607 5187
607 213 1678
213 668 9883
668 16 5409
668 575 6295
16 826 1271
826 455 7798
455 77 2500
77 676 2921
676 637 8841
637 219 2572
219 138 6263
138 552 7472
552 930 7295
930 741 7816
930 684 5654
741 780 5920
780 775 684
775 667 5829
775 429 2701
667 64 8927
64 285 9790
285 189 8719
189 414 7459
414 687 130
687 371 79
371 208 4862
208 172 5076
172 123 8211
123 355 5010
355 82 2029
82 290 3398
290 454 3039
454 304 8263
304 61 5158
304 681 5685
304 879 9534
304 3 2956
61 672 8184
672 596 2454
596 583 8148
583 798 7107
798 849 5068
798 621 5619
849 835 754
849 546 2884
835 621 1273
621 275 6673
275 350 9919
350 326 3453
326 699 5725
699 781 8845
781 26 9594
26 550 795
550 755 2656
550 359 9723
755 733 874
733 2 7517
2 889 1151
889 90 5436
90 100 8878
100 643 9531
643 433 8833
433 870 1916
870 669 7794
669 432 343
432 872 7600
872 385 3679
385 448 3298
448 319 2135
319 767 2484
767 681 1445
681 412 5593
412 817 3904
817 523 3415
523 296 6346
296 32 6787
32 429 4687
32 911 3019
429 664 3057
664 659 4491
659 772 5095
772 531 8253
531 158 4084
158 346 5890
346 228 908
228 933 159
933 380 3115
380 547 8424
547 86 7661
86 47 8550
86 650 3653
47 502 3543
502 805 3735
805 662 5568
662 875 1336
875 890 4077
890 505 9519
505 468 5014
468 402 3726
402 127 8005
127 284 3850
284 445 5170
445 426 3598
426 155 7753
155 307 8584
307 821 9943
821 292 891
292 588 9623
588 934 9313
934 342 3947
934 911 465
934 238 760
342 216 2199
216 365 4549
365 532 6649
532 434 9459
434 936 1059
936 376 6115
376 999 4234
999 873 5071
873 520 4664
520 247 7887
247 898 8613
898 570 8398
570 906 9806
906 144 9949
144 926 2474
144 95 5677
926 277 1314
277 295 2551
295 911 3681
911 572 1515
572 612 7720
612 892 3630
892 920 9267
920 519 2656
519 691 3573
691 401 157
401 27 8630
401 648 9237
27 229 4103
229 725 9094
725 369 9996
369 910 2654
910 148 9994
148 41 2996
41 882 8464
882 283 7404
283 166 9110
166 178 2697
178 506 2474
506 469 3774
469 860 583
860 202 1087
202 501 8523
501 266 6741
266 348 7387
266 11 7349
348 440 2417
440 327 5052
327 856 9899
856 645 2449
645 382 6567
382 674 3971
674 599 6079
599 913 5833
913 545 2978
545 789 9651
789 714 2342
714 986 1607
986 306 5239
986 466 2796
306 795 7052
795 238 5235
238 504 5449
504 267 3398
267 577 8230
577 842 264
577 582 801
842 177 7340
177 713 2961
713 657 9627
657 997 7465
997 653 9895
653 945 7065
653 271 5987
945 521 6635
521 968 803
968 701 3335
701 786 9051
786 571 5854
571 549 9586
549 143 1500
143 895 8772
895 879 3556
895 832 3930
879 983 957
983 854 6533
854 287 3580
287 255 3298
255 832 8139
832 722 5170
722 374 6093
374 610 1542
610 413 404
413 575 7894
575 249 4939
249 102 4986
102 843 8157
843 602 5740
602 991 8677
991 503 7469
503 867 1718
867 40 6141
40 384 7364
384 791 8782
791 257 8479
257 204 350
204 957 9584
957 450 1814
450 562 5753
562 3 1789
3 359 7751
359 95 3604
95 411 561
411 802 1306
802 7 7533
7 335 7869
335 386 7838
386 164 7464
164 825 1166
825 323 2328
323 460 2633
460 422 3610
422 848 3869
848 654 3037
654 356 7855
356 466 5160
466 941 8022
941 128 2364
128 838 7251
838 981 6698
981 486 6184
486 766 8968
766 237 9190
237 582 3547
582 648 7749
648 953 7668
953 485 249
485 271 3684
271 163 5833
163 703 6001
703 914 5472
914 120 3583
120 358 9604
358 548 2384
548 518 4888
518 628 7136
628 877 252
877 362 9077
362 117 4599
117 508 7769
508 801 7756
801 11 7231
11 579 1379
579 880 7977
880 633 6619
633 876 5585
876 498 3136
498 387 992
387 403 4300
403 748 386
748 777 4041
777 784 484
784 1000 5705
605 827 3230
827 769 4030
769 25 9805
25 207 7250
25 975 4278
975 584 3488
975 62 3082
62 982 6630
62 650 5311
982 344 3017
344 711 6233
344 316 7695
316 522 4256
522 139 9720
522 137 7946
137 822 9685
137 34 4318
34 111 5715
111 393 7440
393 378 7901
378 321 3445
321 467 5416
321 655 871
467 920 9029
467 686 8551
686 891 8215
891 925 3329
891 532 5288
891 530 2255
530 265 164
265 43 992
265 993 1837
993 373 4193
373 527 796
373 980 9086
980 776 4823
776 471 4283
471 242 8519
242 76 7804
76 191 9594
191 565 7887
191 661 4037
565 20 3640
20 261 8495
20 466 3756
20 363 1585
20 989 8179
363 514 4426
363 399 3651
363 614 5618
399 618 8678
618 824 7095
824 869 7386
824 481 5900
869 870 2476
869 685 2288
685 383 4114
685 787 2156
383 708 7576
708 773 2721
773 902 2319
773 984 8567
984 91 4557
91 307 2863
91 322 5715
322 635 9994
322 142 4037
635 529 6349
529 735 4864
735 942 1841
942 640 5942
942 539 9103
942 989 2229
989 540 5933
540 893 7597
893 415 5984
893 778 7518
893 331 2127
331 521 6761
331 142 7520
142 634 7744
142 613 1790
613 52 4615
52 698 1481
698 308 7690
308 346 3442
308 39 3769
39 718 8155
718 943 1949
943 169 1344
169 27 875
169 614 4267
614 582 6262
614 638 1783
638 852 3481
852 666 1976
666 771 8128
771 967 7518
967 309 8325
309 865 2992
865 853 5710
853 48 618
48 314 8446
314 66 7938
66 313 6551
313 743 6042
743 738 3921
738 420 420
738 185 8168
185 286 7034
286 134 7939
134 444 2263
444 481 8823
481 250 8905
250 449 3744
449 848 2864
449 500 2346
500 904 7512
904 68 1019
68 953 4294
68 940 5207
940 874 8245
874 888 4912
888 503 1468
888 343 28
343 521 4745
343 724 9796
724 908 8155
908 475 2262
475 977 8120
977 649 7498
649 10 7971
10 585 8737
585 661 5943
661 573 2260
573 929 1639
929 952 8336
929 593 2532
929 132 2058
593 864 2855
864 964 9565
864 257 6349
864 525 1470
864 543 4740
525 932 5253
932 246 1565
246 147 3955
147 787 3951
787 883 5428
883 680 4973
680 973 4596
973 644 634
644 355 9570
644 439 9508
439 897 8453
897 498 9597
897 620 4252
620 118 8248
118 276 4103
276 543 2865
543 107 6367
107 132 7953
132 544 7187
544 555 1456
555 936 247
555 688 9446
688 772 9446
688 150 8583
150 208 1977
150 859 7856
859 840 7789
840 805 7894
840 675 4204
675 101 9258
101 452 8985
452 400 9456
400 360 822
360 196 2939
196 19 3406
19 538 6249
19 918 7912
538 625 4354
625 972 3234
972 129 7481
129 159 3861
159 180 1687
159 46 3429
180 728 4464
728 258 9934
258 42 3883
42 682 3680
682 790 2653
790 871 1835
871 652 7218
652 275 4108
652 474 2082
474 639 6663
639 616 3553
616 51 7016
51 992 4991
992 443 1408
443 115 4804
115 114 9236
114 368 1963
368 918 414
918 46 8220
46 441 1419
441 80 7587
80 199 1159
199 860 1176
199 801 188
199 243 5422
199 274 1881
243 785 3421
785 758 9254
758 570 5741
758 104 5107
104 710 9034
710 581 6556
581 332 1393
332 410 2916
410 233 6587
233 777 4045
233 808 4751
808 435 3804
435 274 8152
274 483 6832
483 125 6818
125 537 8056
537 744 199
744 899 8161
899 884 5816
884 546 5002
884 478 7396
546 655 7778
655 324 1767
324 591 1968
591 6 5548
6 705 9354
705 192 9478
192 305 3076
305 446 9541
446 194 4899
194 223 4956
223 956 9313
956 248 4152
248 478 7049
478 15 772
15 56 3185
56 63 9956
63 334 2164
334 650 2452
650 190 6543
190 236 6208
236 981 7202
236 917 6698
917 839 711
839 160 385
160 73 3516
73 684 5118
684 868 583
868 214 8028
214 226 7285
226 720 1937
720 161 1775
161 816 5063
816 804 55
804 181 3742
181 747 6962
747 293 5760
293 988 3219
988 1000 6389
