1000 3000
0
1
0
1
1
0
1
0
1
0
0
0
0
1
0
0
0
0
1
0
1
1
1
0
1
0
0
0
0
1
0
0
0
1
1
0
0
0
0
0
1
0
0
0
0
0
0
0
1
1
0
0
0
0
0
0
0
0
0
0
0
1
0
1
1
1
0
0
0
0
0
0
0
0
1
0
0
1
0
0
0
1
0
0
0
1
0
0
1
0
0
0
0
0
0
1
0
0
0
1
0
0
1
0
1
0
0
1
1
0
1
0
0
0
1
0
1
1
0
1
1
0
0
0
1
1
1
0
0
0
0
0
0
0
1
1
0
1
0
1
0
1
0
1
0
0
1
0
1
1
0
0
0
1
0
1
0
0
0
0
0
1
1
1
0
0
0
0
0
1
0
0
0
0
0
0
1
0
0
1
0
0
1
0
1
0
0
0
0
1
1
0
1
0
0
1
0
0
0
0
0
0
0
0
0
0
1
0
0
0
0
0
1
0
1
0
0
0
1
0
0
1
1
0
0
0
1
1
1
0
1
0
0
1
0
0
1
0
0
0
0
1
1
1
1
0
0
0
1
0
0
0
0
0
1
1
0
0
1
0
1
0
0
0
0
0
1
0
0
0
0
1
1
0
0
1
0
0
0
0
0
0
0
0
0
0
0
1
1
0
0
1
1
1
0
0
0
0
0
0
1
0
0
0
0
0
0
0
0
0
0
1
1
0
0
0
0
0
0
0
1
0
0
1
0
0
0
0
1
0
1
0
0
0
1
0
0
0
1
0
0
0
0
1
0
1
0
0
1
0
0
0
1
0
0
0
0
1
0
0
0
0
0
0
0
1
1
0
0
1
0
0
0
0
1
1
0
0
1
0
0
0
0
0
0
0
1
0
0
0
0
0
0
0
1
0
0
0
0
0
0
0
1
1
1
0
0
1
0
1
1
1
1
0
0
0
1
0
0
1
0
0
0
0
1
0
0
0
0
0
0
1
1
0
1
0
0
0
1
0
0
0
0
0
0
0
0
1
0
0
0
1
0
0
0
0
0
0
0
1
0
0
0
0
0
0
0
0
1
0
1
0
1
0
0
0
0
1
0
0
1
0
0
0
0
1
0
0
0
0
1
1
1
0
0
0
0
0
0
0
0
0
1
0
1
0
1
0
0
0
0
0
0
1
1
1
0
0
1
0
1
1
0
1
0
0
0
1
0
0
0
0
0
0
0
0
1
0
1
0
0
1
0
0
1
0
1
1
1
1
0
0
1
0
0
0
1
1
0
0
0
0
1
0
0
0
0
0
0
1
1
0
1
1
0
0
0
0
1
0
1
0
0
1
0
0
1
0
0
0
0
0
0
1
0
0
0
1
1
0
1
0
0
0
1
0
0
1
0
0
1
0
0
0
1
0
0
0
1
0
1
0
0
0
1
0
0
1
0
0
0
0
1
0
0
0
0
0
0
0
1
1
0
1
0
1
0
1
0
0
0
0
0
1
0
0
1
1
0
0
0
1
0
0
1
0
0
0
1
0
0
0
0
1
0
0
0
1
0
0
0
0
1
0
0
0
0
0
1
0
1
0
1
0
0
0
1
0
0
1
0
0
1
1
0
0
1
0
0
1
0
0
1
0
0
0
1
0
0
0
0
1
0
1
1
0
1
0
0
1
0
0
1
0
0
0
0
1
0
0
0
0
0
0
0
1
0
0
0
1
0
0
1
0
0
1
1
1
0
0
1
0
0
0
0
0
0
1
1
1
1
0
0
0
0
0
0
0
0
1
1
0
1
0
1
1
0
0
0
1
0
0
0
0
0
0
0
0
0
0
0
0
1
0
0
0
1
0
0
1
0
0
0
0
1
0
1
1
0
0
0
0
0
0
0
0
0
0
0
1
0
1
1
0
1
0
0
1
0
1
1
0
0
1
1
1
0
1
1
0
0
0
1
0
0
0
0
0
1
1
0
0
1
0
1
0
1
0
0
0
1
1
1
0
1
0
1
0
0
0
1
0
0
1
0
0
1
1
0
0
1
0
0
0
0
0
0
1
0
0
0
1
0
1
0
0
0
1
1
0
1
0
1
0
1
0
0
0
0
0
0
1
0
1
0
0
1
0
0
0
0
0
0
1
1
0
1
0
0
1
0
1
0
0
0
1
0
0
1
1
0
0
1
0
0
0
0
0
0
1
0
0
0
0
1
0
0
1
0
0
0
1
1
0
0
0
1
0
0
0
0
1
0
0
0
0
0
0
1
0
0
0
0
1
0
0
0
1
0
0
1 471 7895
1 999 4418
1 498 8539
1 310 547
1 679 2264
1 533 2522
1 970 7929
471 514 5800
471 746 7867
471 451 6024
471 989 3135
471 426 6203
514 625 5922
514 128 7743
514 914 4778
514 767 2226
514 463 1434
625 409 9138
625 238 9801
409 309 2870
409 174 3685
409 783 5753
409 289 7952
409 68 6974
309 273 6325
309 886 6811
309 724 1724
309 708 5854
309 917 265
273 697 6711
273 671 7377
273 205 4511
273 288 1129
697 841 2268
697 703 5057
697 704 9744
697 551 1141
841 591 9337
841 981 1895
841 696 5359
841 948 5360
841 650 5030
841 197 1561
841 709 7633
591 799 2772
591 206 2691
591 813 6210
799 406 558
799 369 1828
799 18 6010
799 84 9779
799 232 1864
799 568 8114
406 849 7730
406 773 8838
406 989 4438
406 335 892
849 117 6913
849 938 6644
117 483 1156
117 962 3623
117 487 372
117 570 2018
117 462 4751
483 535 2639
483 359 3426
535 889 846
535 952 3779
535 43 2762
889 856 2741
889 321 9137
889 128 8121
856 105 7770
856 666 7050
856 495 2106
856 886 6893
856 532 9740
856 474 8315
105 295 7450
105 888 7919
105 955 677
105 651 3580
295 702 9782
295 34 8790
295 221 1309
702 640 4971
702 711 9580
702 811 2200
640 294 1883
640 278 6223
640 231 9707
640 686 1858
294 994 2946
294 829 1724
294 70 6608
294 813 5585
994 703 5149
994 854 3806
994 371 5715
994 545 7910
703 338 6546
703 821 1204
703 261 2383
338 398 4315
338 504 8253
338 870 840
338 341 7559
338 677 4344
398 430 9154
398 771 5009
398 531 2262
430 726 6182
430 899 4940
430 147 8395
430 5 1324
726 530 6249
726 440 3366
726 421 903
530 599 4800
530 85 1600
530 324 3477
530 121 4507
530 811 3457
530 386 6422
530 753 6230
530 263 6417
530 243 8358
530 197 7731
530 235 222
599 541 4073
599 128 1992
599 27 6767
599 637 5276
541 80 4374
541 961 7433
80 560 9880
80 40 5213
80 586 4991
80 498 4223
80 203 719
80 972 6351
80 41 6484
560 132 6900
560 710 1291
132 66 1230
132 952 8223
132 61 7539
132 416 4595
132 466 5477
132 335 8690
66 968 6195
66 808 5305
66 378 3196
66 106 9651
66 708 1727
66 690 5778
968 910 2419
968 528 84
968 341 9860
968 961 2640
968 480 508
910 573 1851
910 963 9406
910 130 2135
910 320 6225
910 951 3190
573 238 2014
573 953 7789
573 396 8181
238 562 2588
238 817 8507
238 365 4531
238 571 5423
238 713 1759
562 228 5821
562 940 6653
562 208 6333
562 24 9711
562 314 1247
562 876 8162
228 508 8401
228 996 3793
228 768 3466
228 49 7948
508 513 9796
508 190 5192
508 249 77
508 839 2214
513 291 1628
513 795 9936
513 376 1206
513 170 8487
291 99 1787
291 405 6963
291 81 622
291 106 4363
99 40 153
99 330 8987
99 774 2151
40 216 8333
40 684 1575
40 707 7010
216 771 9215
216 196 3349
216 98 5120
216 207 1388
216 613 1
216 806 7804
216 549 1098
216 163 7600
216 235 5965
771 817 5850
771 58 7744
771 278 9431
771 711 150
771 835 3891
771 204 974
817 763 226
817 120 2457
817 93 8953
817 259 162
763 402 3662
763 962 7440
763 869 1948
763 945 624
402 940 4413
402 403 2662
940 48 776
940 734 3399
940 772 4812
940 392 5460
940 231 1325
48 941 8173
48 724 4675
941 838 4674
941 780 9644
941 149 6062
941 67 1026
941 461 7448
838 615 3511
838 578 4977
838 730 3412
838 122 5713
838 775 2721
838 751 9194
838 313 5862
615 907 6611
615 642 168
615 873 6087
907 636 9067
907 567 5472
907 538 6248
907 936 2728
907 49 2911
636 473 4547
636 403 9704
636 194 3675
636 705 7208
636 523 6831
636 1000 7074
473 760 8372
473 958 2291
473 419 4750
760 524 2896
760 21 3317
760 848 5775
760 811 8892
760 265 5730
524 25 6801
524 319 6339
524 542 9240
524 288 8129
25 829 6102
25 974 1304
25 755 849
829 250 5296
829 637 7165
829 425 3812
829 796 1815
250 843 3252
250 253 2878
250 564 7286
250 453 5851
250 789 1958
843 119 6549
843 378 6750
119 784 8013
119 395 223
119 173 309
119 376 4843
784 611 3648
784 583 8680
784 678 3485
784 170 8398
784 427 7928
611 718 3153
611 256 524
611 69 6819
611 665 8882
611 203 3676
718 339 9509
718 140 4474
339 769 1805
339 748 5610
339 345 5777
339 695 9005
339 222 7257
769 445 2942
769 805 2816
769 863 5423
769 7 2545
445 981 5694
445 556 9061
445 31 8395
981 899 4003
981 214 5609
981 425 1496
981 774 2015
899 985 2183
899 491 1805
899 131 3209
899 394 5831
899 840 6836
985 522 6694
985 965 580
985 955 4763
522 932 9846
522 915 1103
522 554 7933
932 370 5080
932 308 1131
932 898 3793
932 622 9553
932 765 2935
932 901 5755
932 138 5329
370 129 1939
370 447 3011
370 253 4622
370 643 4755
370 870 4786
370 581 7166
129 58 6800
129 413 3846
129 455 1913
129 303 7154
129 679 5806
129 725 3408
58 492 5520
58 895 7988
58 318 5212
58 377 8728
58 806 170
58 851 8400
58 484 1773
492 496 749
492 589 9514
492 770 7971
492 957 8204
492 638 7447
496 183 3050
496 174 9334
496 280 7591
496 77 8954
183 212 8620
183 433 3345
183 459 4282
183 124 558
183 526 6356
212 553 8904
212 561 1664
212 778 7493
212 558 2421
212 723 4815
212 945 7690
553 102 4333
553 357 1968
553 395 3495
553 122 4093
553 79 7487
553 375 7834
102 308 5656
102 36 2567
102 390 8004
308 195 4055
308 786 691
195 952 8752
195 679 3569
195 285 8661
195 579 3307
952 798 7367
952 816 8062
952 746 2640
952 121 4957
952 382 7015
952 912 7611
798 969 8302
798 962 1297
798 442 4521
798 701 1009
969 256 6552
969 480 6184
256 738 4853
256 482 8972
256 741 999
738 405 2542
738 490 9657
405 209 9318
405 30 6036
405 882 3749
405 387 3157
209 160 3869
209 660 5756
209 446 2075
160 72 8224
160 748 9811
160 214 2765
160 744 6976
160 953 9731
160 850 1426
72 379 6634
72 127 3449
72 757 5839
72 519 5626
379 260 4757
379 237 2854
379 116 3236
379 802 9410
379 972 4150
379 650 7756
260 104 6770
260 714 7053
260 307 292
260 705 1622
104 53 2376
53 369 7642
53 885 4163
53 723 8384
369 179 6959
369 649 6550
369 436 8484
369 886 6467
369 717 6771
369 254 4240
369 617 8541
369 545 4994
179 193 4050
179 128 1306
179 367 8321
179 814 132
179 946 9083
193 182 4955
193 458 3580
193 64 4921
193 676 580
182 578 8336
182 166 7774
182 570 167
182 178 4098
182 235 8275
578 911 7923
578 367 867
578 741 1679
578 331 8214
911 671 2489
911 361 407
671 277 5855
671 494 3003
671 779 8790
671 374 9165
277 628 5905
277 85 7274
277 128 5632
277 974 2675
277 172 1513
277 686 524
277 426 4020
277 74 1914
277 86 8181
628 782 2341
628 692 2045
628 846 7263
628 852 3647
628 246 1976
628 789 8536
782 184 578
782 290 6663
782 643 2661
782 870 744
782 34 760
782 376 7288
184 410 5018
184 242 1627
184 198 8966
184 243 3231
410 46 467
410 428 5724
410 81 5437
410 944 3469
410 990 4514
46 236 4602
46 521 9373
46 543 1787
46 874 6585
46 26 8399
236 809 9651
236 279 7108
236 870 2419
236 891 1564
809 482 5289
809 614 1111
809 993 9960
809 503 8903
809 677 4757
809 178 8287
809 707 7438
482 114 5334
482 749 4949
482 921 6451
114 358 2429
114 10 5709
114 306 3738
114 423 7447
114 449 7335
114 840 9055
358 415 7029
358 3 4153
358 676 1131
358 270 2466
358 59 7621
415 964 5644
415 965 7067
415 26 3346
964 685 3782
964 567 3
964 281 8096
964 73 9784
685 12 7110
685 101 514
685 923 7699
685 340 8750
685 116 1624
685 499 7658
12 734 7653
12 493 2732
12 676 5944
12 752 1442
12 878 4417
734 441 7244
734 962 7892
734 298 6846
734 55 2952
734 739 7981
441 267 4292
441 624 6638
441 391 3388
267 754 7672
267 10 790
267 89 4518
267 750 137
267 315 4763
754 302 6513
754 699 3555
754 531 4460
302 418 294
302 655 3557
302 113 2555
302 634 77
302 683 667
302 334 3069
418 85 7775
418 716 9416
418 810 1044
418 290 1784
418 360 3420
85 8 3776
85 377 4079
85 112 4862
85 134 4544
85 951 1322
8 960 9105
8 237 1389
8 29 626
960 694 3438
960 742 2032
960 118 7263
960 403 3177
960 791 9704
960 835 4405
960 262 4046
960 939 6192
960 463 5519
694 895 558
694 837 9747
694 906 9978
694 190 7203
694 928 3303
694 79 2532
895 493 3631
895 690 321
895 400 5600
493 62 7757
493 692 6089
493 359 2996
493 923 9540
493 423 9508
62 159 3123
62 269 9970
159 196 721
159 906 7666
159 4 1291
159 970 6178
159 913 5407
196 666 8268
196 35 5967
196 118 3790
196 340 1883
196 268 9143
196 947 9845
666 681 6287
666 392 3188
666 116 6037
666 684 1805
666 203 3745
666 453 2135
666 367 1782
681 893 947
681 729 5437
681 622 4313
681 775 4577
681 717 2110
681 7 6265
893 100 2333
893 955 8198
893 874 5612
893 259 8224
100 318 4057
100 525 8734
100 830 8193
100 509 1130
318 773 6399
773 885 5835
773 678 3659
773 908 8157
773 723 455
885 145 9625
885 810 1947
885 554 2337
885 121 8767
885 978 8143
145 646 4975
145 683 1954
145 725 4179
646 521 6779
521 248 2050
521 420 2665
248 821 4912
248 816 9348
248 434 8102
248 825 5576
248 814 276
821 444 6563
821 575 8192
821 290 8960
821 603 4760
821 901 3803
821 705 3535
821 739 5168
444 692 2536
444 489 8079
444 452 2649
692 606 5287
692 20 265
606 729 6307
606 198 9795
606 205 719
606 753 5931
729 742 1741
729 395 3055
729 986 4697
742 414 6236
742 351 8029
742 507 3002
414 284 6766
414 94 1159
414 363 1403
414 282 9431
414 111 2422
414 571 750
414 400 3884
284 518 7998
284 999 7377
284 642 446
284 127 2541
284 27 6336
284 549 1557
518 274 6344
518 659 9870
518 123 6724
518 121 5231
518 728 7948
518 943 9373
274 491 517
274 180 4565
274 622 2031
274 721 312
491 837 5283
491 780 7962
491 142 8404
491 921 8338
491 903 9010
491 438 4639
491 271 2718
491 762 8364
837 10 7757
837 469 229
837 568 9766
837 925 7187
837 39 2650
10 241 6868
10 345 1070
10 299 6999
10 722 596
10 286 1515
10 223 9540
241 35 6932
241 118 3071
241 639 2235
35 98 3153
35 362 6146
35 135 7465
35 752 7453
98 458 1870
98 131 4334
458 226 2017
458 354 3901
458 882 997
458 794 3651
458 577 1862
458 785 9400
458 581 1988
458 163 7223
458 547 391
226 422 1058
226 29 5586
226 479 4499
226 743 1286
226 796 1704
422 748 1685
422 674 287
748 447 4923
748 770 9106
748 583 3638
748 118 5518
748 931 620
748 400 9529
447 546 2449
447 378 42
546 527 1763
546 586 1954
546 333 6187
546 909 5579
527 276 5758
527 333 8057
527 811 6264
276 175 4126
276 854 8309
276 466 7260
276 32 7776
175 668 6522
175 312 3012
668 528 6116
668 253 3744
668 537 9754
668 806 7173
528 242 5682
528 529 4252
242 357 4810
242 289 7385
242 300 2288
242 800 1448
242 206 8659
242 992 1393
242 396 5085
357 343 4176
357 328 8364
357 706 965
357 128 2977
357 421 8405
357 161 9079
357 16 4930
343 575 943
343 393 4658
343 961 7039
343 925 5351
575 938 7273
575 678 1164
575 588 3659
938 65 4533
65 525 8939
65 987 6532
65 268 3896
65 457 5054
65 797 276
525 618 3649
525 890 8578
525 794 2309
525 828 4252
525 568 3387
525 820 6045
618 966 6539
618 54 1187
618 847 4703
618 425 4283
966 218 6271
966 435 8878
966 711 2646
966 327 3588
966 165 1854
218 816 7402
218 624 2666
218 906 3135
218 942 8344
218 469 7323
816 827 173
816 173 3695
816 532 4596
816 44 7688
816 531 3705
827 833 5480
827 158 6627
827 361 237
827 735 9375
827 43 8032
833 589 6864
833 877 9375
833 998 6610
833 244 5524
833 976 3626
589 534 6348
589 287 1568
589 150 164
534 654 3886
534 503 6270
534 419 798
534 232 157
534 976 1499
654 185 3443
654 931 96
654 986 9705
654 245 844
654 561 2761
654 786 9191
654 908 5539
185 395 84
185 261 9364
185 230 5585
185 946 1031
395 920 3403
395 884 9290
395 169 2862
395 519 29
920 210 5878
920 643 2236
920 172 4413
920 381 9093
920 84 1610
210 211 7374
210 253 4616
210 939 1587
211 962 3721
211 519 2535
962 621 8102
962 18 3959
962 307 5156
621 60 8899
621 823 4115
621 297 6654
60 324 2341
60 942 4210
60 995 2710
60 231 9536
60 244 3322
60 374 1901
324 919 5074
324 30 3405
324 988 7616
919 559 659
919 922 787
919 20 1018
919 708 6300
919 612 10000
919 202 7399
919 86 8529
919 547 2235
559 21 1811
559 664 3973
559 901 196
559 924 5536
559 638 4940
559 372 8134
21 155 5608
21 485 7474
21 616 6235
155 682 9566
155 596 2629
155 121 5133
155 988 32
682 504 5634
682 269 3825
504 330 593
504 202 4696
330 624 3360
330 794 3915
330 325 6596
330 728 4786
330 691 3671
330 197 4211
330 95 1796
624 770 4458
624 135 1580
770 435 4447
770 830 809
770 979 8978
770 571 9327
435 869 3044
435 311 7140
435 317 3299
435 975 9591
435 165 2675
869 517 8238
869 544 7725
869 561 4635
869 883 2063
517 780 311
517 360 4200
517 51 4691
517 587 5444
517 171 4232
517 845 6676
517 715 5620
517 205 4824
517 396 1371
780 877 5332
780 146 8738
780 823 7966
780 137 117
780 520 8761
877 428 8528
877 916 8264
877 596 9570
877 301 6460
877 336 2710
877 988 378
428 999 5437
428 944 2036
428 33 9773
999 664 8929
664 81 1686
664 835 9364
664 461 7955
81 583 9923
81 219 3440
81 619 2589
583 174 1985
583 404 3750
583 468 6789
583 366 3027
583 997 5545
583 864 7372
174 716 9702
174 687 1165
174 312 2195
174 78 7425
716 731 6496
716 590 7285
716 639 1742
716 620 2964
716 244 6045
716 723 6622
731 283 1227
731 900 5614
283 234 3081
283 538 3936
283 720 5991
234 746 4869
234 598 2323
234 362 5764
234 585 3797
234 657 4008
746 880 1479
880 987 1752
880 580 282
880 928 1270
880 89 692
987 377 2266
987 281 5019
987 879 3832
377 359 1644
377 626 6916
377 736 1203
377 27 7697
377 297 4432
359 495 9750
359 744 5121
359 652 927
495 598 3386
495 350 3215
598 486 3890
598 272 9430
598 503 9836
486 13 1468
486 316 1395
486 200 2916
486 127 1755
13 804 3737
13 602 7784
13 928 4077
804 342 5852
804 18 7933
804 939 4436
342 916 3682
342 532 6036
342 103 4717
342 215 4951
916 732 6727
916 96 3334
916 543 6322
732 319 559
732 712 4977
319 714 3237
319 695 8113
319 822 9025
319 565 7668
319 480 7862
319 657 4146
714 602 4946
714 862 1247
714 300 3712
714 736 5187
714 552 7028
602 669 3547
602 807 6654
602 381 4774
602 629 2814
669 699 8408
669 168 8511
669 165 6949
699 810 8836
699 604 714
699 344 4881
699 979 3271
699 776 4396
699 593 916
810 894 4339
810 580 9346
810 736 3995
810 423 7672
810 739 5667
894 213 905
894 3 9000
213 662 5255
213 87 9017
213 704 8024
213 130 9274
213 288 6879
662 61 8521
662 389 4219
662 287 4477
662 957 2232
662 876 9405
662 449 7857
662 95 5778
61 922 2410
61 730 2630
61 427 4943
61 946 7169
922 846 7492
922 494 1892
922 835 6004
846 472 8206
846 333 3124
472 149 5626
472 881 2601
472 505 392
149 290 9964
149 54 8298
149 670 4386
149 24 3987
149 758 317
290 580 5290
290 644 2986
290 313 1923
580 929 4306
580 360 1010
580 648 1197
580 461 7536
929 660 9530
929 712 5415
929 43 8365
929 426 1762
660 30 1172
660 614 6221
660 576 3891
660 201 9933
30 311 5202
30 943 8834
311 783 7102
311 632 2694
311 303 7077
783 168 9457
783 373 7251
783 717 200
783 954 1435
168 278 6203
168 266 591
168 651 7750
278 316 4500
278 587 1328
278 733 1737
278 82 1168
316 627 6617
316 83 4722
627 118 3091
627 915 7275
627 661 2083
118 931 4287
118 735 1162
118 715 1613
118 336 6053
931 237 5878
931 637 9726
931 605 3576
931 635 8450
237 360 3616
237 69 3509
237 691 3652
360 965 8801
360 906 6962
965 852 2697
965 399 5877
965 376 2770
965 56 9947
965 515 2429
852 884 4204
852 51 6149
852 605 9371
852 892 8306
884 173 7000
173 448 699
173 652 42
173 265 4520
448 710 3667
448 901 1115
448 608 7610
448 803 7293
448 52 3198
710 649 8248
710 608 8455
710 757 1162
710 124 652
649 413 4332
413 450 887
413 189 4228
450 51 2782
450 389 4502
450 604 4088
450 427 2785
450 197 9655
51 101 1049
51 42 5481
51 730 1883
101 253 170
101 779 5427
101 847 4311
101 245 726
101 394 7927
253 42 34
253 759 9031
253 676 1278
253 57 732
253 15 5424
42 485 5797
42 401 4398
42 281 6538
42 135 9758
485 436 1691
485 24 6087
485 229 8005
485 275 6497
436 658 7248
436 904 8657
436 272 7180
436 937 8134
658 19 9236
658 465 6313
658 191 8988
658 690 3323
658 945 9097
19 596 8642
19 711 723
596 632 4577
596 126 524
596 948 7244
632 266 6355
632 125 4835
632 200 7969
632 901 633
632 245 4868
632 341 6999
632 820 1911
632 725 1951
266 872 8774
266 882 4059
266 392 2700
266 133 5312
872 304 3817
304 279 742
304 446 1398
304 165 8173
279 162 7238
279 633 4998
279 883 3181
279 657 770
162 915 3131
162 986 8768
162 740 7082
162 352 2118
162 568 8442
162 878 6179
162 582 759
915 189 9164
915 11 7107
915 245 1283
915 124 2760
915 462 9814
915 133 2469
189 489 728
489 923 6798
489 90 3688
923 587 4079
923 18 5060
923 412 1990
923 866 2852
923 874 9119
587 756 4689
587 125 4515
587 346 9287
756 11 1783
756 408 5913
756 765 3811
756 928 9020
11 29 910
11 219 6992
11 801 6141
29 862 392
29 467 2111
29 150 3223
29 912 2510
29 16 553
29 439 5753
862 737 9620
862 158 6068
862 186 9211
862 347 7254
737 510 8827
737 515 9024
737 178 6074
510 125 9555
510 327 2174
125 64 9761
125 252 9985
125 198 7233
125 998 8102
64 805 2836
64 128 6351
64 215 2791
805 416 7351
805 942 1989
805 558 4573
805 951 9615
416 858 5800
416 544 9944
416 349 6876
416 44 9143
858 446 6085
858 479 7267
858 725 1253
858 141 5659
446 537 6128
446 695 1805
446 111 1411
446 217 2100
537 906 4225
537 297 621
537 249 9353
906 401 3051
906 303 5997
906 477 5427
906 728 8957
906 167 8170
401 597 1539
401 904 8941
401 800 5402
597 18 9641
597 548 8129
597 736 8105
597 205 2431
18 888 1831
18 900 93
888 777 3355
888 875 1445
777 659 5892
777 794 9650
659 733 4672
659 2 1386
659 333 5734
659 488 8290
733 986 2639
733 152 1392
733 723 770
986 87 795
986 440 9154
986 272 2869
986 609 1371
87 171 9775
87 924 2221
87 532 4422
87 786 2123
87 766 3999
171 252 9730
171 781 292
171 823 5538
171 739 5023
252 859 2045
252 577 5178
252 110 3151
859 433 149
859 604 3960
859 619 4981
433 603 6594
433 717 3666
433 106 2777
433 130 8837
603 143 3315
603 775 7448
603 364 223
603 327 5401
603 556 2089
143 354 9213
143 494 3144
143 842 2858
354 642 6359
354 122 2298
642 399 5726
642 808 7730
642 744 8424
642 78 4299
642 192 8503
399 614 546
399 15 8297
399 878 4584
614 678 7189
614 857 3834
678 478 9606
678 404 9233
678 715 5363
678 453 9108
678 164 5734
478 781 9322
478 376 440
478 745 2327
781 853 2987
781 755 3216
781 288 1163
853 993 2654
853 258 7015
853 744 1385
853 314 8054
853 500 9104
993 207 6949
993 120 1197
993 134 1961
993 271 3308
993 557 9846
207 328 4039
207 82 7389
207 806 8269
207 457 8337
207 831 5891
328 54 5166
328 494 6633
328 744 6826
54 389 2354
54 74 6819
389 494 6432
389 403 7939
389 883 2181
389 500 5539
389 197 3672
389 396 1503
494 126 5979
494 765 5998
494 759 841
494 948 5546
494 861 3512
494 364 3494
494 227 2561
494 315 1249
126 75 1547
126 404 8016
126 400 8197
75 373 9096
373 383 6328
383 264 7856
383 108 8941
383 711 366
383 378 5244
383 796 3562
383 390 5054
264 69 7486
264 712 8727
264 166 8039
69 307 4312
69 974 7433
69 487 4857
69 576 7095
69 785 1723
69 249 7037
307 623 2633
307 317 5394
307 466 4891
623 590 4963
623 127 7743
623 124 5732
623 744 509
590 200 7606
590 351 5577
590 612 9421
200 779 8854
200 655 3476
200 455 7436
200 638 7051
200 720 2571
200 235 115
779 467 1258
779 141 7863
467 289 481
467 440 2854
467 306 1424
467 388 1886
467 394 339
289 730 6503
289 148 9924
289 689 1002
289 95 287
730 764 4780
730 704 8096
730 130 2009
730 479 8169
730 741 7081
764 868 3754
764 348 3059
764 480 8395
868 50 7848
868 715 5142
50 648 5255
50 300 5453
50 247 719
50 71 4675
50 973 4307
648 854 546
648 712 8462
648 384 7709
648 480 3116
854 643 4929
854 761 8966
854 765 7330
854 459 1761
854 475 1819
854 577 5106
854 376 3646
854 170 8510
854 429 1608
854 739 3570
643 740 5863
643 74 8246
740 949 4701
740 778 311
740 233 6606
740 38 2869
740 454 7391
949 321 359
949 826 2280
949 758 2137
321 626 8206
321 348 3773
321 638 7392
626 152 3658
626 595 843
626 271 8418
152 712 7964
152 215 1388
712 645 3232
712 390 2024
712 259 4503
645 350 8160
645 303 990
645 509 1833
350 37 9920
350 650 9160
37 208 3290
37 476 9917
37 672 7669
208 793 1249
208 902 3486
208 983 3532
208 167 9494
793 362 8187
793 477 194
793 249 6099
793 375 7407
362 904 7584
362 823 2809
362 219 9686
362 131 6072
362 254 1014
904 898 9811
904 883 9815
904 424 4671
904 427 653
898 180 8233
898 306 8987
898 390 2041
180 94 7816
180 512 1010
180 36 2895
94 655 5975
94 851 8351
655 127 1079
655 540 2246
127 481 7511
127 247 4368
127 191 2162
127 768 1531
481 169 5616
481 977 2000
481 497 1414
169 109 1461
169 749 6538
169 795 1607
169 724 7559
169 254 3944
169 130 5542
109 871 367
109 247 9982
109 124 1614
109 78 7732
109 271 9792
871 882 1428
871 544 8755
871 936 444
882 706 6012
882 468 4093
882 693 8836
882 327 3827
706 408 5102
706 749 1731
706 604 6153
706 684 9805
408 670 9161
408 688 4750
408 314 3667
408 766 3529
408 820 3264
670 148 5197
670 172 9144
670 890 5263
670 568 2963
148 440 605
148 92 1800
148 629 4569
440 261 4515
440 800 5743
261 128 111
261 166 1234
261 556 2076
261 334 8076
128 656 8965
128 2 1867
128 172 5855
128 665 7719
128 526 8663
128 690 8219
128 438 1811
656 761 3850
656 796 8397
761 586 3265
761 452 1932
586 329 902
586 219 9421
586 564 1093
586 4 5651
329 554 3087
554 886 4621
554 832 8914
886 465 4635
465 498 116
465 727 4176
465 588 7597
465 59 7072
498 108 2327
498 721 2166
498 808 7939
498 609 8070
108 689 8628
108 567 9172
108 57 6497
108 134 3055
689 322 4488
689 828 4716
689 78 5261
322 711 8559
322 772 3378
322 917 3479
322 540 369
711 592 3579
711 551 1876
592 115 9985
592 459 5511
592 926 9129
592 850 5757
592 315 6603
115 616 4779
115 269 8843
115 873 1223
115 43 45
616 214 3478
616 298 7690
616 790 572
616 434 1074
214 158 4762
214 865 2899
214 270 9591
158 340 2700
158 298 7320
158 803 4570
340 317 8223
340 281 3816
317 749 3976
317 595 2710
317 918 8531
749 687 9237
749 459 1268
749 150 8260
749 902 2715
687 332 7989
687 349 1839
332 2 942
332 963 4325
332 22 7349
332 644 6422
2 622 82
2 948 3951
2 96 1201
2 835 5276
2 930 1525
622 352 7597
622 476 8753
352 721 5566
352 38 8168
721 300 6179
721 543 327
300 306 7418
300 724 2121
306 455 9378
306 286 4737
455 765 3043
455 609 3952
765 146 8553
765 198 7018
765 914 3014
765 971 3435
765 28 6254
765 842 4281
146 815 1695
146 503 5321
146 215 8621
815 301 9885
815 247 2614
301 346 2946
301 942 3585
301 663 9036
301 176 9379
301 850 7535
346 667 6588
346 429 4654
346 545 5411
346 864 4184
667 355 9759
667 897 976
355 166 8703
355 558 2289
355 928 7655
166 190 6121
166 170 761
190 384 3384
384 188 7209
384 791 3803
188 368 7336
188 27 2113
368 3 821
368 996 349
3 974 5548
3 997 7074
974 345 981
974 759 3594
974 23 8746
974 663 9602
345 795 9830
345 310 1360
345 56 8899
345 86 3414
795 808 6747
795 245 4629
795 825 7300
795 556 3334
808 818 9282
808 955 2710
808 545 3869
808 831 5392
818 759 37
818 698 8923
818 750 4032
759 755 4043
759 942 1395
759 728 4793
759 747 7427
759 442 8604
759 334 4947
755 696 1114
755 557 716
696 63 5767
696 202 7814
696 540 2615
696 997 9193
63 772 8794
63 918 2560
772 299 7938
772 972 4747
772 612 2389
299 674 5649
299 464 9997
299 570 5802
674 935 8747
674 785 4625
935 431 3101
935 727 2080
431 826 259
431 722 2162
431 452 2300
826 901 2002
826 386 2199
826 690 7575
826 747 6034
826 205 2593
901 845 8969
901 366 7178
901 271 19
845 45 7572
845 811 2124
45 724 7484
45 786 4640
45 673 4243
45 979 5297
45 103 7254
724 942 3435
724 270 443
942 459 6166
942 303 7724
942 865 1541
459 948 8554
459 824 9725
459 526 1538
948 348 4356
948 708 8471
348 847 2514
348 479 3808
348 787 6903
348 396 9124
847 639 5970
847 806 5554
847 812 1126
639 123 4520
639 543 3128
639 224 3511
639 426 7112
639 951 2097
123 404 7040
123 392 3483
123 663 6020
404 113 9163
404 341 966
404 918 659
404 926 3405
113 403 2615
113 866 4265
113 353 3191
403 198 9409
403 879 430
198 421 7267
198 120 949
198 400 8983
421 548 6991
421 676 8838
421 57 9690
548 736 5461
548 933 7704
736 27 3498
736 813 8715
27 958 6827
27 285 9467
958 172 4269
958 282 4304
172 861 338
861 722 7396
861 540 7814
722 68 7449
722 70 9492
68 112 4853
68 890 7283
68 690 5512
112 24 368
112 312 8249
24 392 2522
24 828 124
392 303 7215
392 367 3138
303 604 3315
303 543 6623
303 243 3567
604 247 581
604 691 3923
604 684 8902
247 870 7571
247 955 9113
870 924 4943
870 561 9383
870 921 6816
870 144 8440
924 608 8098
924 215 3642
608 647 4258
608 908 2366
608 320 4298
647 245 4595
647 585 6113
245 122 2111
245 83 8396
245 147 1957
122 757 3316
757 468 5678
757 249 7468
757 461 3683
468 637 278
468 219 6341
468 103 3806
637 605 7492
637 835 9479
637 142 3472
605 881 466
605 134 9397
605 38 4052
881 333 4389
881 432 8298
333 88 7974
333 686 3501
88 775 9593
88 926 3709
775 181 316
775 39 8032
181 944 1806
181 807 309
181 675 8642
181 995 523
944 199 4606
944 936 3236
944 951 2987
199 298 3069
199 835 7983
199 691 4943
199 78 2736
298 823 3661
298 460 8762
298 376 2770
298 49 290
298 243 5103
823 82 6575
82 364 7782
364 830 933
364 665 6399
830 532 8247
830 851 329
830 543 450
830 538 8987
830 584 4979
830 629 4776
532 366 8839
532 22 4571
532 839 8484
532 259 5506
366 487 8954
366 386 6641
366 107 2167
487 585 7595
487 785 3515
585 594 3124
585 693 831
585 704 6501
594 695 6192
594 971 5165
695 567 1444
695 137 5279
567 194 8825
194 613 205
194 7 8048
613 154 9115
613 451 1659
613 979 4623
154 137 3248
137 975 2591
137 326 7373
975 824 7846
975 786 9272
975 230 4174
975 842 3185
824 121 602
824 320 8949
824 934 2023
121 287 5172
121 860 3784
121 768 7529
287 727 4125
287 325 424
287 86 9695
287 864 8072
727 186 290
727 549 2818
727 320 5254
727 568 6791
727 876 5362
727 905 418
186 116 4586
186 420 640
186 453 5595
186 569 1142
116 120 8688
116 505 4709
120 258 2801
120 822 9662
120 576 4308
120 147 1743
120 244 7034
258 361 2153
258 794 1014
361 380 7559
361 890 1689
361 822 1615
361 595 6508
361 918 3712
361 539 3138
361 997 6643
361 840 7592
380 698 3615
380 70 3419
698 790 7286
790 96 1686
790 503 3708
790 488 6455
790 653 3291
96 124 6850
96 167 8168
124 807 3708
124 811 7787
124 206 5160
807 735 9302
807 971 8929
807 540 199
735 544 362
735 564 8081
735 305 6212
735 480 4669
544 890 9823
544 313 9597
544 813 3174
544 7 7189
890 794 7155
794 363 4862
794 918 5155
363 219 3662
363 934 4925
363 581 4645
219 860 305
860 297 2516
860 254 4611
297 451 3723
297 270 6153
297 902 2648
451 676 3782
451 437 8960
451 313 5938
676 561 632
676 914 7127
561 337 9645
561 610 8418
561 568 8638
561 850 5299
337 476 3698
337 376 5188
476 464 5660
476 57 1778
476 313 1399
476 356 6681
464 791 7953
464 32 995
791 998 6206
791 57 5141
791 927 8150
791 612 7419
998 665 6647
998 454 8163
665 693 2344
693 20 7643
693 325 4819
693 490 4859
693 314 2253
693 202 4893
20 786 7364
786 57 4900
57 610 8675
57 552 6323
57 28 837
610 908 5658
610 813 9801
610 257 6834
610 547 427
908 378 4791
908 470 2132
378 434 4125
378 285 9978
434 891 4143
434 963 2254
434 280 1377
434 130 7175
434 347 206
434 178 2371
891 475 9732
891 933 1698
475 848 6872
475 249 7151
848 672 8345
672 806 1387
672 673 5846
672 896 5987
672 813 6205
806 549 7056
806 449 4592
549 673 7450
673 325 4419
325 704 9491
325 865 2476
325 983 741
704 432 6680
704 47 4485
704 259 6894
432 822 3513
432 388 4911
822 349 1684
349 506 1996
349 499 5387
506 751 1661
506 292 6138
506 828 7641
506 133 3037
751 955 9665
751 977 4198
751 90 1760
955 963 9396
955 767 5896
955 215 4983
955 832 6546
963 280 592
963 526 6369
963 550 8743
963 36 2930
963 469 8926
280 269 5799
280 205 7521
269 22 6375
269 221 217
22 688 7012
688 980 5202
688 691 7310
688 376 3691
980 577 9686
577 700 4203
577 983 3555
700 281 948
281 811 5886
281 844 5550
281 677 6335
281 461 3898
811 34 8039
811 776 327
34 381 6935
34 270 7703
34 165 4524
381 800 5046
381 971 7099
381 543 419
800 365 28
365 576 9996
365 147 1010
576 835 6397
576 92 5091
576 56 292
576 630 1674
835 310 889
835 629 7812
310 76 8048
310 766 1105
76 551 1175
76 574 9601
76 653 4766
76 741 1217
76 547 9286
76 857 8968
551 512 4771
512 526 233
512 270 1205
512 663 6672
526 92 2919
526 469 5103
526 449 4711
92 717 3245
92 215 8389
717 420 8765
420 744 7769
420 883 3434
744 566 2215
566 460 4539
566 988 3461
460 957 2211
460 217 5549
460 426 6209
957 71 3653
957 106 2192
957 244 7882
957 867 4541
957 259 3
71 135 2281
71 680 1997
135 675 7530
135 49 1881
675 466 6763
675 979 5098
675 38 7518
675 70 2082
466 134 6221
134 204 7751
134 801 3287
204 851 2892
204 909 669
851 131 4741
851 564 7602
851 785 266
851 842 3129
131 47 6367
47 286 8034
286 391 2914
286 163 8581
391 812 2572
812 191 6374
812 97 7143
191 272 4472
191 224 8935
191 133 795
191 367 6663
272 341 6816
341 393 1687
341 897 3018
393 470 5449
470 680 3684
680 425 6899
680 507 7329
425 222 6798
425 167 1996
222 995 4847
222 538 8879
222 107 8216
222 500 8949
222 439 8517
995 93 1108
995 331 5969
93 106 3257
93 883 5061
106 661 6234
661 411 2737
411 778 7779
778 231 4267
231 344 5650
344 752 2712
344 971 3191
344 635 8376
344 939 6206
344 457 4014
752 83 7310
752 356 3353
752 947 7029
83 477 477
477 863 1391
477 864 46
863 503 5925
863 178 5074
503 607 3296
607 570 9606
607 961 1871
607 6 5291
570 825 804
570 547 7102
825 715 9859
825 107 9752
715 386 5618
386 550 7318
386 438 5720
550 437 8875
437 873 8730
437 314 1954
437 439 1611
873 644 6509
644 728 2572
728 419 3613
419 572 5572
419 15 2114
419 796 1988
419 396 8129
572 292 6128
292 387 5649
292 515 1481
387 351 3156
351 758 2477
351 205 2872
758 282 9553
282 708 8402
708 262 4297
708 875 2848
708 556 4359
262 620 2520
262 766 4490
262 270 5162
262 4 9621
620 914 700
914 879 1265
914 801 5238
914 629 8017
914 709 6984
879 412 464
879 347 6747
879 753 5289
412 996 8427
412 187 9607
996 251 4213
996 747 2039
251 312 1530
251 820 6326
312 507 378
312 753 9658
507 147 8805
507 254 6026
507 33 7491
147 84 8312
147 78 4854
84 254 6714
84 741 7864
254 633 9607
254 652 1010
633 327 7063
633 690 3965
327 244 9881
327 89 7905
244 961 5478
244 538 9501
244 865 8604
961 801 6742
961 1000 1091
801 917 6621
801 552 78
917 979 1554
979 971 3367
979 314 1718
971 867 6332
867 33 9325
867 865 5930
33 156 8370
156 32 854
156 15 8608
156 584 5099
32 558 511
32 271 3764
32 187 7476
558 601 4353
601 767 2076
767 691 2330
691 490 1066
691 28 9939
490 130 1936
130 679 8428
679 684 3354
684 103 5901
103 505 8308
103 201 1258
505 43 1378
505 232 4161
43 376 9861
376 233 4472
376 844 1603
376 547 6481
233 73 4549
73 828 3156
73 23 6199
828 609 2618
609 150 9488
609 836 1875
150 543 4900
543 690 4209
543 936 2728
690 844 3507
690 167 9308
844 564 9591
844 356 3622
564 15 6783
15 305 3943
15 335 5697
305 56 5464
56 388 1361
388 142 1988
388 500 7400
142 77 9788
77 224 5341
224 928 3300
224 442 4447
928 474 2950
474 320 1029
474 865 4959
474 568 2810
320 36 1852
320 90 6561
36 542 5643
542 38 2752
542 439 6069
38 469 8193
38 164 5370
469 538 1908
469 925 68
538 89 269
89 78 2468
89 240 9147
78 865 127
865 314 8127
865 663 8737
314 595 3748
595 574 1262
595 202 9032
574 552 5797
552 768 6725
768 686 392
768 353 4136
686 921 4124
686 630 6531
921 423 9476
423 766 3775
423 382 7329
766 635 8777
766 442 1156
635 803 2288
803 719 1586
803 500 3007
803 165 5200
719 111 3580
719 753 5759
719 167 7620
111 217 1773
217 232 7480
217 750 9527
232 221 8192
221 584 7748
584 215 8347
584 268 7338
215 268 4226
268 977 6473
977 629 2427
629 747 4325
747 677 7734
677 568 1458
568 479 121
479 313 4459
313 927 8201
927 107 4256
107 356 8582
107 202 1083
356 23 83
23 883 2357
883 488 8411
488 336 8859
336 866 3512
866 6 7050
866 802 6797
866 857 2870
6 565 8602
565 203 6728
565 973 8628
203 443 6221
203 973 4852
443 802 2459
443 452 2100
802 875 3043
875 836 206
875 876 446
836 936 381
936 967 783
967 153 3270
967 271 2807
153 705 5108
153 571 1004
705 896 616
896 972 1580
972 934 5462
934 192 8816
192 28 2188
28 270 395
28 14 6250
270 874 8622
270 439 9103
874 785 4660
785 462 7481
462 133 8966
133 285 8062
285 918 629
918 229 1836
229 442 6663
229 55 3708
442 989 6815
989 832 9235
832 240 8560
240 44 9274
44 954 1334
44 926 1602
44 713 5831
954 878 8131
878 902 8334
902 170 6614
902 612 1401
170 743 7492
743 144 8073
144 631 8756
631 925 8107
631 988 6004
925 480 569
925 500 3274
480 249 8191
480 959 963
249 750 9523
249 950 6813
249 857 6418
750 429 535
429 947 645
947 796 5383
796 500 8596
500 515 7625
515 230 3570
515 1000 1610
230 983 1332
230 187 6737
983 424 844
424 876 9891
876 347 6010
347 663 8530
347 1000 7845
663 539 8192
539 630 6660
630 903 6178
630 235 1157
903 205 8060
205 49 22
49 453 5581
49 950 3167
453 745 8128
453 206 1585
745 653 3735
745 177 7754
653 177 9775
177 367 4698
367 988 3628
988 206 2939
988 202 7467
988 4 514
206 449 3583
206 864 2849
449 638 9109
638 426 7559
426 753 2771
426 612 7070
753 70 8891
70 438 9507
70 612 7914
438 90 5133
438 540 1868
90 814 6443
814 176 2977
176 741 59
741 271 9454
741 223 5507
271 263 1216
263 839 3866
263 164 5528
839 91 3148
91 187 7032
187 164 7
187 4 4732
164 652 767
652 454 7760
652 1000 859
454 787 1816
787 930 7740
787 178 3797
930 427 9282
427 939 8253
427 813 3732
939 842 8482
842 926 3714
926 776 1290
776 457 1252
457 953 783
953 951 180
953 235 758
951 897 5048
951 235 1665
897 571 8977
571 973 1490
571 540 4641
973 900 9036
900 612 7296
612 813 147
813 723 6603
723 820 1161
820 202 5674
202 165 9750
165 353 8192
353 178 5681
178 382 4482
382 540 8958
540 959 9792
959 892 1692
892 4 773
4 371 7531
371 52 5488
52 223 54
223 976 2136
976 556 9219
556 14 4888
14 161 5849
161 713 6861
713 588 6139
588 55 2983
55 1000 3392
533 105 3249
533 737 8031
533 603 5056
533 313 2225
533 516 5872
533 452 9697
516 599 7612
516 129 3167
516 493 6195
516 848 4214
516 490 4327
516 839 1869
516 502 316
502 2 2519
502 812 3901
502 967 1149
502 750 7828
502 788 3692
502 529 2840
788 99 8601
788 472 7575
788 852 8327
788 673 5006
788 139 9710
139 465 3898
139 432 9893
139 812 1910
139 469 758
139 977 2384
139 239 4892
139 394 4149
239 473 1984
239 410 9274
239 10 9205
239 649 560
239 131 1498
239 555 5253
555 839 8172
555 397 4664
397 827 1447
397 438 8737
397 536 5343
536 436 9667
536 266 9052
536 5 4213
536 707 3567
5 699 6552
5 965 2040
5 456 3611
456 966 9391
456 931 6992
456 859 7537
456 143 4070
456 2 1998
456 221 7246
456 511 4319
456 296 8242
511 472 5507
511 791 5076
511 151 6977
151 732 398
151 249 5576
151 663 8960
151 834 6024
151 720 1132
834 746 5872
834 931 7521
834 448 2736
834 199 4043
834 91 8536
834 600 535
600 525 9131
600 894 3878
600 213 201
600 993 8183
600 41 8090
41 916 120
41 859 1086
41 844 6482
41 293 82
293 578 477
293 60 3473
293 813 7618
293 385 898
385 756 1822
385 296 1215
385 26 5216
296 415 64
296 606 6721
296 518 291
296 311 3392
296 401 3470
296 27 2218
296 722 8704
296 20 9493
296 900 9702
296 617 4575
617 297 7013
617 717 2437
617 150 8617
617 634 5549
634 938 2971
634 340 7747
634 280 5778
634 22 9524
634 477 2281
634 767 220
634 407 9643
407 436 3367
407 17 6701
407 463 9724
17 67 195
17 582 173
67 337 3693
67 701 1092
701 446 1995
701 383 4907
701 142 6307
701 215 8410
701 887 1627
701 257 2949
887 659 8153
887 579 5096
579 276 1518
579 872 6856
579 313 941
579 956 1219
956 655 1430
956 972 4305
956 255 3656
956 997 6398
956 545 6205
255 608 2978
255 561 497
255 464 1983
255 204 2501
255 229 9129
255 992 2202
992 306 8495
992 186 2495
992 673 5254
992 565 8218
992 896 9041
992 484 1778
484 716 8262
484 757 132
484 892 124
484 519 3168
519 61 2790
519 198 8533
519 392 4794
519 140 5738
519 331 6686
140 588 6242
140 374 7256
374 213 9893
374 659 7182
374 712 4826
374 766 1323
374 23 7838
374 501 8481
374 394 7720
501 757 4043
501 451 7811
501 819 4568
819 204 6025
819 523 311
523 861 3697
523 464 4578
523 34 8806
523 43 6191
523 157 9831
157 446 3375
157 143 1584
157 63 1608
157 219 1637
157 791 1715
157 684 1732
157 462 1156
157 855 857
157 774 6616
855 26 5950
855 720 6594
26 826 9653
26 704 8543
26 187 201
26 713 9546
26 563 2076
26 792 5027
563 853 7220
563 978 9913
978 9 9859
9 995 1291
9 914 3955
9 883 4021
9 52 5859
9 588 6331
9 982 4332
9 74 9555
982 871 908
982 948 9489
982 652 2097
982 984 7090
984 588 9215
984 529 3680
529 946 5050
946 247 7203
946 364 1747
946 187 3133
946 970 8359
946 417 2603
946 581 6100
970 180 4308
970 417 5548
417 861 5753
417 437 9202
417 644 5749
417 246 1650
246 464 1277
246 570 7127
246 651 8869
246 396 7541
651 520 3337
520 792 6511
520 390 1496
792 815 7358
792 463 2369
463 506 7826
463 135 8041
463 231 1923
463 227 5086
227 368 3881
227 365 372
227 683 8527
683 79 3095
79 169 4051
79 656 3576
79 604 298
79 930 2149
79 797 6708
797 272 8656
797 739 4751
739 408 2808
739 822 9315
739 745 299
739 762 4912
739 650 8516
762 282 2399
762 33 2913
762 741 6144
762 943 5877
943 440 1781
943 361 3684
943 43 9213
943 878 4643
943 74 1531
943 912 2922
74 759 7012
74 752 5709
74 650 962
650 891 5286
650 879 7146
650 56 4842
650 865 5657
650 372 5672
372 912 4289
372 840 9708
912 390 9248
912 265 4586
390 93 1856
390 515 2307
390 394 9593
394 188 2959
394 509 1466
509 957 8907
509 265 9609
509 315 6377
265 191 3774
265 106 2007
265 752 9289
265 715 6269
265 142 4235
265 224 7421
265 6 6304
265 663 3447
265 70 2064
265 774 7835
265 201 2721
774 280 5427
774 787 9895
774 375 3682
375 531 712
375 220 3392
531 735 4876
531 466 6369
531 134 9063
531 538 9164
531 270 2428
531 937 4662
937 144 101
937 59 635
937 39 3321
59 998 9693
59 582 3593
582 334 4786
334 741 4951
334 136 3201
334 720 7515
136 720 8724
136 331 1559
720 83 3155
720 110 1344
110 526 5793
110 542 6928
110 557 7647
557 323 5592
323 593 8991
593 551 1833
593 641 8312
641 693 769
641 425 1727
641 552 8345
641 945 1480
945 902 5118
945 905 3220
905 581 7848
581 778 533
581 107 8735
581 850 6627
850 663 5194
850 787 5187
850 225 7262
225 490 4866
225 989 1231
225 556 854
225 288 9652
225 950 6181
288 56 407
288 16 7166
16 111 1256
16 275 8317
275 751 6672
275 913 2599
913 512 4110
913 222 3599
913 400 246
400 497 9701
497 243 8941
243 344 2078
243 205 4364
243 31 9709
31 442 157
31 820 2708
31 165 1189
31 220 1626
220 657 2280
657 197 5388
197 644 2158
197 202 7366
197 499 2015
499 719 3704
499 326 2553
326 951 9276
326 331 8569
331 690 3783
331 997 6481
997 396 4572
997 545 9964
997 335 3239
396 766 8089
396 991 7571
991 156 1556
991 320 4761
991 909 170
909 192 2017
909 954 8359
909 725 6767
725 545 8069
545 388 7300
545 138 5196
138 141 2432
141 454 7008
141 86 5352
86 356 5139
86 840 4548
840 638 3330
840 933 3770
933 638 9936
933 202 1839
933 709 1136
709 574 8302
709 95 5542
95 257 3688
257 831 3929
831 569 463
569 630 3822
569 97 6761
97 750 1386
97 163 137
163 133 10000
163 461 9475
163 259 7708
461 990 7907
990 876 4235
990 335 4229
335 259 9923
259 315 2593
315 7 995
7 787 7991
7 619 6244
619 167 2542
167 707 422
707 547 3252
547 950 4246
950 201 1912
201 39 7799
39 454 7575
39 789 5682
789 857 4086
857 452 9413
452 439 3169
439 556 8739
439 235 1307
235 864 6856
864 1000 2667
