1000 5000
0
1
1
0
1
0
1
1
0
0
1
1
0
0
0
1
1
1
0
1
1
1
1
1
1
0
0
1
0
0
0
0
0
0
0
0
0
0
1
0
0
1
0
0
0
1
0
1
1
1
0
0
1
1
0
1
0
0
0
1
1
0
0
0
0
1
0
0
1
0
0
0
1
0
0
0
0
1
1
0
1
0
1
0
0
0
1
0
0
1
0
1
0
0
1
0
0
1
1
0
1
1
0
1
0
0
1
0
0
1
1
0
0
0
1
1
1
1
0
0
1
1
0
0
0
1
1
1
1
1
0
0
0
0
0
1
1
1
0
1
1
1
0
1
0
0
0
0
1
0
0
1
0
0
0
0
1
1
0
1
1
0
1
1
0
0
0
1
1
0
1
0
1
0
0
0
1
1
0
1
1
1
1
0
0
1
0
0
0
0
1
0
0
0
1
1
0
1
0
0
1
1
0
0
0
0
1
0
1
0
0
1
1
0
1
0
1
1
0
1
0
0
1
1
1
0
1
0
0
0
0
1
1
0
0
0
0
1
1
0
0
1
1
0
0
1
0
0
0
0
1
0
1
0
0
0
0
0
0
0
0
1
1
1
0
0
0
0
0
1
1
0
0
1
0
0
1
0
1
0
0
0
0
1
0
1
1
1
0
0
0
0
0
0
0
1
1
0
0
0
0
0
0
0
1
0
1
1
1
0
0
1
0
0
1
0
0
0
1
1
0
0
0
1
1
1
1
1
0
0
0
0
0
0
0
0
0
1
0
0
1
0
1
1
0
1
1
0
1
0
0
1
1
0
1
0
1
1
0
1
1
0
0
0
0
1
1
0
0
0
1
1
1
0
0
1
0
1
1
0
0
1
1
0
0
0
0
1
0
1
0
1
1
1
0
0
0
0
0
1
0
0
1
0
0
0
1
1
0
1
0
1
0
0
0
0
0
0
0
0
1
0
0
0
1
0
0
0
0
1
1
0
1
1
0
0
0
1
1
0
0
1
1
1
0
1
0
0
1
1
1
1
1
0
0
1
0
1
0
0
0
0
0
0
0
1
1
0
0
0
1
0
0
1
0
1
1
0
1
0
0
1
1
1
1
1
0
1
0
0
1
0
1
0
0
0
0
1
1
0
1
1
0
1
1
0
0
1
1
0
1
0
0
1
1
0
1
0
1
1
0
0
0
0
0
0
0
1
1
0
0
0
0
0
1
1
0
0
0
0
0
0
0
0
0
0
1
0
0
0
1
0
1
1
1
1
0
1
1
1
1
0
1
1
0
1
0
0
0
0
0
0
0
1
0
0
0
1
0
0
1
0
1
1
1
0
1
1
1
0
0
0
1
0
0
0
0
1
1
1
1
0
1
0
0
1
0
0
0
0
1
0
1
0
1
0
1
0
0
0
0
1
1
0
0
1
1
0
0
0
1
0
0
0
1
0
0
1
0
0
0
0
1
1
0
1
0
0
1
0
0
1
0
0
0
0
1
0
0
1
1
1
1
1
1
0
0
0
0
0
0
1
1
1
1
0
1
1
0
1
0
0
0
1
0
0
1
0
1
0
0
1
0
1
0
0
0
0
0
0
0
1
0
0
0
1
0
0
0
1
1
0
0
1
0
0
0
1
0
0
1
0
0
0
0
0
0
1
1
0
0
0
1
1
0
1
0
1
0
1
1
0
1
1
0
0
0
0
0
0
1
0
0
0
0
1
1
0
0
0
0
1
0
0
0
1
1
0
0
0
1
0
0
0
0
0
0
1
1
1
1
0
1
0
0
1
1
0
0
1
0
0
0
1
0
0
0
0
0
0
1
0
0
1
0
0
0
1
0
0
0
1
0
1
0
0
1
0
1
0
0
0
0
1
1
1
1
1
0
1
0
0
0
0
0
0
0
1
1
0
0
1
1
0
1
1
1
0
0
1
0
0
1
0
1
1
0
0
0
0
1
1
0
1
1
0
1
0
0
0
1
0
1
1
0
1
0
1
0
0
0
0
0
0
1
0
1
0
0
1
1
1
1
0
1
0
0
0
0
0
1
0
0
1
0
1
1
0
0
1
1
0
0
1
0
1
1
0
0
1
0
0
1
1
0
0
0
1
0
1
1
0
0
1
0
1
0
0
1
1
1
1
1
0
0
1
1
0
0
0
0
0
1
0
0
0
0
1
0
0
0
0
0
1
0
0
0
0
0
0
0
1
0
0
1
0
0
0
1
0
1
1
0
0
0
0
0
1
1
0
1
0
0
0
0
1
1
0
0
0
1 914 5925
1 660 8091
1 678 1675
1 881 5114
1 904 999
1 19 5864
914 606 4473
914 383 5502
914 520 9616
914 60 42
914 81 3862
914 633 1255
914 939 700
606 240 7936
606 527 6703
606 161 162
606 975 3291
606 799 2511
606 66 6275
606 922 1325
606 686 4190
240 670 96
240 821 8574
240 863 48
240 840 7896
240 27 3373
240 882 6927
240 627 7817
240 826 7638
240 353 1412
240 768 9997
240 89 3562
240 109 9502
670 470 8023
670 371 5027
670 861 501
670 295 3886
670 982 9499
670 810 6002
670 630 9854
670 30 5892
670 591 6216
670 189 1108
670 50 2944
670 668 503
670 155 4163
670 35 3105
470 267 3794
470 433 6673
470 898 5731
470 506 5118
470 324 862
470 763 5826
470 340 3691
470 157 7262
470 25 74
470 638 3415
470 593 540
470 935 4242
470 577 1052
470 594 1951
267 495 590
267 862 965
267 158 1453
267 688 8613
267 353 5992
267 389 8305
267 18 8850
267 234 1842
495 716 4306
495 21 8703
495 324 4086
495 478 6873
495 681 6163
495 969 7029
495 745 7376
716 643 325
716 421 133
716 194 1169
716 528 6997
716 989 5863
716 358 6286
716 69 4210
716 516 8041
716 225 6329
716 790 1471
643 441 4466
643 932 9743
643 188 8363
643 242 8707
643 54 7147
643 686 313
643 418 9296
441 175 4463
441 33 8117
441 190 7908
441 861 6806
441 465 6421
441 200 6758
441 631 8648
175 383 727
175 458 1812
175 60 2733
175 306 3951
175 119 7974
175 864 6113
175 639 1326
383 610 8298
383 8 2597
383 53 2494
383 786 5294
383 814 4811
610 758 5132
610 6 5856
610 528 2851
610 624 7812
610 211 7326
610 61 7316
610 77 7554
610 378 5688
610 766 2374
610 987 1052
610 213 2353
610 405 1670
610 228 5515
610 408 469
610 323 5929
758 59 2320
758 272 6890
758 995 9038
758 393 7319
758 828 3968
758 123 850
758 157 6403
758 711 7918
758 661 8823
758 866 2515
758 781 5596
59 272 3473
59 309 5111
59 953 4441
59 889 5118
59 753 9922
59 154 5924
59 189 973
272 685 9124
272 432 3735
272 211 4651
272 590 2792
272 349 7641
272 568 338
272 651 5165
272 885 8692
685 527 9042
685 121 6834
685 107 558
685 464 9511
685 189 9115
685 139 2878
685 686 2752
527 592 8152
527 919 6548
527 695 3071
527 405 5353
592 367 2951
592 772 988
592 978 528
592 892 1817
592 853 6583
592 501 352
592 586 3280
592 380 7376
367 477 5469
367 739 9553
367 479 3299
367 980 6442
367 558 8676
367 210 7034
477 589 1092
477 194 1467
477 455 4674
477 115 7781
477 191 6632
477 99 3365
477 222 6823
477 108 9817
477 314 3923
477 404 2685
589 134 5283
589 805 3152
589 641 5436
589 19 9787
589 639 9699
589 625 8506
589 984 5139
134 950 9001
134 889 5845
134 772 2018
134 838 818
134 910 8780
134 46 2369
134 582 449
134 253 6155
134 784 7838
134 384 1
134 536 9453
950 421 631
950 326 8676
950 776 2838
950 676 8074
950 315 6495
950 767 7511
950 348 2206
950 206 9478
950 212 7228
950 307 9028
950 293 5646
950 2 7502
950 15 8064
421 193 929
421 816 653
421 296 9851
421 770 7067
421 844 6703
421 787 4708
421 320 8557
421 278 5704
421 794 553
421 113 575
193 6 2873
193 862 5684
193 974 9295
193 973 9673
193 168 8190
6 579 3484
6 433 9673
6 875 7642
6 365 4114
6 12 4700
6 967 480
6 941 8539
6 374 7546
6 884 4342
6 16 745
579 727 7023
579 299 1569
579 765 6124
579 704 9021
579 422 9070
579 205 4188
579 909 6301
579 509 6074
579 246 4038
579 691 3367
579 322 2777
727 161 5098
727 966 1923
727 261 4832
727 585 5650
727 158 2497
727 917 4056
727 12 7685
727 401 1792
727 813 3728
727 809 5874
727 518 1627
161 132 3400
161 880 9867
161 611 2093
161 695 4451
161 998 346
161 723 631
161 228 1997
161 800 4688
161 702 1375
161 534 5371
132 543 2608
132 889 3851
132 171 4391
132 215 1678
132 93 8038
132 442 691
543 334 7751
543 393 8427
543 624 4057
543 191 6879
543 222 3524
543 539 2332
543 676 1710
543 723 5525
543 234 4828
543 208 2117
334 194 3209
334 958 2971
334 953 5844
334 816 5434
334 473 950
334 838 5595
334 311 5301
334 986 3042
334 935 6398
334 155 5646
334 448 3672
334 971 8394
194 410 6685
194 296 1399
194 932 116
194 177 5645
194 163 5249
194 252 4507
410 339 7322
410 256 3286
410 171 1549
410 891 1424
410 580 8064
410 146 1958
410 382 8303
339 437 7940
339 612 4289
339 906 6364
339 698 3464
339 923 5468
339 80 4833
339 998 3025
339 884 4791
437 231 676
437 351 8458
437 110 5740
437 954 2623
437 308 3758
437 127 8781
437 12 9020
437 108 5756
437 873 8804
437 17 3765
437 574 8792
231 490 202
231 130 3880
231 898 4436
231 994 5450
231 916 4738
231 790 8109
231 673 5087
231 555 6287
231 396 5885
490 11 9503
490 713 4596
490 990 4187
490 180 7442
490 100 5236
490 755 6902
490 420 7257
490 955 703
490 915 1734
11 995 6633
11 201 1845
11 115 8762
11 376 5091
11 679 7584
11 253 7736
11 252 5200
995 201 2716
995 72 3107
995 317 7307
995 741 1520
995 250 3223
995 79 2451
995 510 8073
995 494 7102
995 294 3238
995 91 3523
995 599 8192
995 728 1347
995 735 4961
995 301 830
995 533 7231
995 701 4463
995 276 5425
995 793 7769
201 393 1904
201 731 660
201 994 1022
201 475 9161
201 635 7714
201 615 2756
201 626 2145
201 549 9559
201 809 7869
201 388 7235
393 257 3494
393 675 1956
393 739 8787
393 13 6210
393 892 5062
393 411 2445
393 394 4081
393 552 8284
393 710 4895
257 167 2153
257 528 1737
257 332 4485
257 889 5675
257 47 6280
257 834 5831
257 945 6988
257 751 7109
257 586 9413
257 18 1450
167 446 8885
167 924 7181
167 473 9706
167 147 5896
167 706 8202
167 29 5218
167 269 3610
167 560 7309
446 34 7362
446 154 9520
446 941 1529
446 780 949
34 514 3013
34 439 3484
34 941 9735
34 886 9222
34 544 8545
514 391 8531
514 798 9654
514 337 3180
514 230 9778
514 140 1807
514 691 1269
391 178 4262
391 867 3833
391 256 7548
391 24 6444
391 844 820
391 823 4657
391 798 5856
391 987 8622
391 884 9893
178 173 9388
178 511 8327
178 806 5789
178 133 7589
178 977 3544
178 57 5750
178 155 1250
178 596 905
173 28 5269
173 964 2778
173 376 1853
173 202 8281
173 251 2614
173 92 7939
173 217 3855
173 580 7510
173 588 2822
173 567 3508
28 958 690
28 528 2599
28 936 1666
28 487 1958
28 308 3212
28 149 5499
28 114 9505
28 977 9655
28 454 6318
28 820 513
958 528 5510
958 159 1291
958 947 406
958 68 4897
958 515 9617
958 516 6194
958 478 8837
958 423 9512
958 386 1943
958 55 6438
958 859 417
958 70 7211
958 732 5568
528 433 8621
528 294 1843
528 306 8181
528 678 2912
528 637 5697
528 687 5690
528 426 2085
528 751 5557
528 694 6379
528 160 4683
528 382 7222
433 159 4688
433 707 4246
433 453 2720
433 708 545
433 736 3900
433 306 5390
433 726 1057
433 524 9409
433 787 3032
433 165 1462
433 593 657
433 837 2649
433 362 4007
159 989 9493
159 466 2160
159 202 2301
159 911 5931
159 960 8928
159 337 5863
159 569 7850
159 384 3901
159 780 7706
159 474 6030
159 234 3164
159 973 9754
159 17 1719
989 299 5248
989 968 1662
989 485 4450
989 413 6282
989 861 8884
989 603 5489
989 489 527
989 168 7955
989 820 6033
989 174 4426
299 438 9696
299 765 7090
299 584 186
299 407 2728
299 676 4903
299 854 7194
438 862 1728
438 406 5262
438 171 6686
438 585 3887
438 413 7562
438 861 8968
438 954 9167
438 502 3425
438 114 3169
438 830 3067
438 106 7482
438 683 9198
438 856 6230
862 156 3587
862 828 7269
862 318 1477
862 426 5249
862 811 8070
862 504 4110
156 65 484
156 963 3558
156 256 4636
156 96 4790
156 458 5943
156 324 5413
65 947 4486
65 889 9384
65 133 5598
65 4 3565
65 166 638
65 169 2791
65 703 5292
65 977 5899
65 830 5828
65 204 5530
65 545 9813
65 313 1148
65 559 1048
947 33 3237
947 968 4316
947 164 4114
947 684 7070
947 347 9866
947 493 6695
33 94 656
33 612 7134
33 87 4523
33 123 2256
33 77 1555
33 639 8632
33 710 2739
94 238 1464
94 624 3267
94 924 7529
94 478 7406
94 945 8679
94 815 8366
94 802 6789
94 580 628
94 856 8282
94 210 7427
94 746 9770
238 966 9925
238 466 9677
238 693 1950
238 249 1806
238 590 9489
238 823 9449
238 163 2854
238 223 9077
238 335 116
238 400 3319
238 160 6146
966 963 9981
966 859 14
966 565 3154
963 821 3466
963 902 4536
963 52 1761
963 526 5020
963 575 9520
963 846 852
963 845 2836
963 790 9138
963 113 4732
963 969 241
821 480 4169
821 467 3097
821 802 3382
821 794 4796
821 847 7730
480 869 7160
480 481 918
480 894 7654
480 152 6836
480 478 9219
480 76 9459
480 214 2677
480 799 8667
480 426 2312
480 313 1753
480 759 8782
869 429 5631
869 471 4251
869 664 8763
869 215 1996
869 266 3756
429 327 8580
429 73 2883
429 120 5516
429 502 9952
429 586 2402
429 440 6367
429 198 2787
429 672 7892
327 875 1098
327 14 3027
327 296 2060
327 310 546
327 837 2760
327 620 3207
327 985 8275
875 303 6271
875 254 4124
875 666 2280
875 874 3107
875 215 9694
875 877 1739
875 634 5783
875 560 8360
875 565 402
303 72 3887
303 312 7142
303 69 2384
303 659 8137
303 184 2256
72 259 4379
72 78 1892
72 234 7187
72 448 3614
259 136 3760
259 736 7138
259 288 6015
259 843 126
259 723 9924
259 580 3906
259 230 7576
259 561 9303
259 498 2317
136 902 4473
136 192 2062
136 931 5524
136 980 2748
136 463 8333
136 321 5999
136 971 1379
902 21 7791
902 825 5693
902 432 3117
902 761 9925
902 188 4052
902 195 3519
902 454 163
902 710 7545
21 395 2254
21 296 8300
21 978 6152
21 526 6633
21 917 6543
21 671 3339
21 38 246
21 123 6654
21 600 476
21 980 2612
21 335 3132
21 576 6752
21 128 2870
395 467 707
395 290 6054
395 763 5186
395 918 5179
395 119 4467
395 986 7061
395 764 4278
395 850 2799
395 307 3060
467 49 5657
467 986 6941
49 968 8752
49 660 5125
49 302 3217
49 69 9155
49 753 4995
49 751 3380
968 863 3052
968 77 7249
968 605 8031
968 745 9203
968 921 233
863 879 4573
863 776 8893
863 85 6830
863 757 1227
863 539 5721
863 943 5793
863 662 4358
863 649 2472
879 722 5014
879 176 1416
879 790 4877
879 930 6552
879 301 2946
722 511 9343
722 860 3612
722 575 3576
722 244 8494
722 782 3023
722 745 5584
722 232 5434
511 130 8126
511 539 7060
511 529 5003
511 980 3633
511 822 2055
130 624 8382
130 679 6684
130 510 5655
130 627 6412
130 318 2238
130 498 2239
130 504 7336
624 789 7483
624 865 9068
624 739 4914
624 291 3203
624 469 1212
624 212 5623
624 328 2026
624 560 6226
789 865 3390
789 296 6902
789 740 9129
789 763 6336
789 844 6244
789 157 9092
789 36 6263
789 662 4737
789 111 2115
789 577 1846
789 800 6523
865 540 240
865 356 8905
865 807 1525
865 599 3872
865 859 7311
865 608 6258
865 746 6907
865 971 9317
540 455 2669
540 219 9145
540 422 1555
540 147 6356
540 916 6627
540 120 6974
540 444 7622
540 189 6181
540 113 8186
455 979 3244
455 496 8206
455 295 763
455 320 6634
455 508 5107
455 620 6243
455 482 9321
455 886 1350
979 747 5334
979 923 5583
979 704 2439
979 607 7448
979 726 3780
747 125 8961
747 621 4040
747 585 9036
747 475 6837
747 288 4263
747 484 2699
747 823 3094
747 330 1170
747 853 2015
747 124 2114
125 612 6666
125 466 3570
125 27 8469
125 658 3292
125 163 543
125 519 2442
125 298 5824
125 301 5080
125 522 5686
125 239 4029
125 566 2194
612 466 8671
612 810 9135
612 836 8436
612 76 4343
612 469 6836
612 625 122
612 15 6277
466 765 5626
466 731 7569
466 954 56
466 749 4586
466 575 7960
466 538 5443
466 681 7774
466 973 2223
466 40 8141
466 16 867
466 594 3392
765 530 156
765 895 9332
765 218 6409
765 200 3725
765 271 4153
765 195 9700
530 263 619
530 112 6594
530 425 5523
530 222 2051
530 933 8631
530 22 5903
530 710 596
263 485 7301
263 788 1389
263 981 5384
263 741 7995
263 203 8224
263 517 5505
263 751 4271
263 580 202
263 780 9425
263 19 678
263 946 4787
485 68 7385
485 318 6121
485 542 8913
68 964 5959
68 406 4261
68 414 6131
68 874 5702
68 645 4416
68 550 5463
68 651 2110
964 115 4492
964 553 9615
964 206 8161
964 588 1463
115 512 6208
115 358 35
115 965 9865
115 215 1191
115 676 5937
115 36 6812
115 419 8491
115 759 7325
512 317 2195
512 309 2838
512 816 1900
512 199 4051
512 53 7108
512 892 2101
512 32 3476
512 184 7786
512 764 3240
512 841 7212
512 594 258
317 938 2152
317 757 9522
317 273 4518
317 142 8282
938 546 5223
938 585 5286
938 385 96
938 692 3684
938 799 6129
938 100 9710
938 790 1844
938 102 3943
938 468 2270
546 601 1878
546 739 3807
546 246 3460
546 252 7814
601 406 6971
601 141 8302
601 823 1490
601 78 9165
601 119 1139
601 315 3389
601 106 9568
601 673 4599
601 124 1842
601 140 9395
406 731 8736
406 959 5081
406 660 6606
406 575 8993
406 319 3584
406 131 2479
406 493 3510
731 975 1865
731 531 7701
731 43 5147
731 255 1961
731 872 1384
731 163 1276
731 847 8022
731 822 9579
731 559 1570
975 122 6643
975 46 1456
975 652 1729
975 315 102
975 160 5621
122 707 8699
122 79 8404
122 199 7110
122 210 7863
122 946 5894
707 908 6850
707 48 3782
707 618 492
707 627 8691
707 7 3176
707 547 9227
707 328 123
707 301 6133
707 710 4571
908 368 3706
908 953 8611
908 312 8081
908 993 5571
908 222 2663
908 986 9579
908 885 3883
368 87 4046
368 876 7206
368 599 8256
368 728 3624
368 615 8776
368 694 4899
368 428 1431
87 73 504
87 816 5000
87 166 3403
87 650 9202
87 537 9755
87 17 6864
87 971 3416
73 332 2001
73 152 3714
332 64 7198
332 370 8844
332 88 8756
332 623 6725
332 854 4423
332 463 8879
332 233 2858
64 309 8993
64 889 2584
64 288 1468
64 918 3425
64 762 4506
64 117 4131
64 462 3004
64 463 4740
309 351 4528
309 993 6561
309 155 9348
309 897 4504
309 342 5336
351 14 4246
351 202 5934
351 772 2191
351 53 5597
351 286 5689
351 129 7744
351 58 1704
351 276 2552
14 515 7512
14 959 3704
14 133 2617
14 697 4709
14 431 8899
14 92 1373
14 444 1433
14 830 3321
14 608 6603
14 232 642
14 567 2314
515 898 5538
515 171 2110
515 754 5738
515 78 6396
515 931 6240
515 623 5093
515 206 1135
515 233 7119
515 5 1654
898 788 6834
898 312 1622
898 883 6989
898 249 1079
898 432 3908
898 761 5532
898 696 3028
898 689 9596
898 39 3275
898 562 4731
898 298 2147
898 151 786
898 733 4786
898 743 4764
788 806 1846
788 213 36
788 405 2488
788 468 9631
806 725 3357
806 700 9090
806 169 272
806 882 5670
806 431 4627
806 430 2381
806 711 1407
806 694 1022
806 151 4972
806 210 6500
725 870 8509
725 784 2091
725 220 4505
725 673 5342
725 377 64
870 376 1493
870 356 2773
870 224 3971
870 946 3376
376 121 2152
376 883 3566
376 113 6651
121 182 3234
121 56 2065
121 531 3788
121 778 8019
121 798 6828
121 659 5634
182 669 4406
182 709 9315
182 736 5264
182 976 7762
182 457 8404
182 688 1887
182 245 3431
182 554 9382
182 681 4268
182 565 1190
669 632 6756
669 960 5591
669 936 4041
669 237 1616
669 855 4033
669 743 8545
632 953 3309
632 883 4097
632 537 6389
632 131 6081
632 859 4419
632 536 9765
953 699 4584
953 993 7985
953 990 2767
953 284 7817
953 941 49
953 581 6554
699 889 2187
699 170 3228
699 379 2187
699 413 6593
699 791 8894
699 941 3802
699 212 4354
699 608 3649
889 959 5689
889 769 4137
889 738 3030
889 70 6308
889 144 5326
959 835 6137
959 981 8250
959 754 5718
959 913 7752
959 76 8635
835 816 614
835 876 1061
835 517 2731
835 97 7002
835 501 3493
835 558 3501
816 133 3118
816 776 8077
816 4 7837
816 590 5884
816 628 5893
133 867 4237
133 312 2438
133 218 8080
133 399 7464
133 126 976
133 117 4672
133 623 6357
133 613 1130
133 897 5377
133 518 5
133 396 3170
867 358 9513
867 760 9387
867 831 9477
867 384 1190
867 405 5523
867 639 4078
867 232 6907
867 785 9627
358 365 2712
358 250 3872
358 715 687
358 302 1794
358 77 874
358 957 531
358 337 5295
358 784 343
358 462 8607
365 903 3131
365 277 6227
365 548 852
365 682 7368
365 489 5016
365 623 5283
365 864 1183
365 640 2343
365 999 6306
365 151 7540
365 925 9824
903 981 1682
903 256 3896
903 720 2993
903 443 7547
903 363 9634
903 533 2469
903 198 8736
981 824 5157
981 164 6547
981 656 1995
981 970 4783
981 123 5610
981 154 5866
981 318 1821
981 578 7404
981 271 3091
981 420 8703
981 549 2698
981 859 3434
981 885 3662
824 769 2180
824 892 6012
824 169 4513
824 625 9547
824 268 7379
824 566 6147
769 679 730
769 256 9721
769 148 2452
769 251 4621
769 763 9545
769 493 485
769 504 4868
679 164 8889
679 294 8031
679 551 4502
679 315 1358
679 878 6767
679 519 6010
679 626 4256
679 759 8761
679 208 7144
679 525 6217
679 229 4626
164 192 8964
164 656 3620
164 197 7717
164 837 7666
164 50 2669
164 581 7502
192 202 7679
192 326 4849
192 4 3513
192 399 2191
192 431 747
192 305 7243
192 18 8337
192 216 1476
192 545 3315
192 800 7140
192 160 2448
202 356 9211
202 597 7625
202 550 7316
202 650 8100
202 363 5655
202 856 8169
202 596 9457
202 232 2421
202 35 4178
356 587 64
356 675 7533
356 878 1321
356 366 6280
356 955 8511
356 956 6636
356 144 6252
587 660 2579
587 539 653
587 25 8920
587 595 80
587 111 8332
587 363 3768
587 388 9944
587 300 6874
587 15 867
660 912 7186
660 739 5211
660 254 8694
660 838 500
660 149 8702
660 384 1142
660 673 9711
912 137 6326
912 805 4809
912 682 7810
912 560 1981
137 741 9329
137 983 3618
137 243 753
137 379 3506
137 823 33
137 239 4638
741 675 4826
741 211 2664
741 329 3148
741 405 7813
741 771 8915
741 504 5726
741 2 8465
675 520 7835
675 237 2157
675 681 6796
675 113 7954
675 849 2100
675 168 3670
675 702 8820
675 507 9285
675 70 5232
675 559 7514
675 566 6136
520 190 3933
520 237 5007
520 219 5846
520 757 6611
520 197 6167
520 66 7
520 106 4943
520 37 5495
520 768 3624
520 633 5695
190 895 9000
190 650 3656
190 796 332
895 697 177
895 481 6320
895 663 9831
895 222 7989
895 92 1586
895 930 5556
895 155 2805
895 561 9420
895 5 7712
697 653 5953
697 141 3726
697 846 6163
697 623 5974
697 784 8897
697 503 5447
653 880 1205
653 171 2762
653 548 1583
653 842 1489
653 501 4120
653 649 3780
653 833 8099
653 544 286
880 713 3787
880 285 3041
880 761 5780
880 221 3762
880 206 5088
880 374 1131
880 665 7418
880 418 1771
713 250 7659
713 715 89
713 285 1602
713 99 1999
713 980 1674
713 576 7157
250 256 4804
250 104 7446
250 462 1221
250 258 756
250 985 7523
250 534 7383
250 949 6729
256 326 2771
256 844 9182
256 642 4285
256 561 5533
256 833 7116
256 144 2125
326 840 9652
326 340 7247
326 711 224
326 106 6290
326 151 1033
326 859 9616
326 31 2069
840 296 1147
840 170 1055
840 910 9552
840 195 4916
840 746 2826
840 128 7210
296 621 5004
296 473 779
621 261 9209
621 371 3029
621 413 4287
621 27 364
621 705 6826
621 384 5507
621 212 1119
621 492 700
621 777 9242
261 734 4199
261 744 3471
261 420 8423
261 948 8483
734 739 5355
734 417 1890
734 460 607
734 373 1358
734 976 9136
739 170 7182
739 583 7647
739 13 6521
739 306 3150
739 420 6068
739 292 7667
739 488 556
170 346 5619
170 553 2582
170 150 9733
170 475 9180
170 204 7585
170 435 511
170 545 4740
170 26 6965
346 8 4798
346 262 5103
346 271 3791
346 811 6656
346 581 2573
8 911 842
8 852 5897
8 254 6771
8 112 4312
8 611 671
8 658 5253
8 930 9666
8 608 2560
8 31 2212
911 868 1024
911 588 8048
911 857 5745
868 56 8670
868 893 4568
868 605 8894
868 131 1089
868 474 2234
868 404 9450
868 89 6707
56 453 4815
56 684 9182
56 772 2239
56 271 8751
453 172 6045
453 864 6978
453 403 2067
453 348 842
453 854 8433
453 694 2209
453 820 7497
453 160 1005
172 171 3051
172 150 9746
172 916 7776
172 942 7362
172 45 6768
172 886 9380
171 684 3380
171 379 5680
171 292 7943
171 920 755
171 984 3727
684 828 3688
684 295 9424
684 652 8294
684 851 8933
684 760 6865
684 857 6879
684 921 4734
828 825 9923
828 900 8045
828 894 268
828 749 2161
828 92 3147
828 558 6312
828 221 5491
825 776 5213
825 150 3505
825 619 3923
825 676 3774
825 884 7353
776 772 4927
776 352 6824
776 714 7098
776 80 9054
776 905 537
776 594 218
772 983 4786
772 496 3916
772 883 5897
772 945 2728
772 738 4670
772 120 9623
772 811 6415
983 852 446
983 548 4268
983 152 1700
983 844 7310
983 330 7498
983 744 6433
983 454 7232
983 701 5542
983 857 3052
852 924 5745
852 805 8688
852 411 9363
852 818 1235
852 647 252
852 710 9219
852 160 1509
852 128 4025
852 518 6572
924 715 6435
924 371 7200
924 337 21
924 428 1841
924 504 7737
924 686 238
715 47 6626
715 628 1652
715 305 6134
715 359 9353
715 969 2674
715 588 5756
715 374 2120
47 680 9471
47 61 6375
47 388 3819
680 887 6780
680 199 3872
680 917 6603
680 88 363
680 330 9413
680 711 9655
887 481 6107
887 439 4452
887 286 5369
887 933 3693
887 714 1056
887 225 4588
887 265 5201
887 885 1432
481 312 1159
481 158 7988
481 324 8632
481 129 7531
312 944 9828
312 237 6368
312 306 7769
312 990 6453
312 405 4371
312 850 3902
312 15 2157
944 585 7044
944 333 6010
944 778 4276
944 215 6514
944 206 2384
944 142 4446
944 268 9645
944 796 2608
944 737 7401
585 783 6360
585 893 8372
585 763 3407
585 101 2466
783 243 9176
783 900 8775
783 285 2511
783 663 231
783 177 9714
783 965 7711
783 354 1662
783 139 7224
243 254 5698
243 260 293
243 659 4755
243 688 5525
243 210 6660
254 978 2523
254 738 8329
254 124 7383
254 785 2776
978 960 486
978 900 4426
960 900 8785
960 158 4761
960 411 7292
960 50 7521
960 18 5559
960 673 3288
960 545 128
960 392 2959
900 371 9647
900 923 4851
900 4 6365
900 682 8465
900 305 4026
900 497 1491
900 662 975
900 404 4256
900 777 1205
900 239 8685
371 417 5918
371 83 8428
371 465 735
371 854 2562
371 596 9534
417 666 6259
417 998 5574
417 608 2056
666 158 4588
666 126 2956
666 561 4832
666 144 1425
158 287 3733
158 249 9968
158 126 6185
287 531 7376
287 693 3840
287 907 8095
287 99 664
287 969 319
287 440 1053
287 98 6662
531 104 5170
531 874 3769
531 67 5126
531 268 9195
104 414 1612
104 96 6100
104 284 3451
104 482 2816
104 928 1137
104 448 5720
104 229 7595
414 644 1871
414 726 4633
414 117 7129
414 188 4481
414 550 206
414 151 5536
414 915 5420
644 79 9513
644 932 6719
644 439 6844
644 340 3246
644 222 6687
644 412 9381
79 96 621
79 319 6878
79 676 7475
79 815 7636
79 629 7197
79 216 4880
79 841 4298
96 740 2366
96 302 5000
96 696 9423
96 71 7912
96 647 6611
96 733 1875
96 574 7714
96 822 9426
740 496 3011
740 399 9785
740 933 3373
740 882 1233
740 683 4418
740 545 6853
740 128 2065
496 994 975
496 27 2388
496 483 7485
496 851 488
496 702 9107
496 594 680
994 42 3733
994 883 2145
994 479 60
994 405 705
994 227 5374
42 379 3887
42 861 8341
42 659 2570
42 810 8766
42 649 2638
42 856 1287
379 218 3765
379 704 8412
379 451 9199
379 313 376
379 488 286
218 199 3264
218 290 6153
218 85 3296
218 518 3049
199 932 5877
199 181 880
199 762 3818
199 627 2729
199 151 2945
932 110 4792
932 598 1469
932 457 6781
932 113 5279
932 428 6927
932 771 7460
932 710 5363
110 871 9071
110 704 3872
110 280 2420
110 260 796
110 999 7758
871 48 760
871 475 3366
871 373 2875
871 703 9749
871 230 1004
871 388 2991
871 934 8160
871 355 6554
871 677 9718
48 413 8446
413 906 9818
413 216 5871
906 118 8093
906 27 2866
906 458 8099
906 698 8973
906 217 6683
906 791 828
118 936 8269
118 25 1474
118 465 2296
118 561 5049
118 886 3105
936 861 9222
936 817 2508
936 222 4819
936 135 4644
936 649 6379
936 210 7238
861 237 5439
861 926 488
861 726 4349
861 307 5156
861 15 3362
237 336 4097
237 458 6160
237 285 2705
237 541 2257
237 884 2713
336 277 2422
336 471 702
336 957 8882
277 333 4644
277 362 5146
277 639 1747
277 323 2743
277 946 4118
277 239 4781
277 293 3570
333 573 8738
333 753 2607
573 860 2217
573 614 3786
573 131 2063
573 588 7790
573 448 2646
860 473 6881
860 486 2433
860 695 9024
860 982 471
473 112 4223
473 424 5864
473 60 4819
473 746 5731
473 544 5577
112 510 8916
112 203 1890
112 730 8281
112 320 7524
112 224 954
112 403 703
112 665 4577
510 487 9836
510 361 5346
510 486 9722
510 582 7934
510 331 8088
510 596 192
487 27 2715
487 753 8009
487 359 8929
487 650 1673
487 626 6577
487 168 2715
487 820 3735
487 988 4366
27 513 5360
27 656 615
27 294 3150
27 385 735
27 945 7437
27 67 3725
27 476 2950
513 584 2256
513 285 9455
513 693 8527
513 695 7523
513 773 7696
513 996 6807
584 894 5046
584 53 5001
584 554 3861
584 832 9622
584 850 1188
584 631 9207
894 370 5695
894 486 9122
894 154 3646
894 694 5886
894 474 8188
894 877 8007
894 832 1167
370 52 9860
370 88 935
370 183 233
370 972 9946
370 195 1653
370 35 5592
52 570 560
52 249 4802
52 152 2678
52 845 7997
52 717 4878
52 746 5628
570 458 6604
570 168 4332
570 905 506
458 141 4126
458 581 8379
141 583 7312
141 425 5523
141 294 3380
141 676 1173
141 139 1496
583 219 4567
583 603 6731
583 460 3542
583 43 40
583 507 6728
219 526 9428
219 704 4579
219 4 1086
219 249 6946
219 682 4438
219 812 2021
526 506 7178
526 551 4383
526 404 3673
526 195 9121
526 369 1295
506 207 4826
506 129 8150
506 217 5643
506 859 9704
506 847 3777
506 26 8598
207 954 387
207 834 4282
207 363 9075
207 493 8766
207 812 7946
954 883 4597
954 361 8497
954 19 5470
954 588 2444
954 956 9415
954 51 8552
883 557 5985
883 777 9455
883 544 1631
557 553 1764
557 708 4033
557 149 2717
557 577 8709
557 323 4823
553 424 4737
553 273 5886
553 897 5557
424 708 4761
424 753 1358
424 762 3203
424 839 9586
424 349 9508
424 525 5197
708 203 9289
708 864 9636
708 694 3794
708 454 6028
708 70 270
708 16 9220
203 709 1145
203 726 8215
203 580 3816
203 634 9641
709 770 36
709 279 6259
709 76 9055
709 560 4939
709 985 8596
770 940 4861
770 474 6569
770 764 359
770 533 5246
940 698 9285
940 320 9068
940 135 68
940 380 373
698 53 1305
698 255 1976
698 19 5133
698 665 9015
698 651 1531
53 893 4719
53 838 8522
53 472 6727
53 773 359
53 405 8157
53 768 6873
53 360 6386
53 781 8426
893 923 6092
893 736 7530
893 874 2992
893 645 6260
893 843 3522
923 494 9379
923 279 8870
923 663 2577
923 728 4317
923 847 7465
923 922 7437
923 26 886
923 737 7824
494 290 2682
494 78 170
494 744 3243
494 619 9101
494 599 543
494 168 899
290 304 7429
290 748 5675
290 126 9913
290 330 8959
290 524 6745
290 639 4786
290 847 5685
304 655 7104
304 574 2943
304 822 8909
655 704 9841
655 997 7720
655 850 5001
704 425 7371
704 460 7064
704 838 1260
704 881 892
704 71 6442
704 991 129
425 181 9820
425 907 759
425 736 7594
425 255 3609
425 762 1644
425 97 1769
425 676 2642
425 377 8165
425 925 1363
181 285 8095
181 460 5059
181 447 2261
181 337 5523
181 818 7086
181 360 8526
181 233 4481
181 759 3830
181 248 3311
285 85 6517
285 548 7285
285 163 2605
285 39 5426
285 146 7126
285 369 6677
285 70 426
285 544 848
85 13 3740
85 611 8037
85 471 8091
85 157 181
85 818 8165
85 820 7911
85 198 7291
13 4 2110
13 560 7871
4 700 5286
4 749 230
4 211 512
4 663 9803
4 761 1592
4 705 8606
4 407 4861
4 931 205
4 268 480
4 752 8298
700 150 8730
700 251 4960
700 851 2128
700 415 8392
700 711 7829
700 142 5764
700 743 997
700 239 3254
150 693 2889
150 791 4025
150 381 31
693 795 88
693 754 7764
693 714 4419
795 344 8179
795 931 4296
795 793 8935
795 651 2441
344 907 1587
344 656 1045
344 976 6663
344 998 3224
344 119 7626
344 691 7174
344 971 3026
344 227 9218
907 302 2132
907 678 7887
907 31 9422
302 249 8963
302 777 2536
302 536 4503
249 279 275
249 916 4663
249 447 2894
249 683 8103
279 422 6779
279 721 242
279 619 7708
279 652 9667
279 688 4266
279 566 4090
422 656 6107
422 778 8381
422 590 8508
422 597 637
422 642 2677
422 864 7442
422 444 3077
422 397 615
422 565 4838
422 608 6091
656 603 3838
656 516 2464
656 78 9616
656 785 3216
603 324 1681
603 135 8099
324 60 7454
324 497 7454
324 331 7062
324 691 9989
324 382 1956
60 24 7336
60 32 4652
60 836 1201
24 961 5438
24 942 1430
24 369 1443
24 58 9497
24 822 7448
961 432 5708
961 844 3586
961 627 9906
961 820 4089
432 778 2093
432 823 542
432 671 3117
432 563 9534
778 185 9970
778 340 3731
778 195 4372
185 148 6060
148 69 3920
148 124 6835
69 280 5676
69 650 7135
69 850 4867
69 160 3774
280 191 4588
280 753 2320
280 658 835
280 744 4577
280 793 627
280 54 4522
191 749 5580
191 478 1827
191 311 9959
191 472 3361
191 142 3269
191 781 9455
191 651 7160
749 575 5329
749 614 3040
749 982 7066
749 555 5769
575 166 1484
575 188 3959
575 623 8885
575 650 1018
575 864 3929
166 294 8967
166 399 1741
166 107 6340
166 744 9238
166 331 8575
166 934 2015
294 736 2725
294 533 9793
294 507 2141
294 631 3664
736 548 2112
736 475 9327
736 123 4592
736 956 2738
736 26 3849
736 35 6523
736 227 916
548 757 159
548 188 9883
548 858 4185
548 760 5966
548 39 3395
548 634 5865
548 956 5357
757 211 6812
757 101 1633
757 566 6841
211 460 770
211 539 6869
211 847 7858
211 313 1050
211 301 2187
211 187 5950
211 427 7390
211 15 1424
460 308 876
460 32 5756
460 703 500
460 764 668
460 5 7896
308 99 4164
308 338 2779
308 832 3575
308 785 8755
99 805 1868
99 985 3775
805 817 5278
805 117 2783
817 896 3933
817 152 1512
817 255 3319
817 659 9898
817 842 4906
817 760 9183
896 892 5255
896 874 8069
896 913 815
896 804 2095
896 412 8839
892 505 4035
892 759 6304
892 850 6240
892 949 6221
505 754 2253
505 658 3629
505 295 3997
505 369 3128
505 323 9385
505 841 4496
754 152 147
754 917 3632
754 858 5011
754 430 2925
754 996 3558
754 26 118
754 534 1144
152 611 7332
152 876 5395
152 169 278
152 330 1265
152 464 3258
152 849 3597
152 534 7514
611 43 4516
611 439 2779
611 676 2768
611 636 2584
611 633 9946
611 396 1214
43 590 7774
43 484 3980
43 689 3869
43 456 4014
590 251 6553
590 737 2473
590 229 3994
251 270 549
251 972 1952
251 764 3378
270 516 1396
270 642 2098
270 328 3362
270 625 6407
270 742 1374
270 536 6919
516 876 6524
516 478 2517
516 696 603
516 717 8270
516 89 9147
876 475 1867
876 39 7879
876 17 2743
876 427 5732
475 288 2394
475 551 1873
475 881 4852
475 295 1330
475 51 1818
475 822 6065
288 607 5455
288 210 2150
607 273 6286
607 105 9468
607 415 8702
607 456 8758
607 554 3462
607 636 5602
273 720 710
273 35 3191
720 319 6997
720 447 9159
720 183 2904
720 773 3403
720 46 533
720 430 6175
720 89 6278
720 226 9401
720 567 6777
720 905 4547
720 651 8547
319 874 8643
319 265 2426
319 701 1289
319 507 726
319 651 1171
874 471 3162
874 129 5577
874 843 2500
874 163 1331
874 5 7994
874 857 7955
874 15 9832
471 399 4279
471 484 3774
471 215 4885
471 864 9388
471 321 7235
471 380 486
471 833 97
399 618 6778
399 846 7483
399 412 5608
618 763 9681
618 939 7237
763 926 6140
763 140 5855
763 187 3515
926 807 5540
926 791 2631
926 853 8061
926 479 4087
926 54 7625
926 16 6838
926 890 5375
926 227 4703
807 517 8009
807 89 4888
807 841 279
517 439 508
517 91 2571
517 910 8272
517 743 4814
517 16 8754
517 939 8902
439 993 8588
439 915 3639
993 663 8290
993 315 2174
993 984 4124
663 83 4738
663 945 5303
663 636 1606
663 633 345
663 321 4984
663 841 8843
83 753 6484
83 385 7190
753 792 8709
753 416 2024
753 899 6173
792 844 6769
792 355 2462
844 597 149
844 123 3607
844 457 4188
844 577 4851
844 793 7967
597 484 9076
597 385 1482
597 174 4826
484 340 7998
484 933 9753
484 985 9640
484 58 6751
484 785 8655
340 385 4579
340 710 389
385 177 6944
385 355 6752
385 596 865
385 567 8033
177 761 2055
177 721 8822
177 996 8378
761 341 3390
761 260 4016
341 264 4861
264 478 6931
264 982 2724
264 559 3236
478 244 9455
478 721 5845
478 665 5697
478 396 9604
244 147 5803
244 262 6237
244 791 806
244 703 3769
244 26 1664
147 917 2287
147 80 8594
147 798 9661
147 518 8392
917 918 8233
917 614 2763
917 408 7046
917 581 2811
918 241 9504
918 524 341
918 440 5915
241 823 368
241 838 8373
241 539 4321
241 550 5541
241 144 3102
823 411 4062
823 107 9557
823 507 7963
411 916 7344
411 744 8632
411 305 7550
411 988 6799
411 174 4476
916 306 9599
916 126 2754
916 215 278
916 32 5835
916 728 9911
916 400 4046
916 793 7498
306 614 2198
306 838 2640
306 227 3510
614 671 6941
614 853 7224
614 144 6272
671 678 3986
671 726 6387
678 598 5775
678 149 678
678 97 2301
678 743 2494
678 525 5402
598 834 2973
598 551 8035
598 176 8504
598 882 7034
598 596 3943
834 447 2818
834 486 4377
834 701 2574
834 702 367
447 622 7527
447 337 7050
447 688 6317
447 690 280
622 551 7327
622 352 8503
622 572 191
622 522 7725
551 838 6000
551 222 8740
551 45 6716
551 686 9509
838 262 5680
838 574 3939
838 742 2133
262 255 6017
262 38 325
255 61 4259
255 945 3046
255 616 8977
255 554 6753
61 970 8447
61 92 1949
970 945 1139
945 44 3302
945 183 8982
945 232 5081
945 17 6119
945 35 9711
945 672 7654
945 890 2838
44 645 7237
44 536 1055
645 705 9154
645 563 3869
645 300 4734
645 822 4009
705 721 4059
705 361 2458
705 984 8
721 682 9150
721 616 9173
682 260 5869
682 286 4829
682 394 9463
682 380 4353
682 51 7197
682 850 6140
260 361 8611
260 942 242
260 396 5116
361 748 1715
361 976 5040
361 217 7065
361 245 2853
748 67 8342
748 154 2398
748 942 4285
67 126 812
67 642 8460
67 842 1939
126 762 3649
126 872 5697
126 36 9345
126 300 9155
126 307 5917
126 504 4078
126 949 3163
762 913 9975
762 311 6535
762 760 9522
913 706 5476
913 76 2059
913 567 1742
913 777 304
706 616 1522
706 872 6094
616 78 7500
616 998 7661
616 248 4705
78 486 4093
78 982 9128
486 176 2771
486 479 9132
176 91 2544
176 97 5624
176 787 3825
176 144 4942
91 338 9908
338 169 4637
338 972 9753
338 536 8198
338 382 8285
169 919 1801
169 197 7543
919 571 3791
571 283 7717
571 107 1620
571 839 3305
571 315 4043
571 31 4507
283 658 9179
658 726 9518
658 839 2917
658 17 920
658 54 9821
726 117 4438
726 97 7014
117 38 3672
117 40 8450
117 949 8070
38 695 4116
38 732 7578
695 738 840
695 208 3248
695 984 121
738 373 2815
738 295 7072
738 842 1414
738 430 9075
738 743 1708
373 846 7519
373 596 3624
373 915 6345
846 120 9319
846 71 1166
120 123 6487
120 773 7036
120 857 9138
123 311 6144
123 105 7430
311 286 9996
311 32 5322
311 140 6948
311 746 2912
286 157 6241
286 86 3120
157 881 3702
157 322 9606
157 559 3144
881 222 8503
881 652 7675
222 295 7259
222 933 2432
222 921 4867
295 394 506
295 864 8905
394 107 4033
107 692 3930
107 407 6670
107 853 3107
107 742 1989
107 525 4188
692 352 6731
692 957 8333
692 872 3507
692 737 4248
352 628 1172
352 777 6894
628 696 9737
628 105 7315
628 538 4323
628 842 9732
628 197 2636
628 444 1270
628 677 8996
696 845 8876
696 539 742
696 456 2697
845 129 4834
129 407 3885
129 836 7551
129 796 2508
129 737 1143
129 886 9983
407 127 3726
407 818 1649
127 88 8887
127 97 7759
127 676 1930
127 359 5556
127 581 7217
88 931 3918
88 836 9744
88 504 299
931 730 2251
931 703 9602
931 582 4547
730 910 9774
730 842 6495
730 315 635
730 135 7088
910 472 7169
910 40 367
910 128 6075
472 188 4791
472 541 5714
472 423 4950
472 554 5532
188 541 8410
541 77 9783
77 489 9416
489 539 2312
489 431 8643
489 35 558
489 574 2294
489 971 8720
489 227 8558
539 933 1180
539 688 2830
539 833 487
539 915 3088
933 183 47
933 637 4405
933 187 9183
183 858 345
183 293 3007
858 330 8784
858 842 1243
330 982 2780
982 483 1630
982 198 1878
483 154 6219
483 965 8798
483 664 8596
483 787 2293
154 965 3588
154 322 4309
965 664 3594
965 215 5471
965 630 9070
965 16 9729
965 886 1238
965 488 7733
664 773 4723
664 688 1796
773 105 27
773 988 3442
105 882 6705
105 457 7558
105 581 6272
105 885 3544
882 464 645
464 714 2670
464 689 4300
464 984 9827
714 80 9366
714 637 3658
80 798 4962
80 822 609
798 642 2789
798 921 6591
642 976 8838
642 71 9007
642 815 5389
976 998 3785
976 744 7651
976 320 5328
976 415 4445
998 20 1244
20 215 7151
20 839 9866
20 457 7324
20 320 8388
20 45 7598
215 957 2046
215 886 6535
957 839 3976
839 46 5488
839 2 3240
839 559 1534
46 744 8111
46 786 3135
744 538 8530
538 149 780
149 71 3786
149 468 4709
149 418 145
71 145 7443
145 990 9670
990 97 7105
97 431 231
97 25 6261
97 818 2294
431 619 5589
431 444 8001
619 457 6078
619 690 3239
457 119 9680
119 92 6874
119 2 834
119 559 6830
92 659 6739
92 831 8158
659 25 5218
659 630 689
659 627 203
25 337 1752
25 637 4664
337 32 2042
337 320 1343
337 836 6197
32 599 152
32 524 829
599 810 4727
599 791 931
599 36 4614
599 427 5787
599 566 7428
810 217 2056
810 305 5456
810 412 4532
217 791 8638
791 349 8068
791 737 6826
791 15 4226
349 524 6068
349 174 9255
524 676 7464
676 717 5748
676 239 6129
676 488 4650
717 652 8929
717 853 9219
652 851 2807
652 559 4146
851 787 9907
787 842 3009
787 15 2250
842 972 4571
842 818 5051
972 818 3592
972 415 7119
972 962 1554
818 197 773
197 550 1845
197 430 8837
550 843 5386
550 984 3983
843 688 6264
843 227 3794
688 728 9439
688 630 7147
688 872 2431
688 392 7506
728 630 324
630 637 6657
637 872 9926
637 853 9579
872 760 472
760 786 5673
760 342 2059
786 815 5121
815 831 4601
815 305 1277
815 497 7927
815 224 5099
831 703 1184
703 627 7288
703 613 7348
627 305 2106
627 479 8690
305 225 7291
225 689 9224
689 623 6595
623 942 8063
942 445 7421
942 245 5431
445 582 3449
582 320 1403
320 86 8046
86 163 7242
86 885 841
163 415 5193
415 245 6024
415 2 4699
245 423 1868
423 572 2680
572 613 4624
613 359 7798
359 853 9504
853 479 6648
479 430 9856
430 315 976
315 497 7600
497 650 1133
650 864 8903
864 39 2698
864 1000 8668
39 465 2542
39 559 6397
465 36 773
36 135 7583
135 456 3688
456 45 9996
45 224 4177
224 711 8102
711 403 7416
403 836 9608
836 76 1550
76 444 8819
444 554 7653
554 1000 5143
904 480 6011
904 731 9197
904 835 1167
904 133 709
904 256 7417
904 107 198
904 345 5332
904 829 5214
904 108 6053
904 558 8331
904 476 5070
904 796 7029
345 953 5931
345 824 2554
345 726 2283
345 247 8628
247 48 1221
247 237 4824
247 425 1377
247 961 8345
247 730 2406
247 281 5064
247 390 8340
247 859 6582
247 321 3165
281 579 5756
281 727 2541
281 94 1067
281 202 926
281 370 6546
281 848 2561
281 289 6936
281 89 2094
281 946 79
281 905 3997
281 686 9510
848 995 277
848 167 9328
848 156 4724
848 125 6329
848 926 4011
848 103 6145
848 934 9709
848 677 9941
848 804 8698
103 69 1991
103 294 4920
103 275 6270
103 228 6814
103 397 6296
103 268 4614
275 644 5571
275 838 7711
275 472 2953
275 116 8505
275 801 7228
275 343 5060
116 334 1045
116 28 8294
116 512 2337
116 954 7590
116 69 7206
116 88 9273
116 77 6036
116 619 7285
116 703 3269
116 613 5545
116 992 3913
116 615 8948
116 588 6620
992 923 6593
992 211 2958
992 892 9116
992 447 6302
992 260 9250
992 390 7813
992 604 8292
992 635 4170
992 144 434
390 682 1458
390 500 6817
390 901 1399
390 142 7028
390 360 4528
500 336 704
500 614 5532
500 645 1755
500 815 5763
500 638 2929
500 266 6400
500 620 4452
500 567 518
638 110 3605
638 693 3724
638 810 6553
638 689 889
638 30 3344
638 316 8450
638 751 1153
638 499 8643
638 5 5069
30 64 7746
30 697 7953
30 294 4185
30 892 4047
30 176 7202
30 378 8349
30 756 8690
378 121 7723
378 817 5135
378 607 147
378 622 892
378 245 6533
378 775 7175
378 318 5419
378 629 7236
378 694 9058
378 428 3525
378 124 9351
378 849 1986
775 148 9924
775 411 3802
775 803 8856
775 784 9880
775 542 3877
775 973 1760
775 633 7121
775 440 7220
803 902 209
803 73 8273
803 306 2214
803 126 1630
803 661 2370
803 509 166
803 108 2166
803 246 2768
803 384 3720
661 33 6866
661 975 1458
661 675 1442
661 126 2000
661 711 1604
661 829 2333
661 335 4885
661 348 5130
661 374 4103
829 788 8472
829 203 4188
829 270 3979
829 83 7822
829 44 6173
829 965 254
829 325 7975
829 766 5028
829 350 134
829 220 1851
829 102 3140
325 219 3606
325 753 5422
325 411 3348
325 188 8230
325 86 7636
325 23 1329
325 941 600
325 897 4153
325 847 3494
23 191 3367
23 575 7872
23 484 360
23 127 4824
23 572 5666
23 84 8711
23 461 2780
23 755 4350
23 555 3595
84 669 7909
84 994 8453
84 277 8419
84 957 2096
84 556 8783
84 420 6240
84 51 4621
556 42 9037
556 283 4215
556 602 6000
556 452 5522
602 821 2417
602 520 9139
602 749 9127
602 659 4191
602 9 8839
9 959 7356
9 361 1826
9 457 167
9 648 7955
9 790 2330
9 519 3661
9 521 7674
9 198 202
648 480 372
648 876 8849
648 678 5867
648 242 5434
648 389 1628
242 989 216
242 900 5381
242 79 9537
242 763 5020
242 571 3799
242 738 7984
242 801 3803
242 519 38
242 124 8956
242 17 9191
801 869 604
801 535 4956
801 226 4712
801 544 9373
535 33 446
535 49 190
535 141 3563
535 81 9284
535 600 7545
535 532 1740
535 568 9451
535 651 1852
81 788 4069
81 680 9463
81 698 5877
81 923 622
81 191 6186
81 657 4725
81 268 6488
81 409 1619
81 322 6353
657 741 3056
657 680 6999
657 13 2241
657 179 4427
657 799 797
179 869 6576
179 553 4581
179 148 7187
179 205 5532
179 639 3771
179 633 4142
205 749 6839
205 937 4834
205 316 3514
205 751 7284
205 143 5023
205 420 3428
205 920 6568
205 884 8920
205 3 1519
205 710 2370
937 60 7123
937 749 5588
937 738 8184
937 394 2999
937 457 6209
937 86 4369
937 866 7723
937 565 9049
866 741 5987
866 61 427
866 444 8456
866 62 9338
866 509 9019
866 568 2882
866 37 134
866 565 5595
866 962 7463
62 879 3672
62 172 1126
62 960 7585
62 46 4166
62 717 7964
62 196 2419
62 12 4031
62 877 5247
62 492 3793
62 733 7459
196 704 8166
196 85 2712
196 43 8977
196 927 6887
196 635 6186
196 462 916
196 647 5070
196 841 9184
196 672 3477
927 28 5790
927 422 3259
927 590 2525
927 516 1777
927 77 37
927 12 980
927 22 7466
927 476 9056
12 299 213
12 825 3951
12 262 4650
12 774 7675
12 491 7623
12 328 5775
12 859 1612
774 979 1788
774 515 90
774 607 4030
774 844 5818
774 45 1688
774 41 4174
774 450 9628
774 683 9854
774 884 6886
41 720 4957
41 767 3092
41 756 9423
41 832 5872
41 777 4514
41 885 4959
767 433 9348
767 280 303
767 99 4569
767 217 8224
767 209 8431
767 562 4605
767 750 5555
209 958 5896
209 171 12
209 74 5768
209 503 9847
209 89 4661
209 248 9794
209 536 3821
74 370 6787
74 757 1405
74 916 1960
74 524 3228
74 364 1786
74 180 4129
74 620 4916
74 366 5960
74 629 3757
364 624 1121
364 895 9197
364 270 8713
364 91 4212
364 718 8619
364 967 936
364 974 5077
718 513 9929
718 705 284
718 714 5380
718 990 4497
718 245 4859
718 180 162
718 751 9102
718 558 6766
180 731 6058
180 792 5465
180 215 2533
180 729 2256
180 646 126
180 266 8678
729 118 2428
729 628 3264
729 604 6435
729 449 4387
604 530 2844
604 203 4572
604 874 8515
604 523 7759
604 779 6883
604 19 8623
604 226 8879
523 601 2431
523 368 3687
523 110 9442
523 472 1050
523 538 4623
523 619 4519
523 403 7330
523 95 1258
95 621 6250
95 254 1827
95 344 2468
95 197 6411
95 667 928
95 66 9233
95 113 8820
667 401 6392
667 819 8117
667 269 1075
667 855 2869
667 212 6795
667 812 9854
401 333 2485
401 487 9581
401 795 4240
401 185 5328
401 152 504
401 77 9107
401 315 9438
401 819 7387
401 57 7729
401 974 4668
401 70 9817
401 665 1416
819 722 4109
819 726 7218
819 80 2390
819 646 4979
819 63 4548
819 600 9999
819 271 1228
819 143 6374
819 284 2466
819 174 3991
646 303 3653
646 769 1699
646 460 2810
646 676 6396
646 90 9815
646 398 237
646 600 5617
646 389 2961
646 999 90
646 885 4453
90 399 2541
90 93 682
90 808 9780
90 832 3045
93 259 9788
93 455 5569
93 835 6783
93 207 3868
93 341 236
93 538 6599
93 349 1635
93 843 696
93 888 169
888 824 4024
888 442 5675
888 266 4716
888 651 4022
442 356 3254
442 911 7441
442 218 6488
442 13 3596
442 754 1093
442 970 4538
442 320 6406
442 909 7488
442 814 4352
442 353 2994
909 141 9456
909 163 7313
909 724 9435
909 507 3908
724 270 6205
724 517 116
724 663 39
724 760 9249
724 582 6255
724 449 5607
724 491 2383
724 381 123
724 293 5842
449 256 8982
449 53 1757
449 304 6538
449 618 5502
449 176 2133
449 225 8564
449 375 217
449 987 2506
449 955 8169
449 542 7657
375 740 5345
375 270 1765
375 340 5101
375 744 9882
375 92 4522
375 39 8940
375 236 4234
375 114 7515
375 246 8396
375 847 7898
375 971 3301
236 244 2303
236 834 4102
236 176 3417
236 723 2342
236 952 9703
723 748 6023
723 197 7948
723 459 2085
723 111 6145
723 890 142
459 983 7418
459 235 4254
459 501 3031
235 860 2919
235 513 2738
235 484 7946
235 721 9487
235 711 5243
235 343 6114
235 450 7143
235 854 6940
235 499 7878
235 973 8595
235 397 6821
235 691 2399
235 631 7535
343 170 7406
343 344 6265
343 185 5930
343 826 5303
343 268 9566
343 518 4584
826 707 9405
826 471 9334
826 484 6925
826 157 9107
826 843 5356
826 165 1225
826 508 7543
826 969 7853
826 929 7718
826 639 4961
826 397 2106
165 439 748
165 177 7879
165 120 1195
165 75 8693
165 797 7366
165 985 6437
165 544 1158
75 379 860
75 708 9728
75 436 9036
436 936 9455
436 425 6549
436 152 7786
436 516 6989
436 761 306
436 244 4051
436 311 9270
436 129 5609
436 214 9968
436 22 3853
436 405 1365
214 453 5653
214 590 7130
214 266 6823
214 357 1008
214 884 4706
214 672 4365
266 679 5212
266 618 2423
266 461 5677
266 922 3669
461 425 9522
461 721 3556
461 951 4863
461 569 8214
461 37 7273
461 884 7652
461 518 9371
951 277 4484
951 286 7379
951 450 4758
951 802 3938
951 820 3927
450 725 2544
450 911 7278
450 846 585
450 593 2946
450 372 2899
450 837 6193
450 468 2913
593 975 6752
593 839 3909
593 524 4917
593 591 3881
593 897 7083
593 850 5924
593 307 8586
591 290 1447
591 706 1136
591 766 7360
591 967 7124
591 348 1156
591 634 6881
591 577 7031
766 840 6019
766 807 1446
766 916 655
766 791 3670
766 623 7168
766 253 5138
766 811 1048
766 291 1926
766 996 5428
766 785 1327
253 911 821
253 644 2705
253 83 1911
253 215 3766
253 386 5604
253 779 4455
253 504 3030
386 152 8707
386 836 8363
386 569 7946
386 220 8939
386 586 1797
386 162 221
386 633 3876
386 534 3243
569 121 7708
569 835 1235
569 251 6718
569 913 8864
569 123 8115
569 286 3748
569 189 4882
189 585 9560
189 954 754
189 181 8551
189 720 3079
189 931 5892
189 483 9598
189 831 5004
189 315 1319
189 814 7276
814 867 5824
814 120 375
814 286 9186
814 524 5941
814 831 2330
814 310 3640
814 462 8970
814 567 7388
814 962 8354
310 351 3267
310 200 6326
310 89 150
310 996 3488
310 342 201
200 14 9745
200 739 7547
200 171 7787
200 749 2814
200 306 6410
200 361 5901
200 22 2914
200 419 1291
200 355 1812
200 962 3667
22 867 6193
22 487 1243
22 147 9558
22 931 2143
22 910 6246
22 398 7228
22 314 9418
398 788 8422
398 177 3955
398 650 4956
398 10 4362
398 108 2636
398 100 4947
398 784 9684
398 640 24
398 228 3301
10 889 9302
10 783 6349
10 141 9802
10 917 2789
10 423 2902
10 650 5898
10 836 336
10 802 688
10 482 8712
10 435 3097
10 596 2941
802 96 7977
802 573 4388
802 961 1104
802 92 1643
802 552 6932
802 608 2346
802 857 7553
802 672 9074
552 898 4944
552 182 1132
552 550 4844
552 728 3365
552 509 5086
552 605 9799
552 440 4078
552 847 7722
509 351 4745
509 110 113
509 273 7745
509 799 4397
509 654 9415
799 932 445
799 616 551
799 599 8555
799 186 3346
799 426 2800
799 252 8890
186 757 386
186 689 1511
186 278 1987
186 735 3326
186 949 5839
278 368 2726
278 689 4429
278 813 7482
278 987 6009
278 216 3127
278 268 1386
278 702 5083
278 229 8070
813 867 2517
813 570 9926
813 203 7786
813 539 7603
813 502 6076
813 140 1863
502 587 1676
502 805 820
502 63 1976
502 691 5772
63 621 5217
63 607 1390
63 703 6216
63 76 2119
63 114 9944
63 491 5914
63 474 4918
114 828 5186
114 123 6299
114 217 2781
114 952 3524
114 29 9624
114 969 8619
114 384 2601
114 580 404
114 474 6100
952 475 8609
952 753 9882
952 682 3837
952 127 43
952 815 4303
952 600 6354
952 930 9968
600 141 2088
600 494 308
600 844 6043
600 508 3951
600 289 1983
600 435 3215
508 417 2278
508 770 4106
508 340 4783
508 756 19
756 880 321
756 295 6901
756 97 9962
756 491 6234
756 873 1818
756 7 1499
756 712 8884
491 526 4598
491 475 1374
491 839 4859
491 529 3217
491 389 3974
529 871 1615
529 923 5668
529 910 8935
529 452 1496
529 151 9505
529 608 8977
529 737 5799
452 816 2210
452 981 5297
452 658 7886
452 337 2517
452 532 7691
452 297 8188
452 474 851
532 137 905
532 613 465
532 419 4956
532 827 5687
419 104 483
419 129 5276
419 787 8939
419 108 6797
419 967 7862
419 482 757
419 204 4647
419 641 3097
419 146 5354
419 561 6021
419 905 7956
108 679 4922
108 666 6346
108 871 9570
108 308 590
108 306 5280
108 627 7417
108 402 6446
108 545 609
108 5 3215
402 243 8655
402 778 5905
402 245 7453
402 353 1171
402 877 9947
402 654 1992
402 701 2021
353 978 852
353 881 2457
353 990 3328
353 457 2890
353 350 9291
353 986 4955
353 223 8181
353 313 2439
353 690 2816
353 710 8937
350 880 7086
350 783 5913
350 52 642
350 290 9458
350 150 220
350 447 5564
350 977 5803
350 794 9789
350 328 2505
350 400 7435
350 922 7205
350 226 8950
350 608 8043
350 427 6772
350 939 3956
977 496 299
977 424 576
977 107 5126
977 316 245
977 354 2567
316 399 3498
316 972 7448
316 315 1375
316 100 3177
316 920 6690
316 984 666
100 158 8131
100 932 4870
100 770 9456
100 302 7299
100 931 3806
100 246 6541
100 830 9563
100 811 799
100 856 2350
100 746 9782
100 804 6362
246 274 8153
274 983 9570
274 704 5218
274 385 1939
274 881 3126
274 541 519
274 572 9981
274 836 6249
274 987 4474
274 400 6631
987 261 6824
987 735 5951
987 348 6875
987 210 9391
987 226 5800
987 555 675
987 971 7117
735 653 8976
735 876 7364
735 340 7782
735 705 7107
735 29 2233
735 206 3590
735 492 757
735 504 2390
735 890 6482
29 473 319
29 663 3188
29 330 8832
29 986 100
29 223 5902
29 745 3336
29 793 6021
986 279 7471
986 755 5274
986 328 5498
986 750 7990
986 374 1606
986 922 1747
986 833 2463
986 567 8236
755 520 4922
755 326 8414
755 696 5110
755 71 4312
755 225 4213
755 864 5784
755 318 1429
755 768 9541
755 974 9499
755 208 5562
755 890 6647
755 594 8083
318 994 5503
318 53 3755
318 736 472
318 407 1985
318 818 4073
318 389 12
318 588 816
318 771 4172
318 396 2265
389 154 4151
389 32 6544
389 818 9735
389 687 9424
389 640 2041
389 451 7724
389 901 7381
687 60 139
687 97 187
687 119 5616
687 578 5061
687 111 4952
687 160 7077
687 128 5724
578 912 9164
578 203 9213
578 85 3504
578 692 8704
578 652 8711
578 831 5418
578 372 1702
578 878 6794
578 949 920
372 91 5456
372 183 3617
372 972 2904
372 86 5880
372 444 9980
372 635 3719
372 636 6403
372 400 2244
372 702 4221
635 924 2946
635 970 8331
635 25 9996
635 57 1339
635 827 2406
635 654 7376
57 907 1477
57 642 2592
57 25 9343
57 942 6537
57 297 3895
57 519 6420
57 384 8613
57 701 9411
57 226 5632
297 287 2116
297 127 8114
297 808 694
297 360 7533
297 268 6168
297 567 3839
297 631 8453
808 700 7975
808 778 7456
808 148 1356
808 338 3855
808 873 7435
808 522 1427
808 949 6609
873 47 6031
873 590 1999
873 748 9555
873 568 713
568 52 1995
568 38 7245
568 627 3118
568 967 5722
568 935 8721
568 388 2062
568 58 5065
967 152 1610
967 943 5956
967 809 1484
967 759 222
967 833 5366
943 171 3467
943 616 8689
943 145 9832
943 935 512
943 143 6222
943 564 2351
935 837 4351
935 357 4674
935 223 325
935 230 1806
935 768 2381
837 473 531
837 695 5592
837 71 159
837 337 7140
837 444 7974
837 554 2158
837 282 3046
837 809 8686
837 639 504
837 625 6642
837 268 1804
282 77 6225
282 818 1714
282 184 3865
282 66 1289
282 448 3323
282 690 9820
184 846 9124
184 105 9896
184 537 1538
184 929 8942
184 89 4937
184 17 1369
184 427 9454
537 56 1158
537 237 3719
537 185 3804
537 622 2183
537 352 395
537 830 1961
537 790 915
537 519 926
537 462 3904
537 5 1074
830 371 4417
830 333 1878
830 931 3231
830 620 3814
830 649 563
830 899 86
620 96 455
620 918 2366
620 120 6310
620 784 2168
620 113 2582
620 750 3951
620 16 1843
784 77 2402
784 843 3074
784 426 8090
784 462 3939
784 381 8368
426 585 3026
426 708 1659
426 385 4173
426 748 4183
426 245 5377
426 138 7976
426 323 2717
138 112 5771
138 484 6288
138 692 3632
138 337 3048
138 220 191
220 906 4705
220 224 7464
220 790 2068
220 213 4287
220 608 7629
220 198 8983
790 56 4372
790 871 8083
790 893 1348
790 918 7033
790 330 6603
790 445 3930
790 501 983
790 596 8445
501 874 2683
501 486 409
501 102 2886
501 162 2973
102 458 8776
102 471 5912
102 361 983
102 562 2948
102 230 6446
102 560 6359
102 101 7275
102 468 9163
562 249 8481
562 749 9914
562 387 2794
562 329 1529
562 284 104
562 920 3850
562 812 5344
387 417 8524
387 262 4488
387 538 2973
387 728 7506
387 86 5211
387 444 7407
387 271 5205
387 223 2243
387 298 4009
387 435 5486
387 841 3226
387 98 8805
271 324 4520
271 726 3634
271 80 1691
271 851 3844
271 315 8761
271 357 3954
271 230 4826
271 388 8060
271 847 399
271 804 7536
271 15 1686
357 932 5913
357 494 6017
357 127 1599
357 980 8706
357 298 7545
357 234 8054
980 834 8907
980 373 9240
980 538 6577
980 314 3394
314 900 8564
314 422 434
314 211 8604
314 66 5971
314 649 5639
314 542 7199
66 834 6331
66 213 7476
66 51 424
213 79 1488
213 487 1996
213 177 409
213 188 9530
213 930 5839
213 991 5521
213 476 3483
213 701 665
930 447 3580
930 415 233
930 751 4552
930 649 5265
930 298 6146
930 440 568
751 106 6863
106 340 1203
106 329 4464
329 197 4916
329 315 110
329 650 3704
329 794 7845
329 474 9855
329 884 2267
794 243 4630
794 757 4811
794 805 4589
794 517 268
794 730 2009
794 143 920
794 321 7744
143 526 8784
143 761 8759
143 107 9739
143 779 9192
143 920 8288
143 51 1929
779 243 4712
779 736 8122
779 43 8945
779 306 4643
779 619 8354
779 703 3497
779 586 9907
779 897 4499
779 988 416
586 573 3121
586 798 5702
586 878 4880
586 382 4388
878 279 2163
878 517 4935
878 223 8584
223 61 2017
223 36 7201
223 224 3214
223 76 3179
223 617 8142
223 276 3481
617 505 5187
617 222 9061
617 183 7576
617 335 3970
335 304 4171
335 262 3666
335 154 9513
335 787 2458
335 558 1947
558 465 4224
558 348 579
558 37 891
348 285 5218
348 478 5284
348 738 739
348 50 5124
348 577 6135
348 820 1155
348 746 4596
50 548 8188
50 719 6034
50 576 5336
50 750 350
719 48 968
719 333 3919
719 341 8718
719 135 4520
719 519 7132
719 625 1897
719 168 2661
719 985 6965
719 732 3435
519 104 8073
519 176 4540
519 129 7405
519 472 2243
519 403 4558
519 162 6917
519 155 1052
519 542 6504
519 691 7493
162 778 7982
162 45 3746
162 640 2710
162 454 3266
162 800 4485
640 681 4186
681 280 9400
681 166 5639
681 420 8781
681 674 3939
420 218 8024
420 60 4116
420 598 4288
420 668 5343
420 228 4387
668 52 9357
668 294 9862
668 152 1518
668 782 1253
668 759 2523
668 300 8482
668 921 4688
782 157 6947
782 107 9374
782 18 8444
782 323 5542
782 793 283
18 42 5360
18 183 6593
18 305 6786
18 811 9204
18 347 4575
18 206 6883
18 476 1914
18 234 4192
18 567 1367
811 753 6099
811 222 9943
811 217 3357
811 155 1231
811 901 3881
155 795 1380
155 83 1699
155 696 4520
155 269 6722
155 686 6085
155 915 3876
269 166 2936
269 748 3954
269 616 1481
269 86 1810
269 711 8788
269 615 2520
269 482 8756
269 885 8161
615 423 963
615 284 4297
615 780 8443
615 686 2674
284 264 7242
284 225 1580
284 564 1878
284 360 1816
564 324 8462
564 176 143
564 222 2359
564 252 6181
564 301 2593
564 596 2301
252 605 9537
252 328 3823
605 113 2533
605 746 7269
605 98 1873
113 67 7052
113 998 3990
113 662 4309
113 633 927
113 355 3277
662 655 8263
662 815 8759
662 366 5086
662 404 7050
662 633 1278
366 7 3842
366 503 1562
366 16 8592
366 31 4490
7 916 4
7 637 7618
7 623 1731
7 291 7935
7 634 9495
291 726 9898
291 77 2748
291 462 5989
291 580 2256
291 856 5280
291 625 8581
291 921 908
462 219 4817
462 294 2403
462 475 3440
462 177 2085
462 629 628
462 955 491
462 877 2426
462 547 4936
462 26 7770
629 575 5703
629 941 3198
629 101 6528
941 717 7140
941 76 247
941 854 4158
941 608 981
854 311 1808
854 637 9101
854 131 1823
854 498 8163
854 710 6718
131 748 3553
131 32 2449
131 689 2564
131 347 3451
131 499 1549
131 418 8552
347 642 5706
347 630 6828
347 37 7132
37 969 6614
969 705 1644
969 931 5887
969 457 6405
969 787 80
969 647 6514
969 408 3248
969 777 8858
969 921 7801
647 709 1017
647 4 912
647 83 999
647 311 3896
647 787 8051
647 728 7597
647 891 4405
647 973 5384
891 422 9405
891 191 3506
891 255 7206
891 38 3919
891 337 6575
891 676 758
891 745 2720
891 233 5491
745 221 560
745 226 4268
221 883 4042
221 55 2618
55 955 1095
55 832 7526
55 70 5583
955 838 9091
955 619 9764
955 479 1987
955 482 5522
955 206 2629
955 153 5234
955 785 731
482 916 429
482 945 2602
482 851 1642
482 225 1427
482 45 6498
482 595 6045
595 285 9024
595 505 7254
595 807 7780
595 176 4780
595 872 7111
595 554 4985
595 289 5050
289 486 38
289 499 2094
499 754 7769
499 613 5528
499 384 2654
499 469 8388
384 551 5921
384 206 5271
384 476 9483
206 923 3446
206 728 7205
206 626 4925
206 576 9561
626 603 9191
626 69 6798
626 362 2189
626 956 4425
626 677 7529
626 518 2618
362 4 3378
362 753 5522
362 551 396
362 486 6227
362 712 7918
712 60 5771
712 694 3481
712 142 5697
712 51 550
712 559 591
694 169 681
694 286 1952
694 619 628
694 580 9127
694 631 6072
580 798 2507
580 619 8132
580 810 4460
580 245 8428
580 827 9754
580 151 294
580 750 8225
580 686 6958
827 649 1570
827 849 7786
827 781 6148
827 566 8367
649 456 9974
649 258 6924
649 997 2247
649 507 8943
258 152 302
258 763 7769
258 678 9339
258 738 6528
258 469 5686
469 896 5109
469 283 6360
469 692 7735
469 464 2011
469 798 3303
469 149 8415
469 479 314
469 82 282
469 17 3893
469 160 6385
82 618 2789
82 439 2024
82 484 7196
82 780 1216
82 928 1777
82 239 7489
780 67 9440
780 623 5086
780 163 5410
780 45 7225
780 298 7586
780 565 3777
298 656 3551
298 460 4509
298 39 6023
298 354 2493
298 463 1162
298 498 143
354 474 1831
354 885 4042
474 714 2181
474 443 3292
474 833 401
443 425 9915
443 399 5302
443 183 3703
443 405 4681
443 276 5615
443 686 3985
405 597 8574
405 204 8351
204 183 6773
204 46 6949
204 711 5547
204 855 4340
204 991 5078
204 752 9387
855 166 3779
855 673 163
855 639 4797
855 40 1004
855 54 7748
673 896 4925
673 926 906
673 215 8609
673 216 7299
673 768 3398
673 576 9770
673 710 7442
673 16 1581
216 641 163
216 733 9622
216 5 4872
216 412 564
641 230 5888
641 228 173
641 17 618
641 665 568
641 737 2139
230 548 4602
230 970 5493
230 842 489
230 972 7726
230 212 8794
212 148 6035
212 590 2065
212 916 3871
212 671 5422
212 877 5844
212 567 385
212 691 218
212 984 3199
877 907 4485
877 270 1494
877 381 4104
381 628 3093
381 991 8792
381 153 3853
381 187 9214
991 451 6233
991 985 5433
451 183 9377
451 404 2206
404 361 304
404 957 6292
404 901 8093
404 677 6828
901 432 6909
901 645 5013
901 897 5318
897 61 7863
897 760 6857
897 609 5807
897 633 5588
897 70 5650
897 559 8193
609 280 4005
609 177 9520
609 157 9966
609 842 9848
609 999 6257
609 997 6535
609 576 9398
609 939 741
999 744 8028
999 135 9853
999 547 185
999 634 6820
999 522 3705
547 67 5750
547 762 3052
547 407 5490
547 572 1478
547 139 1610
139 428 5793
139 576 7769
139 574 6054
428 69 8973
428 683 1030
428 545 1066
428 574 4290
683 241 8892
683 149 7923
683 25 6448
683 549 831
549 361 9924
549 492 4641
492 516 4835
492 71 5796
492 36 4606
492 142 1034
492 565 2052
492 651 1141
142 99 431
142 928 9144
142 997 9168
142 922 283
928 319 9328
928 478 2339
928 970 340
928 542 5077
928 567 5391
542 817 5829
542 597 2907
542 331 3352
542 58 7973
542 525 7027
331 516 9405
331 618 3297
331 124 8056
124 926 471
124 20 3939
124 997 3299
124 596 4745
997 44 386
997 107 4130
997 111 1020
997 388 1378
997 434 8964
997 566 6815
111 222 2336
111 476 9998
476 394 8866
476 910 9828
476 843 6780
476 153 8009
476 521 5347
476 771 3415
153 676 3688
153 864 7686
153 768 3754
153 596 5117
768 484 3076
768 730 5934
768 818 8023
768 151 6427
768 498 258
768 128 5049
151 809 2183
151 832 9907
151 793 3105
809 119 9005
809 864 3845
809 377 6403
377 385 3749
377 92 4230
377 415 532
377 864 1121
377 195 1960
377 750 5848
195 948 7935
195 3 4295
948 176 2197
948 839 6801
948 19 4122
948 759 8976
19 234 1161
19 521 9468
19 504 2390
19 939 4849
234 157 7153
234 435 2495
435 916 9965
435 117 6580
435 910 4780
435 872 7987
435 146 9358
435 416 5038
435 677 3035
435 54 1541
146 264 4944
146 839 2491
146 315 545
146 974 5140
974 588 5246
588 659 646
588 634 5721
634 689 2129
634 369 1766
634 701 7680
369 145 7976
369 363 9700
363 807 1974
363 929 172
363 752 2852
929 305 2447
929 856 9148
929 561 4013
929 268 1915
929 35 7889
856 846 8861
856 88 5419
856 415 384
856 503 5177
503 244 8351
503 262 5163
503 933 3163
503 183 7708
503 20 6552
503 627 2549
503 360 5600
360 834 7847
360 541 1392
360 853 6145
360 654 2986
360 859 6637
654 792 3142
654 545 8707
654 228 8765
545 176 4907
545 882 6386
545 328 3093
545 380 958
328 264 4712
328 972 9616
328 465 162
328 463 7158
328 522 5115
328 35 4174
328 567 5424
463 671 3004
463 678 9386
463 39 843
463 733 9739
733 614 914
733 818 9193
733 448 4901
733 292 4076
733 777 3252
448 20 7805
448 744 2976
448 623 8852
448 292 5651
448 2 719
292 197 1348
292 613 8637
292 859 7355
292 268 4489
859 598 3695
859 560 2472
859 577 5747
560 154 80
560 639 1916
639 188 3056
639 636 1143
636 233 1531
636 228 3217
233 881 8301
233 853 6646
233 89 3742
89 598 3724
89 554 6001
89 416 3127
416 169 918
416 973 5739
973 845 4040
973 577 6462
973 301 639
973 210 4467
973 276 9714
577 625 8443
577 434 3795
625 633 4917
625 752 446
633 823 865
633 217 2616
633 849 9082
849 228 8220
228 762 3456
228 695 2776
228 541 7043
228 832 9202
228 2 9207
832 721 5310
832 321 8609
832 408 350
321 78 6840
321 440 8178
321 31 5002
321 229 9837
440 521 1919
440 400 8725
440 574 5837
440 536 1398
521 956 5995
956 678 1575
956 44 1789
956 881 2456
956 839 8566
956 337 2608
956 689 8521
956 36 3360
956 168 6402
168 851 3437
168 843 3805
168 576 7266
168 985 6052
168 796 9238
576 120 1837
576 843 5859
576 397 8365
576 665 5231
576 174 5060
397 913 7572
397 388 540
388 717 21
388 163 4273
388 497 3732
388 920 8198
388 885 9274
920 628 3568
920 465 6468
920 781 4350
781 637 9405
781 934 7865
934 846 344
934 628 7331
934 925 9654
934 227 9152
925 541 2248
925 764 2261
925 651 7672
764 454 5608
454 67 5014
454 619 7461
454 847 5764
847 664 8631
847 163 9864
847 561 5002
847 400 6820
847 812 5723
847 35 9718
847 574 2050
847 581 7134
561 676 3641
561 797 8942
561 800 3506
561 323 7913
797 265 2673
265 630 1703
265 268 7186
265 227 6240
265 822 8171
265 651 7888
268 5 1996
5 400 2387
5 109 8231
400 457 5679
400 493 2040
493 313 3734
493 409 7926
313 982 652
313 565 1406
565 771 9885
565 355 2017
771 20 5218
771 750 5649
771 777 648
750 117 1433
750 899 7002
899 479 3819
899 996 7155
996 301 6719
996 293 5868
301 88 641
301 800 360
800 129 1161
800 858 4146
800 524 8272
800 759 3833
800 752 2201
800 581 1810
759 990 6425
759 853 6723
759 985 6049
759 248 4772
985 533 9109
985 380 631
985 812 450
985 70 7501
985 160 4365
533 58 4728
533 841 4504
533 710 2122
533 732 4612
58 330 6521
58 197 7339
58 415 260
58 701 3520
58 380 8771
58 31 7261
701 157 7338
701 456 2278
701 702 3980
701 507 9557
702 210 9270
702 804 691
702 342 718
210 498 3415
210 187 8962
210 746 902
210 109 1967
210 915 7123
498 374 3678
498 323 8689
374 664 3171
374 820 8450
374 988 4150
820 965 3802
820 380 5251
820 804 8002
820 984 4518
820 412 9978
380 843 2505
380 522 6639
380 833 942
522 129 9025
522 884 3977
522 35 1201
522 691 2544
522 939 9099
884 619 4814
884 140 9881
884 323 7728
884 468 5145
140 430 9438
140 276 6997
140 248 5835
276 998 6507
276 922 6764
276 198 1148
922 3 7408
3 330 5082
3 226 4623
226 472 7438
226 659 123
226 355 7793
226 710 5887
355 812 4272
812 215 7946
812 843 7489
812 864 2273
812 39 2463
812 608 3819
608 845 4777
608 51 9101
608 949 4760
51 129 154
51 810 9429
51 408 2312
408 538 2697
408 26 4880
26 507 7125
507 596 8930
507 962 8959
596 444 8621
596 752 4719
752 225 5956
752 359 4455
752 857 1225
752 962 9071
752 1000 5603
857 337 4984
857 40 4152
857 160 6577
40 563 2421
40 594 626
563 70 4369
70 677 4659
677 224 4897
677 323 8667
323 149 8500
323 842 3521
323 232 7481
323 198 2318
232 187 8298
187 833 2934
833 746 3429
833 392 4803
833 785 2362
746 479 5740
746 45 7499
746 17 3593
17 35 9217
17 777 2780
17 342 2552
35 793 7837
35 293 7498
35 939 4859
793 198 2292
198 850 5074
198 946 281
198 949 4246
850 717 6410
850 135 784
850 403 822
850 665 5182
665 300 1410
665 434 1542
300 217 9841
300 101 6306
101 946 6560
101 504 4692
946 796 6179
796 567 4041
567 831 7009
567 574 828
567 2 6974
567 732 437
574 711 5630
574 208 5687
208 777 2528
777 457 9480
777 135 5632
777 434 1744
777 631 2260
434 555 8183
555 905 9581
905 307 6109
905 949 9393
307 988 8224
988 841 7535
841 688 9673
841 45 8821
841 504 3944
841 804 456
504 197 5994
504 144 9125
144 468 1865
468 743 3887
468 544 5317
743 337 4523
743 690 447
690 403 6360
690 581 701
581 711 839
581 710 3368
710 760 1528
710 836 4164
710 160 156
160 54 3509
160 109 9850
160 488 2684
54 128 2988
128 691 1833
128 342 4427
128 322 5247
691 16 15
16 742 359
742 163 1356
742 135 5759
742 971 4934
971 98 8890
98 239 5431
98 672 106
239 409 9185
239 2 2239
409 627 6099
409 479 4661
409 465 455
409 135 9986
409 427 6330
409 962 1329
427 248 6784
427 651 2689
248 536 8381
248 2 7622
536 109 2409
109 804 6260
804 534 1785
534 949 2564
949 872 9768
949 518 7986
518 836 5247
518 674 2756
674 293 9819
293 382 6026
293 544 4354
382 672 6185
672 613 2736
672 737 5709
737 921 1944
921 631 7670
631 342 950
342 396 3726
396 886 7775
396 418 6486
886 942 2316
886 31 226
31 315 1147
31 890 2771
31 229 6563
890 322 3828
322 853 451
322 227 3346
227 174 2868
174 822 8832
822 686 7319
686 525 5276
525 2 1443
2 962 5455
962 732 7840
732 651 1211
651 497 3440
651 984 9438
984 594 318
594 939 9610
939 392 1815
392 544 4671
544 39 2147
544 785 903
785 229 6732
785 915 442
229 488 4924
488 559 4033
559 915 519
915 418 9050
418 566 519
566 15 2835
15 412 9275
412 885 8017
885 1000 1957
