15
38
60
63
84
104
123
146
167
172
264
274
281
311
334
336
354
358
383
428
430
437
455
475
488
509
514
516
573
587
620
623
624
633
648
666
673
689
696
701
704
766
791
810
845
847
863
871
873
888
947
958
977
--------
9
15
22
38
60
63
67
81
84
85
88
103
104
115
123
124
129
146
155
161
167
172
188
215
217
223
244
253
264
274
281
292
293
298
306
311
318
325
334
336
354
358
383
408
428
430
437
440
452
455
457
465
475
488
491
509
514
516
526
528
555
558
573
587
590
610
620
623
624
626
631
633
644
645
648
653
663
666
669
673
689
690
696
701
704
705
712
713
723
729
744
758
766
768
786
791
810
817
823
845
847
863
869
871
873
876
880
888
903
907
937
947
958
977
