28
52
54
55
72
79
99
103
104
107
147
168
178
197
200
204
226
254
255
260
279
285
304
307
313
318
325
347
353
354
358
373
380
407
414
422
423
433
444
451
458
488
496
535
536
546
554
559
564
570
589
594
598
617
619
647
654
656
667
687
696
703
704
706
722
732
733
745
752
790
803
811
834
846
863
888
898
906
933
937
949
959
976
--------
28
52
54
55
72
79
99
103
104
107
147
168
178
197
200
204
226
254
255
260
279
285
304
307
313
318
325
347
353
354
358
373
380
407
414
422
423
433
444
451
458
488
496
529
535
536
546
554
559
564
570
589
594
598
617
619
647
654
656
667
687
696
703
704
706
722
732
733
745
752
790
803
811
834
846
863
888
898
906
933
937
949
959
976
988
