13
18
43
61
77
87
88
109
124
131
135
146
154
186
211
217
219
225
228
234
242
258
274
276
278
280
284
291
305
318
322
326
327
356
365
367
382
415
424
440
482
489
495
507
530
600
620
650
659
667
673
676
682
689
694
698
701
711
717
718
729
732
739
756
760
764
772
811
830
833
858
860
876
895
898
921
934
949
953
958
967
968
979
997
1015
1028
1048
1062
1071
1078
1135
1151
1154
1156
1158
1164
1194
1195
1252
1265
1274
1300
1315
1336
1364
1369
1391
1407
1417
1418
1431
1436
1491
1497
1505
1511
1530
1548
1567
1586
1598
1599
1665
1676
1703
1705
1736
1746
1749
1767
1774
1783
1792
1795
1799
1804
1809
1812
1819
1854
1880
1939
1945
1949
1981
1992
1993
2001
2007
2009
2045
2047
2060
2061
2072
2105
2109
2153
2177
2206
2216
2238
2252
2286
2350
2399
2416
2437
2439
2452
2455
2458
2463
2480
2508
2514
2530
2536
2547
2552
2557
2559
2586
2608
2610
2618
2623
2634
2639
2647
2667
2672
2676
2682
2686
2687
2690
2700
2701
2709
2710
2722
2735
2736
2744
2767
2785
2790
2815
2838
2840
2858
2863
2872
2879
2895
2901
2920
2934
2936
2937
2944
2949
2965
2997
--------
13
18
43
61
77
87
88
109
124
127
131
135
146
154
186
211
217
219
225
228
234
242
257
258
273
274
276
278
280
284
291
292
305
318
322
326
327
356
365
367
382
415
424
440
482
489
495
507
526
530
590
600
615
620
650
659
667
673
676
682
689
694
698
701
711
715
717
718
721
729
732
739
756
760
761
764
772
811
830
833
858
860
869
876
891
895
898
907
921
934
949
953
958
967
968
979
991
997
1015
1028
1038
1048
1062
1071
1078
1126
1135
1151
1154
1155
1156
1158
1164
1185
1194
1195
1214
1215
1252
1265
1274
1290
1300
1315
1336
1364
1369
1391
1407
1417
1418
1431
1436
1471
1491
1497
1505
1511
1530
1548
1567
1568
1586
1598
1599
1665
1670
1676
1703
1705
1736
1746
1749
1767
1774
1783
1792
1795
1799
1804
1809
1812
1819
1822
1854
1880
1904
1921
1939
1945
1949
1981
1991
1992
1993
2001
2007
2009
2019
2045
2047
2060
2061
2072
2105
2109
2153
2169
2177
2206
2216
2238
2252
2270
2271
2286
2316
2324
2342
2350
2364
2382
2389
2399
2416
2437
2439
2452
2455
2457
2458
2463
2480
2508
2514
2525
2530
2536
2547
2552
2557
2559
2586
2608
2610
2618
2623
2634
2639
2647
2667
2672
2676
2682
2686
2687
2690
2700
2701
2709
2710
2722
2735
2736
2744
2767
2785
2790
2807
2815
2838
2840
2858
2863
2872
2879
2895
2901
2917
2920
2934
2936
2937
2944
2949
2965
2969
2997
