21
34
36
56
172
201
293
367
404
489
497
550
622
678
714
716
764
884
893
1093
1096
1112
1175
1258
1344
1386
1420
1443
1525
1637
1767
1774
1779
1812
1824
1864
1922
2065
2105
2123
2178
2204
2209
2243
2244
2247
2278
2301
2343
2362
2365
2402
2497
2529
2536
2618
2668
2690
2703
2756
2785
2913
2925
2973
2981
2997
3126
3127
3141
3164
3181
3248
3270
3490
3570
3694
3744
3780
3800
3816
3867
3983
4023
4070
4097
4138
4179
4184
4296
4367
4387
4415
4456
4518
4628
4666
4746
4773
4776
4962
4974
5018
5038
5048
5075
5115
5166
5187
5203
5209
5242
5244
5250
5281
5300
5302
5318
5353
5356
5368
5380
5456
5485
5586
5597
5612
5629
5723
5743
5748
5774
5815
5826
5846
5875
5883
5961
6003
6055
6059
6191
6195
6196
6204
6282
6327
6339
6349
6370
6372
6460
6505
6543
6600
6663
6794
6799
6902
6921
7001
7098
7101
7148
7153
7200
7212
7233
7260
7262
7274
7306
7423
7432
7470
7559
7567
7622
7673
7695
7758
7834
7984
8049
8165
8195
8246
8260
8276
8350
8454
8466
8483
8548
8660
8673
8706
8736
8784
8967
8990
9007
9040
9185
9206
9332
9456
9480
9554
9570
9603
9637
9701
9742
9820
9836
9877
9880
10019
10034
10069
10176
10195
10222
10256
10376
10387
10429
10469
10519
10521
10697
10790
10807
10853
10888
10927
10944
10958
10975
11031
11145
11186
11195
11260
11275
11295
11337
11377
11385
11440
11536
11539
11541
11581
11657
11662
11667
11702
11746
11757
11772
11801
11901
11920
11938
11954
12056
12092
12177
12335
12348
12378
12394
12399
12401
12433
12438
12469
12520
12592
12612
12646
12678
12689
12755
12846
12851
12893
12970
12971
13039
13134
13245
13294
13318
13323
13441
13468
13544
13578
13601
13607
13608
13630
13647
13842
13865
13912
13926
13948
14021
14039
14107
14187
14315
14317
14363
14406
14543
14618
14749
14758
14760
14781
14786
14793
14794
14834
14858
14889
14930
14988
15090
15092
15129
15135
15174
15216
15238
15242
15281
15309
15355
15378
15453
15779
15817
15835
15938
15968
16012
16037
16062
16074
16147
16200
16203
16272
16274
16318
16353
16449
16478
16551
16605
16652
16703
16717
16743
16775
16825
16846
16861
16881
16889
16895
17058
17075
17088
17129
17130
17133
17151
17313
17348
17360
17383
17433
17473
17569
17575
17718
17854
17878
17889
17897
17925
17979
18042
18071
18082
18131
18179
18202
18207
18232
18311
18323
18328
18385
18425
18448
18468
18474
18498
18511
18536
18585
18651
18778
18800
18833
18843
18857
18859
18874
18888
18903
18943
18948
18994
19013
19032
19049
19181
19228
19270
19288
19409
19446
19484
19502
19572
19593
19612
19618
19638
19640
19642
19653
19677
19731
19771
19795
19801
19808
19817
19826
19846
19850
19893
20040
20097
20121
20175
20194
20204
20242
20246
20247
20258
20373
20427
20453
20623
20704
20737
20800
20992
21030
21051
21061
21171
21174
21272
21281
21290
21292
21310
21358
21371
21417
21435
21440
21471
21584
21590
21594
21611
21704
21717
21741
21764
21792
21805
21900
21920
21946
22054
22067
22076
22079
22085
22105
22144
22188
22198
22242
22361
22499
22506
22526
22535
22556
22559
22633
22636
22643
22673
22675
22724
22762
22793
22865
23031
23077
23152
23182
23222
23258
23277
23305
23355
23376
23383
23391
23408
23479
23691
23696
23771
23840
23915
23949
23972
23976
23993
24117
24155
24156
24200
24210
24240
24289
24302
24351
24440
24469
24523
24578
24588
24600
24660
24667
24750
24798
24878
24887
24927
24931
24999
25039
25048
25120
25147
25237
25382
25406
25437
25475
25486
25561
25655
25656
25685
25761
25762
25876
25998
26005
26016
26034
26173
26203
26263
26280
26295
26309
26316
26322
26334
26521
26575
26589
26600
26620
26636
26749
26841
26899
26912
26944
26975
27007
27069
27090
27156
27164
27222
27237
27286
27306
27442
27466
27494
27614
27732
27733
27749
27791
27792
27793
27827
27832
27880
27900
27914
28018
28092
28118
28131
28155
28235
28245
28294
28311
28347
28433
28440
28448
28492
28540
28616
28647
28741
28863
28930
28969
28981
29033
29113
29174
29201
29250
29413
29417
29474
29483
29552
29601
29618
29627
29691
29731
29759
29775
29777
29780
29829
29845
29864
29873
29875
29881
29996
--------
8
21
34
36
40
43
54
56
77
105
129
137
142
165
172
180
201
202
222
244
249
256
261
263
273
274
293
295
324
333
364
367
369
370
376
386
388
395
404
412
419
437
438
445
452
453
461
465
483
489
491
496
497
502
509
512
538
545
550
556
563
569
571
578
581
587
588
598
603
612
622
631
638
639
642
644
647
669
678
688
699
714
716
744
750
754
760
762
764
765
767
771
777
783
789
793
797
804
808
811
815
821
831
834
835
841
848
858
865
872
875
884
887
893
897
906
907
919
929
940
942
965
972
974
982
999
1008
1016
1028
1034
1037
1052
1053
1060
1068
1071
1078
1084
1093
1096
1097
1110
1112
1113
1119
1124
1125
1138
1140
1143
1145
1159
1161
1165
1174
1175
1182
1190
1205
1216
1230
1244
1245
1258
1264
1269
1282
1287
1294
1296
1301
1308
1317
1320
1332
1335
1344
1346
1349
1353
1386
1390
1401
1405
1420
1429
1441
1443
1459
1468
1469
1470
1483
1487
1490
1491
1500
1502
1519
1524
1525
1563
1577
1588
1614
1637
1644
1647
1662
1669
1685
1689
1692
1699
1718
1731
1736
1742
1754
1761
1762
1765
1767
1770
1774
1778
1779
1783
1794
1809
1812
1820
1823
1824
1827
1833
1834
1840
1846
1849
1854
1864
1875
1885
1888
1891
1893
1912
1921
1922
1923
1929
1939
1948
1957
1966
1968
1969
1975
1986
1995
1998
2000
2002
2009
2016
2017
2022
2025
2027
2052
2055
2061
2065
2067
2071
2072
2089
2091
2105
2114
2123
2127
2128
2133
2149
2177
2178
2179
2193
2198
2203
2204
2209
2214
2218
2223
2229
2242
2243
2244
2247
2255
2265
2267
2277
2278
2283
2286
2294
2295
2301
2304
2317
2328
2329
2334
2343
2362
2365
2374
2375
2386
2398
2402
2412
2419
2424
2427
2439
2443
2451
2481
2491
2492
2494
2497
2516
2518
2529
2530
2536
2550
2569
2573
2576
2577
2582
2583
2586
2592
2601
2602
2606
2612
2614
2617
2618
2619
2622
2625
2633
2656
2666
2668
2669
2677
2690
2698
2699
2703
2711
2721
2742
2749
2756
2759
2775
2785
2787
2823
2825
2831
2837
2838
2847
2849
2875
2877
2882
2883
2885
2888
2891
2913
2914
2925
2939
2961
2973
2976
2981
2997
3010
3022
3031
3045
3053
3057
3074
3077
3078
3079
3082
3095
3103
3107
3109
3120
3121
3126
3127
3132
3141
3143
3155
3156
3164
3171
3176
3181
3188
3195
3198
3236
3248
3255
3262
3270
3283
3298
3302
3306
3334
3338
3339
3341
3348
3351
3378
3379
3382
3383
3392
3395
3407
3417
3425
3428
3438
3450
3465
3488
3490
3498
3499
3500
3511
3519
3525
3532
3533
3536
3549
3570
3573
3574
3583
3598
3599
3607
3617
3625
3629
3639
3645
3646
3650
3655
3657
3659
3664
3675
3679
3684
3688
3692
3694
3702
3713
3728
3729
3735
3741
3744
3757
3775
3777
3780
3790
3792
3794
3795
3797
3800
3801
3805
3810
3814
3816
3819
3825
3838
3853
3856
3861
3867
3891
3894
3902
3905
3906
3913
3917
3923
3926
3930
3939
3953
3970
3973
3983
4004
4007
4008
4011
4014
4018
4023
4028
4043
4044
4049
4054
4070
4092
4093
4097
4111
4123
4131
4138
4152
4160
4169
4176
4177
4179
4183
4184
4188
4206
4210
4211
4212
4215
4231
4232
4233
4246
4248
4249
4254
4257
4260
4263
4296
4310
4317
4335
4337
4359
4360
4367
4372
4377
4387
4393
4395
4400
4401
4415
4417
4434
4456
4458
4465
4474
4485
4486
4504
4517
4518
4547
4567
4571
4572
4582
4586
4589
4622
4628
4664
4666
4719
4741
4746
4748
4755
4768
4773
4776
4780
4784
4792
4794
4807
4809
4810
4812
4814
4815
4827
4833
4838
4857
4860
4862
4870
4877
4882
4887
4898
4904
4913
4919
4928
4931
4940
4962
4971
4974
4982
4996
4997
5000
5008
5018
5028
5033
5038
5043
5048
5057
5059
5075
5087
5095
5098
5100
5102
5109
5114
5115
5119
5130
5134
5141
5148
5149
5161
5162
5164
5166
5168
5169
5184
5187
5193
5197
5203
5206
5207
5209
5222
5224
5242
5244
5250
5252
5266
5270
5271
5281
5300
5301
5302
5307
5318
5340
5351
5353
5356
5357
5365
5368
5369
5374
5376
5379
5380
5391
5396
5426
5435
5436
5442
5456
5472
5474
5481
5485
5495
5497
5498
5499
5503
5530
5531
5534
5535
5538
5540
5541
5546
5555
5570
5576
5577
5585
5586
5592
5594
5597
5608
5612
5614
5618
5623
5624
5629
5631
5643
5653
5656
5692
5700
5704
5712
5723
5725
5726
5736
5743
5748
5766
5767
5769
5774
5798
5809
5815
5824
5826
5830
5834
5841
5845
5846
5851
5861
5872
5875
5883
5899
5925
5934
5935
5937
5951
5953
5957
5959
5961
5975
5988
6000
6001
6003
6008
6012
6017
6022
6026
6029
6036
6040
6048
6055
6059
6067
6094
6104
6113
6114
6121
6123
6130
6139
6147
6149
6154
6161
6169
6170
6173
6174
6180
6191
6195
6196
6204
6217
6220
6226
6228
6243
6245
6266
6268
6275
6282
6301
6310
6319
6327
6328
6331
6332
6335
6339
6342
6348
6349
6361
6370
6372
6395
6400
6440
6442
6447
6448
6459
6460
6464
6487
6489
6493
6500
6501
6505
6508
6511
6512
6516
6520
6522
6525
6532
6542
6543
6545
6547
6554
6559
6562
6590
6592
6600
6614
6629
6638
6656
6663
6698
6727
6728
6733
6743
6749
6752
6758
6761
6794
6799
6808
6811
6817
6818
6823
6825
6835
6836
6838
6846
6852
6853
6858
6878
6888
6890
6900
6902
6905
6909
6921
6925
6927
6942
6946
6956
6968
6990
6994
7001
7011
7021
7025
7026
7027
7065
7068
7072
7074
7096
7098
7100
7101
7123
7126
7127
7132
7148
7150
7153
7161
7169
7176
7177
7184
7193
7200
7203
7212
7217
7218
7230
7233
7249
7254
7257
7260
7261
7262
7274
7279
7285
7287
7295
7302
7303
7305
7306
7348
7355
7356
7370
7406
7410
7412
7423
7432
7442
7466
7468
7470
7472
7503
7523
7526
7540
7541
7543
7544
7549
7551
7559
7567
7574
7585
7598
7622
7625
7629
7635
7645
7647
7656
7657
7658
7673
7685
7691
7695
7698
7708
7715
7725
7730
7732
7756
7758
7778
7779
7787
7792
7797
7801
7813
7816
7829
7834
7854
7862
7867
7883
7890
7895
7904
7910
7919
7938
7945
7957
7975
7984
7996
7998
8003
8007
8016
8021
8032
8033
8049
8067
8096
8099
8113
8114
8128
8153
8165
8170
8180
8191
8194
8195
8204
8211
8216
8230
8237
8241
8246
8248
8260
8267
8276
8279
8280
8283
8293
8302
8308
8309
8319
8327
8332
8334
8338
8350
8352
8354
8368
8371
8374
8385
8401
8402
8410
8415
8423
8426
8429
8432
8435
8446
8450
8454
8455
8464
8465
8466
8470
8479
8481
8482
8483
8487
8488
8503
8510
8521
8526
8535
8548
8562
8563
8570
8571
8588
8600
8602
8604
8607
8612
8621
8626
8653
8658
8660
8662
8668
8673
8678
8682
8687
8688
8689
8692
8702
8706
8736
8739
8748
8754
8763
8774
8778
8784
8793
8800
8801
8802
8814
8821
8828
8846
8859
8866
8880
8882
8893
8894
8896
8900
8901
8909
8919
8927
8929
8930
8940
8944
8945
8950
8952
8956
8961
8967
8968
8990
9002
9007
9010
9014
9015
9018
9023
9025
9034
9039
9040
9047
9050
9051
9058
9070
9076
9078
9079
9094
9100
9105
9121
9122
9124
9132
9141
9149
9154
9157
9169
9171
9178
9185
9186
9187
9188
9206
9210
9211
9213
9222
9225
9237
9240
9268
9272
9276
9284
9290
9294
9302
9305
9309
9312
9321
9332
9333
9363
9374
9385
9415
9420
9450
9451
9453
9456
9457
9469
9472
9480
9496
9506
9514
9527
9531
9537
9538
9547
9554
9570
9571
9580
9593
9596
9603
9618
9619
9623
9630
9637
9639
9648
9649
9651
9676
9677
9687
9694
9701
9708
9726
9730
9731
9736
9742
9744
9756
9758
9760
9772
9773
9781
9801
9809
9810
9820
9836
9841
9849
9851
9853
9863
9877
9878
9880
9884
9885
9886
9889
9890
9921
9924
9925
9943
9945
9950
9952
9954
9960
9971
9975
9976
9980
9982
9986
9999
10005
10012
10016
10017
10019
10027
10034
10039
10045
10061
10069
10073
10081
10083
10093
10105
10125
10137
10145
10146
10158
10161
10176
10181
10182
10184
10195
10215
10222
10228
10229
10233
10243
10248
10252
10256
10257
10265
10267
10277
10283
10290
10294
10298
10302
10308
10309
10312
10319
10336
10342
10361
10367
10373
10376
10387
10413
10426
10429
10432
10438
10445
10447
10456
10461
10462
10469
10482
10493
10494
10495
10501
10519
10521
10522
10531
10536
10537
10540
10553
10559
10561
10565
10572
10574
10606
10619
10627
10638
10639
10644
10654
10657
10666
10697
10698
10701
10703
10710
10733
10747
10749
10790
10796
10807
10813
10823
10835
10851
10853
10865
10871
10872
10885
10886
10888
10897
10902
10912
10913
10919
10927
10933
10944
10953
10954
10958
10961
10964
10970
10975
10976
10982
10983
10989
10992
10993
11006
11016
11023
11024
11031
11036
11040
11044
11050
11057
11065
11071
11072
11082
11086
11088
11093
11111
11112
11113
11116
11117
11119
11129
11145
11153
11168
11172
11174
11182
11186
11195
11199
11202
11205
11217
11224
11226
11245
11247
11260
11268
11270
11275
11277
11295
11299
11318
11319
11325
11328
11329
11337
11350
11355
11356
11377
11385
11393
11416
11417
11436
11437
11440
11446
11453
11454
11459
11460
11478
11483
11493
11497
11510
11511
11518
11521
11524
11525
11536
11539
11541
11547
11580
11581
11589
11596
11598
11605
11607
11620
11624
11625
11627
11628
11631
11635
11648
11651
11657
11660
11662
11667
11676
11692
11697
11698
11702
11710
11711
11712
11714
11718
11736
11740
11746
11749
11755
11757
11772
11779
11787
11801
11806
11812
11814
11819
11822
11833
11842
11877
11879
11885
11886
11889
11892
11901
11906
11915
11918
11920
11938
11940
11948
11950
11954
11985
11993
12005
12008
12011
12038
12056
12061
12076
12077
12092
12093
12134
12146
12149
12175
12176
12177
12198
12200
12203
12213
12223
12226
12242
12243
12260
12261
12268
12274
12275
12289
12290
12296
12307
12333
12334
12335
12344
12348
12349
12356
12361
12366
12368
12376
12378
12388
12394
12399
12400
12401
12407
12419
12428
12433
12438
12439
12442
12448
12458
12461
12466
12469
12472
12475
12486
12488
12500
12504
12506
12520
12525
12532
12541
12554
12555
12562
12566
12568
12570
12573
12586
12589
12592
12593
12601
12606
12607
12611
12612
12624
12629
12636
12637
12646
12657
12666
12668
12673
12678
12689
12700
12708
12721
12726
12730
12731
12743
12755
12761
12770
12773
12781
12782
12783
12785
12805
12821
12824
12844
12846
12849
12851
12857
12859
12863
12871
12893
12901
12902
12926
12947
12952
12959
12964
12965
12970
12971
12974
12982
12993
12998
13003
13028
13031
13039
13049
13058
13065
13073
13083
13086
13087
13090
13097
13098
13099
13104
13114
13115
13118
13133
13134
13140
13141
13146
13149
13160
13162
13168
13186
13199
13204
13205
13206
13212
13213
13219
13224
13226
13228
13230
13245
13250
13255
13256
13261
13265
13268
13280
13287
13294
13295
13303
13304
13305
13306
13311
13314
13316
13318
13323
13325
13337
13349
13353
13374
13376
13382
13389
13390
13404
13405
13417
13418
13429
13441
13450
13451
13461
13466
13468
13478
13479
13483
13495
13498
13525
13532
13537
13544
13557
13558
13562
13569
13572
13574
13575
13578
13592
13594
13598
13601
13606
13607
13608
13611
13615
13629
13630
13633
13638
13647
13663
13672
13676
13677
13678
13693
13698
13699
13706
13707
13708
13710
13720
13731
13736
13750
13755
13764
13773
13774
13776
13780
13781
13790
13793
13811
13821
13825
13830
13842
13865
13889
13895
13898
13906
13908
13912
13913
13926
13928
13929
13932
13937
13938
13942
13944
13948
13969
13990
14004
14008
14011
14021
14037
14039
14050
14053
14064
14067
14069
14081
14090
14094
14107
14114
14118
14123
14126
14127
14130
14142
14146
14147
14155
14165
14167
14168
14183
14187
14190
14194
14201
14214
14215
14216
14223
14225
14228
14229
14239
14245
14254
14261
14267
14275
14278
14286
14292
14296
14299
14308
14315
14317
14329
14333
14352
14362
14363
14378
14381
14384
14386
14406
14407
14410
14412
14423
14434
14435
14439
14442
14446
14452
14453
14477
14479
14481
14482
14486
14489
14499
14505
14540
14543
14546
14553
14557
14559
14575
14609
14618
14623
14633
14637
14642
14648
14649
14663
14667
14680
14681
14682
14692
14707
14710
14719
14724
14729
14731
14743
14749
14758
14760
14776
14781
14785
14786
14788
14791
14793
14794
14810
14812
14819
14822
14831
14834
14840
14842
14850
14854
14858
14869
14879
14881
14885
14888
14889
14892
14895
14903
14929
14930
14943
14981
14988
14996
15014
15016
15017
15019
15020
15026
15031
15035
15040
15057
15073
15077
15087
15090
15091
15092
15097
15115
15116
15129
15135
15161
15163
15165
15174
15181
15191
15198
15205
15216
15217
15223
15238
15242
15253
15261
15263
15271
15272
15281
15294
15296
15297
15309
15321
15325
15346
15350
15352
15354
15355
15362
15378
15384
15389
15390
15395
15405
15416
15423
15429
15437
15439
15440
15445
15449
15453
15456
15462
15477
15487
15499
15525
15526
15530
15541
15546
15558
15559
15565
15579
15580
15584
15598
15608
15611
15625
15633
15638
15644
15647
15648
15651
15658
15669
15670
15692
15699
15700
15705
15708
15715
15728
15757
15763
15770
15772
15778
15779
15781
15786
15803
15815
15816
15817
15819
15821
15835
15836
15846
15850
15860
15872
15874
15882
15887
15888
15908
15915
15920
15935
15937
15938
15945
15950
15968
15983
15989
15991
15998
16007
16012
16018
16020
16021
16022
16037
16042
16050
16060
16062
16068
16071
16073
16074
16088
16101
16106
16124
16128
16130
16140
16145
16147
16150
16154
16159
16161
16165
16168
16172
16176
16177
16183
16185
16191
16200
16203
16209
16233
16238
16266
16270
16271
16272
16274
16284
16300
16314
16316
16318
16329
16339
16342
16344
16353
16361
16387
16389
16391
16409
16421
16433
16440
16449
16451
16454
16456
16458
16478
16486
16506
16513
16516
16527
16539
16550
16551
16581
16586
16589
16592
16604
16605
16606
16611
16615
16625
16632
16639
16640
16646
16650
16651
16652
16663
16666
16679
16692
16703
16711
16717
16719
16743
16754
16757
16761
16768
16775
16776
16796
16800
16802
16804
16825
16832
16839
16843
16846
16855
16856
16861
16870
16876
16879
16881
16882
16889
16895
16896
16899
16901
16927
16940
16963
16996
17018
17020
17024
17025
17027
17052
17054
17058
17071
17075
17085
17088
17096
17101
17106
17119
17121
17129
17130
17133
17135
17137
17151
17154
17163
17173
17182
17185
17192
17207
17225
17230
17234
17243
17245
17256
17258
17266
17267
17269
17271
17281
17285
17301
17303
17304
17311
17313
17315
17318
17325
17335
17344
17348
17360
17361
17369
17374
17383
17388
17400
17408
17418
17433
17455
17460
17473
17486
17495
17498
17508
17516
17526
17531
17537
17540
17551
17557
17560
17562
17565
17568
17569
17575
17595
17602
17604
17605
17613
17620
17623
17633
17638
17645
17647
17651
17685
17700
17711
17718
17720
17738
17744
17749
17769
17771
17780
17783
17785
17797
17818
17819
17836
17841
17851
17852
17854
17861
17874
17877
17878
17879
17880
17889
17896
17897
17903
17906
17916
17917
17921
17925
17927
17952
17953
17967
17979
17984
18001
18020
18021
18022
18025
18030
18037
18039
18042
18046
18049
18050
18053
18055
18056
18057
18071
18076
18082
18087
18098
18107
18111
18113
18127
18131
18140
18144
18158
18166
18168
18179
18180
18181
18186
18193
18202
18207
18208
18215
18219
18221
18222
18232
18234
18237
18244
18267
18275
18284
18285
18287
18296
18311
18323
18328
18334
18339
18350
18352
18373
18374
18379
18385
18387
18389
18392
18400
18401
18407
18412
18424
18425
18427
18442
18446
18448
18468
18474
18475
18480
18488
18490
18492
18494
18498
18506
18509
18511
18516
18521
18536
18554
18557
18563
18571
18583
18585
18592
18611
18630
18633
18636
18638
18642
18648
18651
18672
18675
18678
18684
18686
18693
18709
18718
18722
18723
18744
18750
18751
18752
18753
18755
18764
18765
18778
18779
18787
18788
18790
18794
18800
18810
18816
18821
18833
18838
18843
18844
18856
18857
18859
18861
18874
18877
18883
18888
18893
18894
18903
18908
18916
18919
18923
18943
18946
18948
18955
18959
18961
18962
18963
18972
18979
18981
18983
18986
18994
18998
19007
19013
19028
19032
19041
19043
19047
19049
19058
19059
19061
19071
19083
19089
19094
19096
19102
19119
19123
19124
19130
19132
19133
19157
19162
19178
19181
19212
19214
19224
19226
19228
19237
19254
19258
19266
19267
19268
19270
19271
19276
19288
19303
19308
19310
19311
19338
19356
19376
19388
19399
19401
19409
19414
19426
19428
19432
19439
19444
19446
19449
19450
19462
19473
19474
19476
19481
19482
19483
19484
19488
19492
19502
19511
19512
19519
19526
19544
19551
19567
19572
19576
19579
19591
19593
19602
19607
19608
19611
19612
19618
19638
19640
19642
19647
19653
19662
19664
19667
19675
19677
19686
19692
19702
19705
19731
19734
19744
19756
19771
19777
19789
19795
19801
19808
19810
19813
19817
19822
19826
19837
19840
19846
19850
19852
19856
19863
19877
19890
19892
19893
19901
19915
19916
19919
19923
19931
19935
19936
19945
19964
19975
19976
19985
19988
19991
19993
19994
20001
20004
20019
20022
20040
20044
20065
20067
20071
20083
20089
20097
20105
20111
20121
20124
20137
20139
20143
20147
20150
20165
20173
20175
20176
20181
20186
20194
20201
20204
20206
20215
20222
20242
20246
20247
20256
20258
20265
20267
20269
20280
20299
20300
20308
20326
20339
20344
20350
20373
20377
20397
20402
20411
20424
20425
20427
20431
20436
20438
20439
20444
20445
20452
20453
20455
20458
20469
20489
20490
20498
20505
20521
20523
20527
20531
20532
20547
20551
20559
20568
20572
20576
20583
20588
20594
20596
20600
20602
20612
20616
20623
20633
20640
20650
20651
20659
20667
20677
20682
20687
20689
20693
20701
20704
20708
20712
20722
20732
20736
20737
20748
20754
20759
20777
20778
20789
20793
20796
20800
20801
20825
20828
20830
20846
20852
20856
20874
20877
20878
20881
20891
20901
20907
20912
20915
20926
20934
20947
20949
20983
20984
20986
20992
21007
21008
21017
21025
21028
21030
21031
21033
21038
21044
21051
21061
21086
21097
21101
21129
21138
21161
21162
21166
21168
21171
21174
21178
21188
21195
21204
21205
21206
21233
21240
21254
21259
21270
21272
21273
21278
21281
21290
21292
21300
21301
21309
21310
21312
21315
21349
21354
21355
21358
21370
21371
21373
21379
21384
21388
21411
21412
21417
21431
21435
21440
21443
21455
21457
21461
21471
21472
21474
21476
21478
21481
21485
21494
21498
21515
21520
21536
21544
21551
21564
21573
21584
21586
21589
21590
21594
21601
21603
21609
21611
21622
21639
21653
21657
21659
21667
21670
21672
21681
21687
21689
21704
21713
21717
21722
21733
21737
21741
21744
21753
21757
21764
21769
21771
21779
21786
21792
21797
21805
21813
21814
21823
21829
21830
21853
21872
21886
21890
21899
21900
21909
21920
21925
21929
21932
21941
21944
21946
21954
21962
21973
21984
22002
22009
22015
22020
22038
22043
22044
22052
22054
22058
22062
22067
22072
22075
22076
22077
22078
22079
22085
22105
22107
22110
22117
22139
22144
22149
22151
22157
22161
22165
22167
22181
22188
22198
22212
22219
22221
22222
22227
22242
22247
22248
22250
22267
22279
22284
22289
22301
22308
22311
22315
22325
22328
22335
22336
22338
22343
22350
22358
22361
22375
22376
22382
22396
22398
22401
22408
22409
22422
22425
22430
22457
22464
22465
22467
22473
22487
22490
22491
22493
22496
22499
22505
22506
22507
22510
22511
22512
22523
22526
22528
22535
22542
22546
22556
22557
22559
22576
22583
22597
22609
22628
22629
22633
22636
22643
22648
22652
22654
22661
22672
22673
22675
22710
22711
22716
22720
22724
22762
22766
22776
22791
22793
22799
22822
22833
22837
22839
22845
22865
22868
22878
22888
22891
22904
22906
22907
22908
22909
22918
22933
22939
22945
22965
22985
22994
23005
23013
23016
23022
23026
23027
23029
23031
23033
23035
23040
23041
23044
23048
23066
23076
23077
23083
23084
23090
23102
23103
23151
23152
23182
23197
23206
23214
23218
23220
23222
23226
23227
23230
23234
23236
23251
23252
23253
23258
23261
23262
23275
23277
23282
23298
23299
23301
23305
23329
23330
23337
23341
23345
23349
23350
23355
23362
23364
23376
23383
23384
23391
23394
23408
23414
23417
23432
23435
23442
23468
23477
23478
23479
23486
23491
23509
23520
23521
23546
23566
23570
23597
23608
23612
23617
23624
23626
23658
23664
23665
23668
23670
23671
23684
23685
23690
23691
23695
23696
23704
23714
23716
23717
23729
23739
23740
23741
23760
23766
23771
23776
23779
23795
23796
23804
23809
23811
23812
23825
23840
23844
23855
23861
23875
23876
23894
23899
23915
23922
23927
23932
23938
23941
23942
23946
23949
23952
23953
23958
23960
23969
23972
23976
23990
23991
23993
23997
24009
24012
24016
24020
24026
24029
24034
24038
24041
24051
24052
24060
24063
24071
24100
24117
24150
24155
24156
24166
24173
24174
24179
24189
24191
24193
24200
24201
24202
24210
24222
24226
24230
24232
24240
24243
24248
24249
24251
24254
24257
24270
24272
24285
24289
24298
24302
24314
24319
24329
24332
24334
24343
24345
24346
24348
24351
24352
24371
24374
24381
24384
24392
24398
24405
24409
24410
24412
24416
24437
24440
24447
24450
24455
24457
24458
24467
24469
24480
24483
24500
24502
24508
24513
24515
24516
24523
24535
24552
24556
24578
24581
24585
24588
24589
24600
24601
24619
24626
24649
24654
24660
24667
24671
24680
24702
24710
24713
24714
24719
24720
24731
24732
24746
24747
24750
24757
24768
24778
24798
24800
24813
24818
24819
24846
24847
24853
24864
24867
24878
24879
24884
24886
24887
24911
24920
24924
24927
24931
24935
24950
24956
24960
24968
24978
24981
24982
24999
25003
25025
25029
25039
25048
25049
25052
25084
25090
25091
25098
25101
25110
25120
25132
25144
25147
25193
25194
25215
25236
25237
25239
25241
25251
25258
25268
25275
25283
25304
25310
25311
25340
25343
25349
25356
25357
25363
25373
25375
25380
25382
25383
25390
25406
25410
25411
25416
25437
25439
25442
25452
25466
25473
25475
25486
25491
25496
25499
25514
25525
25526
25529
25535
25549
25550
25556
25561
25566
25569
25574
25575
25577
25578
25582
25599
25611
25619
25633
25635
25643
25649
25655
25656
25667
25685
25688
25702
25703
25749
25752
25753
25756
25761
25762
25781
25807
25810
25815
25820
25825
25831
25834
25857
25876
25882
25883
25905
25910
25913
25915
25917
25919
25920
25927
25929
25931
25932
25944
25954
25961
25963
25977
25987
25988
25993
25998
26001
26005
26008
26014
26015
26016
26027
26029
26034
26042
26057
26062
26063
26071
26074
26082
26083
26087
26090
26092
26097
26099
26117
26130
26156
26157
26163
26173
26192
26203
26221
26224
26227
26238
26247
26250
26254
26257
26263
26264
26280
26283
26294
26295
26296
26298
26306
26309
26316
26319
26322
26334
26340
26350
26356
26376
26389
26390
26395
26398
26405
26417
26422
26423
26427
26450
26456
26458
26465
26471
26473
26486
26487
26488
26503
26509
26513
26517
26521
26536
26537
26538
26547
26563
26575
26577
26580
26583
26584
26586
26589
26600
26602
26605
26611
26614
26615
26620
26623
26625
26633
26636
26640
26653
26656
26660
26663
26666
26668
26677
26702
26703
26727
26733
26735
26739
26744
26747
26749
26755
26757
26765
26770
26772
26778
26796
26802
26804
26822
26824
26826
26836
26841
26852
26853
26861
26864
26870
26872
26876
26882
26890
26891
26894
26899
26900
26912
26926
26935
26938
26939
26944
26955
26957
26961
26965
26975
26979
26984
26996
27003
27007
27021
27037
27053
27067
27069
27084
27086
27090
27100
27101
27102
27112
27113
27120
27122
27123
27127
27147
27151
27152
27154
27156
27161
27164
27166
27170
27175
27181
27187
27204
27207
27210
27211
27222
27237
27256
27258
27271
27286
27290
27298
27304
27306
27310
27311
27325
27328
27332
27333
27344
27349
27352
27382
27384
27392
27395
27397
27415
27428
27430
27435
27438
27442
27460
27466
27468
27469
27472
27485
27492
27494
27500
27504
27511
27537
27562
27568
27569
27573
27574
27585
27591
27604
27606
27611
27612
27614
27626
27630
27652
27653
27656
27678
27690
27697
27702
27706
27722
27728
27730
27732
27733
27740
27749
27774
27777
27791
27792
27793
27806
27827
27832
27834
27835
27837
27838
27843
27850
27855
27859
27860
27878
27880
27896
27900
27910
27914
27915
27925
27934
27935
27940
27948
27950
27962
27964
27965
27968
27969
27976
27977
27993
27996
27997
28011
28018
28027
28032
28036
28052
28067
28071
28080
28083
28087
28089
28092
28101
28103
28113
28114
28118
28123
28126
28127
28131
28154
28155
28157
28158
28168
28175
28179
28197
28202
28211
28213
28223
28233
28235
28239
28245
28252
28253
28259
28277
28287
28292
28294
28302
28311
28314
28319
28338
28347
28351
28363
28368
28369
28376
28382
28383
28391
28401
28411
28414
28418
28420
28425
28427
28429
28433
28437
28440
28444
28448
28455
28471
28475
28477
28478
28483
28487
28492
28506
28509
28512
28515
28517
28522
28527
28529
28531
28533
28537
28540
28569
28571
28576
28577
28591
28599
28607
28616
28619
28624
28625
28626
28630
28632
28639
28645
28647
28652
28658
28676
28679
28682
28685
28692
28695
28706
28708
28717
28719
28726
28727
28736
28741
28746
28748
28755
28768
28772
28773
28776
28789
28817
28819
28828
28829
28843
28859
28863
28877
28881
28883
28887
28888
28893
28896
28898
28900
28903
28909
28930
28931
28935
28945
28954
28957
28964
28967
28969
28973
28975
28977
28981
29004
29018
29027
29032
29033
29034
29040
29042
29053
29062
29063
29069
29074
29084
29087
29089
29112
29113
29115
29118
29127
29128
29130
29133
29174
29183
29190
29195
29201
29217
29221
29223
29234
29246
29250
29252
29256
29265
29279
29296
29307
29314
29323
29336
29343
29353
29359
29361
29364
29381
29391
29394
29396
29398
29404
29412
29413
29416
29417
29424
29427
29429
29430
29441
29443
29462
29463
29474
29477
29482
29483
29494
29499
29505
29512
29520
29524
29525
29529
29530
29552
29554
29564
29569
29575
29577
29601
29610
29618
29620
29627
29643
29646
29647
29655
29656
29662
29678
29691
29701
29706
29714
29715
29721
29731
29736
29756
29759
29765
29771
29775
29777
29780
29791
29794
29801
29806
29812
29815
29828
29829
29832
29835
29845
29847
29859
29864
29865
29873
29875
29881
29896
29905
29920
29922
29924
29927
29937
29939
29940
29959
29960
29961
29970
29986
29990
29992
29996
29997
29999
