21
25
36
113
152
153
178
187
193
214
232
254
290
305
314
333
341
350
357
371
393
402
407
419
426
447
449
450
477
529
546
550
607
642
646
689
755
792
809
835
892
898
906
908
938
944
945
946
963
981
1027
1060
1078
1095
1099
1136
1146
1148
1153
1184
1277
1294
1304
1348
1374
1377
1384
1419
1452
1498
1564
1570
1574
1575
1604
1630
1638
1666
1695
1707
1750
1753
1780
1817
1841
1852
1866
1867
1872
1880
1898
1945
1951
2009
2018
2024
2032
2042
2048
2074
2080
2085
2123
2131
2146
2201
2206
2216
2235
2358
2438
2448
2450
2475
2488
2520
2558
2565
2585
2599
2602
2648
2686
2730
2751
2754
2759
2780
2799
2829
2838
2843
2902
2904
2928
2954
2992
3004
3009
3010
3050
3080
3087
3118
3132
3137
3153
3159
3193
3201
3210
3243
3272
3280
3291
3328
3334
3335
3367
3389
3390
3393
3440
3444
3481
3485
3486
3493
3507
3511
3516
3534
3587
3611
3633
3649
3657
3663
3672
3689
3710
3721
3724
3729
3735
3778
3783
3786
3788
3795
3837
3848
3850
3856
3881
3888
3898
3906
3918
3924
3955
3959
4009
4020
4021
4023
4033
4038
4053
4058
4060
4071
4079
4091
4097
4100
4121
4131
4133
4134
4144
4162
4178
4182
4223
4234
4245
4250
4286
4298
4318
4337
4344
4353
4360
4372
4374
4398
4403
4413
4447
4474
4477
4478
4490
4564
4578
4583
4599
4604
4605
4628
4632
4648
4658
4668
4671
4685
4692
4699
4747
4782
4794
4820
4828
4836
4845
4869
4897
4996
5033
5036
5058
5073
5078
5120
5204
5211
5213
5233
5260
5315
5349
5387
5417
5421
5456
5471
5472
5485
5486
5581
5620
5711
5755
5756
5760
5761
5776
5791
5798
5800
5805
5871
5897
5917
5932
5937
5990
5995
6013
6027
6057
6086
6092
6100
6103
6111
6117
6139
6176
6180
6184
6190
6210
6233
6295
6303
6316
6343
6348
6351
6357
6432
6437
6484
6503
6525
6527
6569
6622
6630
6638
6640
6678
6688
6692
6703
6753
6791
6802
6820
6902
6916
6927
6934
6943
6959
6974
6975
6983
6990
7014
7021
7103
7105
7139
7151
7152
7153
7158
7169
7173
7201
7245
7247
7279
7287
7307
7309
7364
7369
7371
7380
7418
7431
7457
7474
7532
7582
7623
7663
7679
7680
7688
7690
7702
7707
7711
7770
7778
7791
7812
7816
7824
7825
7834
7883
7898
7960
7995
8021
8061
8062
8102
8129
8146
8149
8160
8194
8195
8200
8250
8272
8274
8288
8317
8345
8368
8371
8387
8416
8427
8456
8468
8480
8504
8510
8526
8544
8556
8576
8596
8623
8642
8648
8664
8666
8708
8720
8723
8729
8738
8745
8746
8831
8839
8868
8907
8916
8935
8940
8967
9012
9050
9093
9096
9126
9129
9136
9141
9149
9165
9180
9226
9228
9240
9241
9270
9273
9293
9295
9357
9370
9391
9398
9416
9434
9457
9480
9493
9506
9536
9598
9604
9605
9746
9748
9767
9783
9798
9821
9843
9865
9901
9905
9956
9966
9999
10018
10025
10044
10059
10065
10068
10095
10099
10168
10178
10180
10209
10246
10256
10259
10295
10317
10345
10350
10351
10363
10368
10404
10418
10445
10458
10471
10508
10552
10559
10575
10580
10586
10597
10600
10621
10648
10656
10662
10663
10691
10739
10747
10792
10797
10820
10826
10876
10886
10891
10953
10954
10971
10982
10993
10999
11012
11152
11155
11157
11158
11168
11170
11195
11196
11245
11266
11293
11297
11331
11349
11375
11379
11383
11390
11398
11419
11444
11445
11451
11457
11468
11519
11621
11629
11665
11680
11697
11722
11726
11778
11784
11789
11795
11822
11834
11839
11866
11870
11872
11887
11893
11907
11909
11941
11943
11959
11960
11961
11964
11991
11997
12006
12007
12010
12015
12018
12040
12055
12111
12113
12142
12144
12149
12168
12188
12196
12224
12229
12232
12238
12261
12298
12299
12311
12318
12333
12343
12344
12367
12436
12464
12465
12470
12491
12518
12520
12537
12539
12546
12582
12597
12606
12620
12623
12625
12634
12641
12659
12662
12683
12731
12746
12759
12789
12806
12814
12829
12830
12835
12845
12941
12962
12983
13028
13034
13036
13082
13110
13114
13127
13204
13219
13252
13261
13286
13290
13296
13358
13400
13403
13424
13428
13441
13466
13490
13497
13519
13541
13544
13548
13557
13615
13644
13655
13675
13677
13705
13715
13719
13731
13765
13836
13851
13883
13906
13926
13929
13943
13974
13979
14054
14091
14108
14126
14139
14178
14219
14250
14263
14320
14326
14346
14358
14418
14422
14426
14436
14508
14516
14531
14573
14579
14580
14672
14675
14693
14708
14722
14738
14750
14782
14833
14874
14887
14911
14929
14940
14957
14962
14976
14978
14979
15007
15010
15015
15056
15079
15129
15139
15190
15208
15228
15235
15249
15252
15257
15285
15312
15344
15351
15369
15374
15378
15385
15431
15439
15451
15487
15518
15525
15548
15559
15564
15567
15582
15597
15598
15633
15647
15649
15679
15697
15703
15705
15766
15775
15833
15857
15858
15862
15863
15875
15882
15891
15895
15945
15951
15963
15970
15973
16020
16031
16045
16050
16100
16125
16156
16171
16177
16219
16235
16249
16279
16286
16290
16313
16326
16397
16406
16431
16432
16467
16475
16478
16486
16487
16510
16526
16569
16591
16594
16619
16678
16712
16717
16723
16727
16754
16806
16894
16926
16943
16954
16957
16977
17014
17015
17016
17018
17022
17051
17076
17092
17101
17111
17116
17118
17130
17159
17160
17162
17167
17175
17177
17182
17190
17194
17207
17216
17228
17233
17246
17289
17290
17308
17310
17327
17335
17344
17392
17476
17491
17509
17560
17574
17589
17617
17618
17621
17622
17639
17654
17657
17670
17701
17714
17719
17724
17726
17736
17768
17771
17788
17794
17816
17822
17848
17869
17915
17954
17981
18010
18064
18100
18109
18148
18165
18175
18186
18197
18198
18206
18207
18221
18241
18261
18266
18296
18394
18423
18439
18445
18449
18457
18473
18486
18498
18529
18557
18569
18581
18624
18630
18657
18668
18669
18702
18709
18766
18807
18812
18816
18820
18836
18871
18875
18886
18898
18901
18903
18934
18954
18976
18999
19009
19033
19042
19054
19112
19113
19121
19127
19139
19187
19214
19221
19237
19253
19291
19305
19326
19357
19361
19427
19428
19491
19538
19542
19556
19562
19566
19573
19603
19607
19632
19643
19696
19699
19705
19714
19715
19721
19722
19727
19735
19748
19783
19810
19818
19826
19835
19850
19876
19898
19900
19903
19904
19934
19979
19991
20001
20021
20056
20072
20078
20079
20108
20114
20122
20125
20133
20137
20141
20158
20207
20277
20280
20293
20321
20323
20329
20348
20353
20371
20375
20407
20417
20427
20447
20456
20460
20492
20506
20528
20544
20551
20556
20612
20621
20628
20633
20655
20671
20676
20703
20723
20744
20758
20790
20805
20815
20832
20882
20902
20930
20933
20945
20953
20956
20977
20991
20999
21014
21021
21040
21047
21059
21097
21103
21134
21142
21194
21205
21229
21233
21245
21248
21251
21256
21283
21298
21322
21327
21332
21362
21366
21370
21389
21403
21404
21437
21446
21447
21468
21478
21507
21512
21533
21542
21544
21578
21590
21597
21627
21638
21640
21644
21657
21658
21666
21668
21685
21687
21689
21709
21713
21724
21732
21733
21785
21826
21834
21864
21882
21886
21959
21983
22027
22046
22047
22052
22072
22087
22090
22103
22129
22215
22227
22234
22238
22249
22291
22295
22322
22339
22384
22385
22387
22399
22405
22414
22471
22483
22486
22504
22513
22530
22539
22561
22562
22564
22618
22634
22658
22671
22703
22716
22762
22814
22836
22839
22840
22846
22881
22891
22896
22899
22924
22929
22934
22940
22967
22970
22974
22979
23000
23019
23022
23052
23072
23093
23097
23136
23190
23203
23210
23235
23259
23273
23277
23291
23315
23317
23371
23406
23412
23414
23418
23419
23425
23454
23465
23506
23513
23528
23541
23559
23561
23568
23592
23602
23615
23629
23635
23649
23656
23671
23681
23707
23728
23762
23766
23809
23823
23857
23893
23895
23897
23899
23909
23911
23923
23926
23965
23971
23980
23993
24001
24008
24019
24036
24056
24062
24070
24075
24097
24114
24122
24123
24149
24152
24159
24167
24179
24210
24234
24254
24262
24266
24294
24302
24305
24329
24347
24366
24384
24418
24425
24430
24435
24471
24513
24516
24524
24534
24545
24548
24549
24574
24584
24587
24589
24598
24650
24673
24712
24720
24733
24737
24743
24772
24775
24812
24822
24921
24925
24927
24942
24965
24981
24987
24998
25001
25051
25104
25112
25116
25122
25143
25198
25265
25305
25331
25340
25346
25348
25382
25443
25445
25447
25454
25481
25491
25516
25529
25537
25541
25566
25615
25616
25621
25646
25653
25673
25675
25678
25701
25721
25740
25753
25773
25786
25816
25851
25863
25878
25886
25897
25900
25935
25936
25941
25956
25966
25967
25981
26002
26031
26035
26043
26049
26051
26098
26129
26152
26235
26237
26254
26258
26274
26284
26287
26288
26294
26296
26327
26354
26355
26365
26368
26423
26429
26442
26458
26461
26464
26494
26508
26524
26525
26528
26534
26548
26559
26568
26658
26674
26691
26701
26743
26750
26776
26792
26798
26823
26828
26833
26834
26870
26891
26894
26920
26925
26927
26948
26955
26970
26980
26987
26991
27015
27024
27045
27086
27134
27169
27218
27226
27251
27255
27261
27281
27295
27314
27334
27362
27395
27401
27405
27414
27446
27465
27470
27474
27475
27502
27567
27573
27592
27603
27628
27646
27655
27659
27662
27663
27679
27689
27693
27709
27720
27753
27757
27761
27779
27780
27807
27813
27822
27826
27851
27900
27958
27967
27990
27998
28018
28021
28023
28025
28037
28079
28110
28121
28122
28133
28145
28148
28157
28186
28211
28226
28271
28290
28297
28337
28358
28369
28379
28412
28445
28510
28514
28520
28528
28564
28568
28578
28580
28586
28590
28616
28641
28665
28682
28691
28697
28706
28715
28744
28747
28748
28777
28778
28799
28802
28829
28927
28943
28983
28990
28993
29013
29078
29083
29097
29110
29113
29128
29148
29182
29210
29212
29214
29218
29277
29339
29390
29419
29432
29462
29529
29646
29652
29752
29765
29803
29823
29832
29881
29893
29922
29961
29982
29984
--------
8
21
25
35
36
48
60
91
92
113
126
129
133
152
153
163
178
184
187
193
214
227
229
232
233
252
254
255
277
283
290
305
310
314
333
340
341
343
346
350
357
371
373
393
402
407
419
426
439
447
448
449
450
452
477
509
512
529
546
550
593
594
607
615
642
644
646
648
689
694
702
724
730
755
792
809
835
855
886
892
898
905
906
907
908
911
938
941
944
945
946
959
963
981
1007
1027
1028
1031
1060
1061
1078
1095
1099
1105
1106
1117
1128
1136
1140
1146
1148
1153
1155
1164
1179
1184
1189
1255
1262
1277
1279
1290
1294
1300
1304
1348
1349
1352
1374
1377
1380
1384
1419
1420
1452
1459
1498
1500
1502
1505
1510
1540
1547
1548
1564
1570
1574
1575
1600
1604
1624
1626
1630
1638
1666
1694
1695
1699
1707
1736
1748
1750
1753
1766
1780
1817
1835
1841
1846
1852
1854
1866
1867
1872
1880
1898
1938
1940
1945
1951
1961
1970
1988
2009
2018
2024
2026
2028
2032
2034
2042
2048
2063
2074
2080
2085
2091
2123
2127
2130
2131
2133
2145
2146
2150
2173
2180
2191
2199
2201
2206
2213
2216
2233
2235
2255
2283
2294
2301
2320
2328
2358
2365
2368
2370
2374
2399
2416
2418
2426
2434
2438
2448
2450
2471
2475
2488
2513
2520
2539
2555
2558
2565
2585
2587
2599
2602
2603
2637
2640
2648
2683
2685
2686
2695
2726
2730
2732
2751
2754
2759
2762
2780
2791
2799
2829
2838
2842
2843
2847
2863
2880
2902
2904
2908
2926
2928
2939
2940
2944
2948
2954
2956
2957
2966
2969
2984
2992
3004
3009
3010
3044
3050
3051
3076
3080
3086
3087
3102
3118
3132
3137
3153
3156
3159
3165
3182
3192
3193
3201
3210
3212
3221
3239
3243
3253
3261
3269
3272
3274
3276
3280
3286
3291
3300
3311
3323
3328
3334
3335
3346
3367
3388
3389
3390
3393
3440
3444
3447
3451
3456
3460
3481
3485
3486
3489
3493
3507
3511
3513
3516
3518
3526
3534
3542
3563
3576
3587
3588
3589
3595
3597
3611
3613
3615
3616
3631
3633
3649
3657
3663
3672
3689
3695
3697
3703
3705
3706
3710
3721
3724
3728
3729
3731
3735
3739
3778
3783
3786
3788
3795
3825
3832
3835
3837
3838
3848
3850
3856
3857
3881
3888
3898
3906
3910
3918
3919
3924
3932
3942
3944
3955
3959
3965
3986
3995
3997
4006
4009
4020
4021
4023
4033
4038
4053
4054
4058
4060
4071
4075
4076
4079
4091
4097
4100
4109
4110
4121
4131
4133
4134
4138
4142
4144
4147
4158
4160
4162
4170
4171
4178
4182
4223
4232
4234
4245
4250
4255
4286
4288
4294
4295
4298
4299
4310
4318
4329
4335
4337
4344
4350
4353
4359
4360
4362
4370
4372
4374
4394
4398
4403
4413
4430
4445
4447
4452
4471
4474
4477
4478
4490
4503
4508
4511
4525
4534
4548
4551
4555
4564
4573
4578
4583
4599
4604
4605
4628
4631
4632
4648
4658
4668
4669
4671
4672
4685
4686
4692
4698
4699
4747
4763
4782
4783
4786
4794
4811
4820
4825
4826
4828
4836
4844
4845
4848
4869
4875
4897
4915
4936
4941
4955
4967
4996
4999
5010
5033
5036
5037
5058
5060
5073
5074
5078
5083
5109
5117
5120
5146
5154
5172
5204
5211
5213
5226
5233
5247
5260
5282
5284
5290
5296
5297
5315
5349
5367
5387
5396
5405
5417
5421
5429
5456
5471
5472
5477
5485
5486
5495
5524
5540
5558
5568
5573
5577
5581
5594
5620
5634
5641
5649
5655
5691
5697
5711
5722
5740
5755
5756
5759
5760
5761
5776
5791
5798
5800
5804
5805
5810
5815
5824
5826
5832
5833
5861
5869
5871
5872
5878
5897
5906
5909
5911
5917
5920
5932
5937
5945
5951
5977
5981
5990
5995
6013
6019
6027
6033
6038
6055
6057
6062
6072
6086
6092
6100
6103
6111
6113
6117
6139
6142
6176
6180
6184
6190
6197
6209
6210
6219
6225
6233
6245
6261
6295
6303
6316
6318
6325
6326
6329
6337
6338
6341
6343
6348
6350
6351
6357
6382
6404
6432
6433
6437
6443
6454
6464
6468
6484
6503
6515
6522
6525
6527
6569
6570
6612
6619
6622
6630
6638
6640
6655
6665
6677
6678
6688
6692
6703
6716
6750
6751
6753
6773
6787
6791
6802
6820
6826
6830
6857
6902
6916
6925
6927
6934
6937
6943
6959
6964
6971
6974
6975
6983
6990
7010
7014
7015
7021
7044
7047
7083
7085
7090
7103
7105
7135
7139
7151
7152
7153
7157
7158
7165
7169
7171
7173
7174
7182
7188
7189
7201
7204
7207
7218
7225
7232
7239
7245
7247
7262
7276
7279
7281
7282
7287
7297
7307
7309
7317
7318
7322
7332
7337
7342
7364
7369
7371
7380
7382
7383
7387
7393
7413
7418
7431
7457
7459
7470
7474
7476
7478
7532
7537
7554
7567
7582
7623
7631
7641
7654
7663
7679
7680
7688
7690
7698
7699
7702
7707
7711
7716
7724
7735
7753
7756
7770
7778
7791
7804
7807
7812
7814
7816
7824
7825
7834
7849
7865
7871
7875
7883
7894
7898
7906
7907
7909
7915
7944
7960
7966
7995
7997
8010
8021
8042
8053
8061
8062
8083
8089
8096
8099
8102
8117
8119
8129
8146
8149
8160
8173
8190
8194
8195
8200
8205
8219
8221
8227
8241
8250
8259
8261
8272
8274
8277
8288
8299
8309
8317
8330
8335
8339
8345
8365
8367
8368
8371
8387
8391
8397
8416
8427
8456
8457
8467
8468
8480
8486
8496
8499
8504
8510
8526
8527
8529
8543
8544
8556
8558
8576
8596
8614
8623
8637
8641
8642
8648
8655
8664
8666
8670
8686
8691
8706
8708
8720
8723
8729
8734
8738
8745
8746
8776
8804
8805
8831
8839
8858
8859
8866
8868
8888
8889
8907
8914
8916
8919
8921
8926
8933
8935
8940
8945
8950
8955
8957
8959
8967
8970
8971
8975
8994
9007
9010
9012
9028
9045
9050
9055
9066
9093
9096
9098
9099
9100
9112
9126
9129
9136
9141
9149
9165
9166
9180
9199
9221
9226
9228
9229
9235
9240
9241
9248
9250
9256
9263
9267
9270
9273
9274
9286
9293
9295
9303
9314
9338
9351
9353
9357
9367
9370
9377
9379
9391
9398
9412
9416
9434
9436
9441
9443
9457
9461
9469
9480
9493
9494
9505
9506
9519
9533
9536
9549
9553
9569
9585
9598
9604
9605
9655
9667
9721
9722
9728
9746
9748
9749
9752
9755
9767
9783
9792
9798
9803
9808
9821
9843
9865
9870
9875
9877
9901
9905
9906
9909
9947
9949
9955
9956
9966
9987
9999
10011
10015
10018
10025
10041
10044
10048
10054
10059
10061
10065
10068
10069
10072
10079
10082
10091
10095
10099
10116
10125
10139
10143
10156
10168
10172
10175
10178
10180
10181
10194
10206
10209
10213
10229
10233
10239
10246
10249
10252
10256
10259
10261
10266
10269
10289
10295
10300
10313
10317
10328
10337
10345
10348
10350
10351
10363
10368
10389
10404
10413
10418
10429
10440
10442
10445
10446
10451
10458
10468
10470
10471
10484
10491
10503
10508
10524
10525
10552
10559
10563
10575
10580
10581
10583
10585
10586
10597
10598
10600
10620
10621
10629
10647
10648
10656
10662
10663
10683
10691
10710
10716
10723
10739
10747
10767
10771
10791
10792
10797
10820
10826
10829
10876
10886
10891
10906
10914
10927
10943
10949
10953
10954
10958
10971
10982
10988
10993
10994
10999
11009
11012
11014
11020
11028
11030
11039
11044
11053
11061
11063
11066
11082
11103
11152
11155
11157
11158
11164
11168
11170
11180
11183
11195
11196
11205
11214
11216
11245
11266
11275
11293
11297
11298
11306
11320
11323
11328
11331
11342
11349
11350
11355
11364
11373
11375
11379
11383
11387
11390
11398
11404
11419
11432
11444
11445
11451
11457
11460
11468
11474
11476
11519
11531
11554
11559
11579
11596
11621
11623
11629
11657
11660
11665
11666
11680
11682
11690
11693
11697
11722
11725
11726
11728
11749
11750
11751
11778
11784
11789
11795
11806
11820
11822
11826
11834
11839
11866
11870
11872
11876
11878
11887
11893
11898
11906
11907
11909
11935
11939
11941
11943
11959
11960
11961
11964
11987
11991
11997
11998
12006
12007
12010
12015
12018
12040
12053
12055
12065
12067
12069
12076
12078
12111
12113
12120
12135
12142
12144
12149
12168
12187
12188
12190
12196
12224
12229
12232
12238
12261
12268
12273
12298
12299
12304
12311
12314
12318
12333
12343
12344
12346
12367
12407
12426
12436
12454
12455
12464
12465
12470
12486
12491
12501
12509
12518
12520
12530
12537
12539
12546
12559
12563
12564
12565
12582
12594
12597
12606
12620
12623
12625
12634
12641
12644
12650
12659
12662
12683
12686
12715
12731
12739
12742
12746
12750
12759
12769
12789
12806
12814
12828
12829
12830
12835
12845
12865
12874
12898
12920
12938
12941
12947
12960
12962
12965
12980
12983
12989
13018
13028
13034
13036
13049
13050
13082
13100
13102
13110
13114
13115
13127
13150
13199
13204
13211
13219
13228
13252
13254
13261
13263
13274
13279
13286
13290
13296
13300
13303
13321
13336
13346
13347
13354
13358
13365
13381
13382
13400
13403
13417
13424
13428
13435
13441
13443
13447
13457
13466
13469
13477
13490
13497
13506
13508
13517
13519
13525
13537
13541
13544
13548
13557
13559
13564
13608
13615
13616
13644
13649
13654
13655
13675
13677
13681
13692
13705
13714
13715
13719
13720
13724
13731
13732
13765
13770
13797
13812
13816
13817
13836
13840
13851
13864
13883
13890
13906
13907
13918
13926
13929
13943
13948
13966
13971
13974
13979
13993
14008
14046
14054
14083
14085
14091
14103
14106
14108
14109
14114
14126
14128
14132
14139
14157
14158
14160
14166
14171
14173
14178
14204
14213
14219
14231
14242
14250
14257
14258
14263
14280
14297
14309
14315
14316
14320
14323
14326
14330
14338
14346
14356
14358
14372
14418
14422
14426
14433
14436
14474
14488
14496
14508
14512
14516
14531
14550
14573
14575
14579
14580
14610
14631
14637
14642
14653
14655
14672
14674
14675
14693
14703
14708
14710
14719
14722
14726
14738
14746
14750
14766
14771
14782
14833
14855
14874
14887
14911
14929
14937
14940
14942
14943
14957
14962
14963
14976
14978
14979
14980
14982
14984
14992
14997
15007
15010
15015
15024
15047
15056
15058
15079
15099
15112
15115
15123
15129
15136
15139
15151
15159
15171
15190
15208
15209
15216
15223
15228
15235
15237
15249
15250
15252
15254
15257
15274
15281
15285
15287
15296
15306
15312
15344
15345
15351
15369
15374
15378
15381
15382
15385
15392
15405
15412
15431
15439
15444
15446
15451
15458
15487
15498
15502
15503
15515
15518
15525
15533
15544
15548
15559
15564
15567
15582
15597
15598
15601
15608
15623
15633
15637
15647
15649
15650
15659
15679
15697
15701
15703
15705
15716
15721
15766
15769
15775
15803
15820
15833
15834
15857
15858
15862
15863
15873
15875
15882
15891
15895
15906
15913
15932
15939
15945
15951
15960
15963
15970
15973
15996
16013
16020
16027
16031
16038
16042
16045
16050
16060
16062
16082
16085
16090
16100
16125
16129
16133
16134
16156
16168
16171
16177
16185
16217
16219
16224
16225
16235
16249
16279
16286
16290
16307
16313
16315
16326
16329
16362
16384
16392
16397
16406
16423
16431
16432
16467
16471
16475
16478
16486
16487
16495
16496
16498
16504
16510
16526
16527
16528
16544
16551
16556
16569
16585
16591
16594
16617
16619
16622
16624
16628
16648
16659
16678
16706
16712
16717
16723
16725
16727
16754
16766
16788
16806
16820
16845
16868
16894
16902
16904
16926
16943
16954
16957
16977
17014
17015
17016
17018
17022
17045
17051
17052
17071
17076
17078
17079
17087
17092
17101
17111
17116
17118
17130
17135
17159
17160
17162
17167
17174
17175
17177
17182
17190
17193
17194
17207
17216
17227
17228
17233
17237
17246
17284
17289
17290
17308
17310
17318
17321
17327
17335
17344
17351
17392
17411
17415
17458
17459
17472
17476
17484
17491
17493
17499
17509
17522
17527
17528
17538
17553
17560
17573
17574
17577
17580
17588
17589
17617
17618
17621
17622
17639
17654
17657
17660
17670
17675
17699
17701
17714
17719
17724
17726
17736
17750
17760
17768
17771
17776
17778
17788
17794
17799
17800
17806
17814
17816
17822
17848
17869
17890
17899
17915
17954
17958
17967
17981
17988
18010
18012
18035
18039
18040
18046
18064
18100
18109
18111
18120
18143
18148
18162
18165
18175
18177
18181
18186
18197
18198
18206
18207
18217
18218
18221
18222
18232
18241
18261
18266
18267
18270
18277
18287
18288
18289
18292
18296
18304
18314
18327
18348
18349
18358
18385
18394
18404
18423
18426
18436
18439
18442
18445
18449
18450
18453
18457
18473
18486
18498
18499
18500
18519
18522
18529
18537
18541
18554
18557
18569
18581
18624
18630
18639
18657
18668
18669
18675
18680
18682
18686
18688
18702
18709
18766
18783
18784
18793
18796
18807
18808
18810
18812
18816
18817
18820
18836
18854
18869
18871
18875
18880
18886
18887
18898
18901
18903
18930
18934
18939
18946
18953
18954
18967
18976
18980
18992
18993
18998
18999
19009
19017
19027
19033
19042
19054
19090
19094
19098
19112
19113
19121
19127
19139
19144
19157
19160
19166
19179
19187
19194
19214
19221
19237
19253
19291
19298
19303
19305
19325
19326
19327
19329
19339
19342
19357
19361
19367
19381
19393
19405
19426
19427
19428
19446
19453
19487
19489
19490
19491
19517
19528
19538
19542
19546
19556
19560
19562
19566
19573
19580
19590
19603
19607
19617
19632
19635
19643
19646
19664
19672
19673
19677
19695
19696
19699
19705
19714
19715
19721
19722
19727
19734
19735
19748
19764
19783
19797
19799
19810
19818
19825
19826
19835
19841
19849
19850
19876
19880
19898
19900
19903
19904
19919
19934
19943
19948
19954
19979
19984
19991
20001
20021
20029
20033
20052
20056
20065
20072
20074
20077
20078
20079
20108
20114
20122
20125
20133
20137
20141
20157
20158
20207
20241
20259
20277
20280
20286
20293
20320
20321
20323
20325
20329
20335
20348
20353
20371
20375
20403
20407
20408
20417
20427
20447
20454
20456
20460
20463
20470
20479
20492
20506
20520
20528
20544
20547
20551
20556
20566
20580
20583
20592
20605
20612
20619
20621
20628
20633
20642
20655
20657
20671
20676
20682
20703
20704
20709
20723
20727
20741
20744
20746
20750
20758
20764
20765
20787
20790
20805
20815
20825
20832
20849
20864
20866
20882
20888
20902
20926
20930
20933
20941
20945
20950
20953
20956
20958
20964
20977
20978
20983
20991
20999
21014
21021
21026
21028
21040
21047
21058
21059
21060
21068
21089
21097
21103
21129
21134
21142
21193
21194
21205
21206
21229
21233
21240
21245
21248
21251
21252
21256
21258
21271
21281
21283
21298
21302
21306
21322
21327
21332
21340
21347
21356
21362
21364
21366
21370
21386
21389
21394
21401
21403
21404
21430
21437
21446
21447
21451
21458
21468
21478
21479
21496
21498
21507
21512
21514
21522
21533
21542
21544
21578
21579
21584
21590
21597
21627
21638
21640
21644
21657
21658
21663
21666
21668
21678
21685
21687
21689
21695
21709
21713
21724
21730
21732
21733
21736
21769
21785
21795
21818
21826
21834
21864
21882
21886
21904
21905
21906
21917
21944
21959
21978
21983
21991
22021
22023
22027
22030
22043
22046
22047
22052
22056
22072
22087
22090
22103
22129
22178
22198
22199
22215
22219
22227
22234
22238
22243
22249
22260
22269
22291
22295
22322
22329
22339
22343
22369
22370
22372
22384
22385
22387
22389
22399
22405
22412
22414
22435
22458
22462
22471
22483
22486
22504
22513
22516
22519
22530
22539
22561
22562
22564
22571
22572
22576
22587
22603
22613
22614
22618
22634
22656
22658
22671
22703
22716
22717
22738
22747
22749
22762
22765
22772
22777
22793
22814
22827
22836
22839
22840
22845
22846
22854
22874
22881
22891
22895
22896
22899
22908
22924
22929
22934
22937
22940
22948
22967
22970
22974
22979
22982
22993
22995
23000
23001
23019
23022
23034
23052
23060
23072
23076
23080
23093
23097
23108
23112
23123
23124
23127
23129
23136
23151
23171
23177
23190
23203
23209
23210
23235
23254
23259
23273
23277
23291
23315
23317
23359
23365
23366
23371
23379
23396
23406
23412
23414
23418
23419
23425
23440
23447
23449
23453
23454
23465
23506
23513
23517
23528
23541
23544
23559
23561
23568
23592
23602
23615
23628
23629
23632
23635
23640
23649
23656
23671
23674
23681
23688
23690
23702
23707
23711
23728
23736
23754
23761
23762
23766
23773
23776
23790
23806
23809
23823
23825
23852
23857
23861
23869
23879
23893
23895
23897
23899
23909
23911
23923
23926
23965
23970
23971
23972
23980
23982
23993
24001
24008
24009
24019
24030
24031
24033
24036
24039
24050
24052
24056
24059
24062
24068
24070
24075
24093
24097
24100
24110
24114
24122
24123
24130
24142
24147
24148
24149
24150
24152
24159
24167
24170
24179
24185
24199
24210
24222
24234
24238
24245
24254
24262
24266
24294
24302
24305
24311
24321
24329
24330
24332
24347
24361
24366
24384
24386
24413
24418
24423
24425
24430
24435
24471
24475
24482
24493
24513
24516
24522
24524
24534
24545
24548
24549
24560
24562
24574
24580
24584
24587
24589
24598
24612
24614
24650
24660
24664
24673
24712
24719
24720
24733
24737
24743
24749
24751
24772
24775
24781
24810
24812
24821
24822
24825
24884
24921
24925
24927
24930
24933
24942
24954
24965
24966
24968
24981
24987
24992
24998
25001
25051
25054
25074
25083
25094
25104
25112
25115
25116
25122
25130
25143
25155
25182
25198
25245
25255
25265
25268
25285
25304
25305
25318
25324
25327
25331
25340
25346
25348
25382
25408
25412
25443
25445
25447
25454
25477
25481
25491
25493
25516
25529
25537
25541
25566
25598
25603
25615
25616
25621
25646
25648
25653
25667
25673
25675
25678
25701
25719
25721
25735
25740
25753
25773
25786
25813
25816
25819
25830
25851
25863
25865
25876
25878
25886
25897
25900
25935
25936
25941
25942
25956
25959
25966
25967
25981
25982
25989
25997
25998
26002
26024
26031
26033
26035
26043
26049
26051
26069
26079
26082
26098
26129
26139
26152
26158
26166
26194
26224
26235
26237
26249
26254
26257
26258
26265
26268
26274
26282
26283
26284
26287
26288
26294
26296
26327
26338
26352
26354
26355
26365
26366
26368
26371
26391
26408
26412
26420
26423
26424
26429
26432
26433
26435
26441
26442
26443
26458
26461
26464
26473
26494
26508
26524
26525
26528
26529
26534
26541
26544
26548
26549
26556
26559
26567
26568
26589
26592
26647
26650
26658
26659
26671
26673
26674
26691
26699
26701
26705
26724
26741
26743
26750
26765
26770
26776
26785
26792
26798
26821
26823
26828
26833
26834
26837
26840
26862
26866
26870
26887
26891
26894
26903
26907
26909
26920
26925
26927
26940
26948
26955
26962
26970
26980
26987
26991
27001
27008
27015
27017
27018
27019
27024
27031
27045
27075
27076
27085
27086
27107
27114
27133
27134
27139
27169
27173
27177
27183
27185
27204
27213
27218
27219
27226
27245
27251
27255
27261
27265
27275
27281
27283
27286
27295
27310
27314
27334
27359
27362
27370
27381
27395
27401
27405
27414
27415
27418
27419
27444
27446
27457
27465
27470
27474
27475
27476
27477
27500
27501
27502
27520
27526
27529
27531
27551
27567
27568
27573
27587
27592
27601
27603
27609
27623
27628
27642
27646
27653
27655
27659
27661
27662
27663
27676
27679
27680
27682
27689
27693
27707
27709
27720
27726
27745
27751
27753
27757
27761
27779
27780
27785
27790
27794
27807
27813
27822
27826
27830
27836
27851
27880
27885
27896
27900
27903
27936
27941
27958
27967
27973
27978
27982
27988
27990
27998
28001
28014
28018
28021
28023
28025
28026
28029
28030
28037
28076
28079
28098
28110
28121
28122
28130
28133
28145
28148
28151
28157
28186
28211
28226
28241
28251
28271
28282
28290
28292
28297
28310
28314
28316
28325
28337
28351
28353
28356
28358
28360
28369
28379
28390
28412
28430
28436
28445
28452
28472
28489
28500
28504
28510
28514
28515
28520
28525
28528
28531
28534
28538
28549
28564
28568
28569
28578
28580
28586
28590
28593
28603
28607
28616
28621
28641
28645
28665
28682
28685
28691
28697
28706
28710
28715
28728
28744
28746
28747
28748
28761
28774
28775
28777
28778
28797
28799
28802
28816
28829
28856
28863
28884
28886
28890
28901
28927
28943
28983
28990
28993
29012
29013
29016
29027
29030
29049
29058
29075
29078
29083
29087
29088
29097
29103
29109
29110
29113
29124
29128
29129
29130
29131
29145
29148
29156
29157
29163
29178
29182
29188
29189
29202
29210
29212
29214
29218
29224
29225
29233
29249
29259
29277
29308
29334
29339
29367
29376
29390
29399
29408
29419
29420
29424
29431
29432
29450
29462
29465
29476
29511
29528
29529
29550
29554
29555
29584
29587
29646
29649
29652
29663
29671
29698
29721
29723
29737
29739
29741
29743
29752
29765
29775
29781
29783
29803
29823
29826
29832
29843
29859
29881
29884
29893
29922
29928
29946
29960
29961
29982
29984
29987
29993
