18
19
43
48
98
133
142
160
161
179
195
200
222
248
250
277
278
300
345
346
347
351
354
355
385
409
414
420
433
446
458
476
486
488
489
490
499
514
532
534
538
543
547
553
584
600
610
618
634
648
656
658
661
663
694
696
701
736
737
764
773
778
783
800
802
812
816
837
844
850
873
878
889
904
915
925
945
947
988
992
1006
1016
1017
1019
1026
1028
1034
1038
1067
1070
1093
1115
1116
1120
1129
1148
1154
1158
1182
1202
1203
1222
1252
1258
1259
1264
1267
1271
1281
1285
1289
1292
1294
1299
1305
1308
1311
1324
1336
1337
1342
1353
1357
1383
1393
1396
1404
1416
1464
1466
1469
1475
1483
1490
1494
1525
1538
1539
1549
1553
1564
1580
1604
1605
1608
1609
1639
1661
1672
1673
1709
1712
1740
1756
1759
1780
1783
1784
1795
1799
1803
1814
1815
1829
1852
1859
1861
1865
1878
1885
1900
1902
1917
1941
1954
1969
1972
2018
2024
2029
2043
2045
2075
2081
2111
2147
2152
2155
2164
2174
2198
2219
2232
2250
2251
2256
2263
2267
2282
2288
2291
2292
2303
2310
2332
2338
2380
2410
2436
2441
2443
2456
2480
2486
2487
2499
2505
2523
2531
2538
2565
2573
2575
2577
2585
2590
2591
2616
2636
2640
2644
2653
2664
2667
2675
2682
2730
2738
2751
2758
2761
2769
2783
2792
2795
2796
2803
2804
2813
2814
2816
2823
2830
2834
2841
2854
2868
2883
2887
2892
2905
2910
2913
2918
2919
2925
2927
2948
2965
2997
3002
3010
3037
3044
3053
3056
3075
3103
3115
3123
3137
3142
3146
3147
3149
3152
3159
3160
3163
3165
3176
3207
3208
3222
3226
3233
3246
3258
3260
3269
3280
3301
3306
3320
3328
3341
3342
3350
3359
3405
3409
3411
3435
3451
3466
3476
3501
3502
3514
3517
3525
3531
3534
3542
3559
3576
3580
3585
3589
3599
3611
3633
3638
3647
3655
3667
3681
3689
3693
3694
3705
3712
3727
3731
3737
3743
3749
3758
3776
3778
3779
3816
3824
3827
3831
3847
3858
3880
3889
3895
3905
3913
3914
3916
3918
3936
3939
3950
3955
3960
3980
4012
4017
4023
4026
4046
4072
4078
4109
4114
4119
4122
4131
4133
4137
4138
4162
4163
4164
4168
4197
4200
4202
4238
4246
4250
4270
4286
4297
4344
4360
4400
4418
4422
4424
4428
4431
4471
4500
4501
4508
4533
4542
4546
4547
4556
4568
4571
4575
4602
4618
4620
4628
4643
4655
4659
4677
4679
4680
4691
4704
4708
4732
4733
4735
4749
4776
4780
4789
4795
4796
4852
4875
4876
4909
4922
4940
4973
5013
5017
5020
5041
5050
5080
5083
5089
5120
5124
5128
5144
5177
5194
5211
5226
5269
5274
5284
5302
5314
5323
5326
5351
5361
5367
5368
5369
5388
5394
5398
5411
5424
5434
5457
5496
5530
5541
5559
5561
5576
5580
5589
5610
5657
5664
5676
5682
5701
5706
5719
5723
5732
5743
5753
5754
5755
5781
5786
5789
5797
5798
5802
5806
5812
5825
5826
5857
5859
5864
5883
5884
5893
5898
5904
5922
5944
5946
5954
5998
6001
6033
6038
6055
6066
6067
6090
6099
6100
6106
6111
6119
6141
6162
6177
6190
6213
6223
6235
6241
6274
6317
6321
6339
6342
6353
6358
6365
6376
6420
6421
6430
6432
6437
6452
6506
6523
6537
6580
6581
6601
6602
6605
6608
6612
6618
6619
6621
6622
6641
6666
6669
6673
6708
6737
6742
6762
6773
6799
6813
6841
6854
6862
6864
6871
6879
6923
6960
6963
6992
7014
7016
7017
7068
7098
7109
7121
7126
7140
7156
7171
7191
7207
7249
7265
7283
7328
7331
7343
7347
7353
7354
7361
7375
7384
7414
7420
7427
7434
7445
7452
7464
7473
7487
7490
7495
7499
7501
7519
7542
7544
7545
7548
7551
7553
7566
7570
7592
7595
7608
7621
7627
7631
7637
7642
7656
7670
7681
7720
7724
7728
7733
7734
7777
7792
7796
7825
7838
7845
7859
7866
7877
7893
7928
7929
7945
7946
7948
7968
7988
8020
8023
8024
8025
8041
8043
8045
8053
8072
8074
8082
8086
8146
8157
8177
8184
8190
8198
8231
8257
8284
8290
8336
8339
8343
8362
8376
8383
8385
8391
8392
8396
8401
8405
8418
8436
8460
8463
8499
8513
8515
8533
8542
8558
8584
8587
8593
8624
8636
8654
8667
8674
8680
8681
8685
8691
8700
8723
8736
8737
8767
8771
8779
8787
8812
8817
8819
8823
8848
8856
8873
8877
8905
8918
8928
8936
8952
8961
8974
8979
8988
8995
9007
9032
9035
9042
9055
9058
9060
9065
9078
9089
9097
9098
9109
9110
9115
9126
9129
9138
9147
9148
9159
9169
9184
9186
9228
9229
9237
9330
9333
9355
9359
9378
9383
9397
9405
9446
9452
9464
9475
9480
9507
9534
9543
9562
9583
9596
9600
9613
9616
9628
9630
9639
9642
9659
9660
9675
9683
9687
9697
9717
9721
9722
9724
9729
9732
9744
9757
9789
9801
9811
9816
9820
9830
9844
9863
9883
9895
9899
9912
9919
9920
9927
9928
9942
9973
9975
9997
10006
10018
10026
10042
10051
10056
10058
10080
10082
10083
10096
10105
10114
10143
10147
10156
10187
10202
10211
10212
10224
10239
10240
10243
10274
10308
10325
10331
10333
10352
10371
10375
10395
10410
10415
10417
10429
10436
10439
10450
10456
10462
10476
10489
10507
10524
10543
10548
10554
10561
10575
10587
10656
10668
10708
10750
10799
10832
10833
10842
10843
10874
10881
10886
10900
10902
10909
10932
10946
10958
10964
10969
10972
10979
10988
10991
10992
11010
11050
11051
11070
11074
11087
11094
11096
11127
11130
11131
11159
11168
11204
11217
11227
11231
11247
11272
11274
11283
11295
11299
11303
11306
11307
11320
11329
11333
11343
11356
11377
11432
11465
11480
11493
11496
11514
11519
11523
11543
11545
11558
11561
11568
11579
11597
11607
11609
11638
11644
11663
11672
11675
11678
11680
11681
11682
11683
11714
11719
11724
11766
11769
11781
11800
11807
11810
11814
11815
11816
11856
11866
11870
11880
11885
11887
11931
11944
11945
11951
11960
11972
11980
11993
11996
12008
12010
12016
12021
12046
12066
12098
12105
12142
12148
12165
12201
12208
12226
12230
12268
12295
12302
12308
12312
12317
12343
12348
12371
12380
12452
12455
12474
12486
12489
12495
12504
12509
12518
12535
12545
12552
12564
12583
12596
12598
12601
12619
12636
12642
12668
12722
12727
12776
12795
12796
12800
12827
12895
12923
12947
12968
12971
12974
12977
12978
12989
12994
13022
13055
13083
13108
13131
13156
13169
13201
13209
13220
13228
13248
13257
13271
13299
13301
13354
13359
13375
13376
13379
13385
13429
13440
13459
13472
13495
13502
13505
13511
13525
13526
13535
13562
13566
13579
13602
13616
13619
13621
13623
13634
13642
13660
13671
13684
13691
13694
13698
13729
13736
13753
13758
13802
13826
13837
13869
13871
13905
13928
14021
14039
14060
14063
14070
14079
14084
14115
14132
14135
14177
14187
14216
14235
14245
14250
14263
14266
14271
14301
14310
14311
14318
14322
14324
14325
14330
14332
14338
14368
14391
14393
14395
14417
14422
14445
14446
14463
14464
14465
14493
14500
14517
14537
14553
14564
14574
14595
14601
14640
14644
14662
14669
14671
14688
14705
14706
14736
14737
14745
14754
14761
14763
14768
14790
14811
14825
14861
14886
14902
14913
14917
14950
14970
14976
14978
14988
14995
15001
15006
15034
15047
15051
15067
15091
15097
15099
15112
15116
15131
15145
15152
15170
15171
15193
15201
15203
15230
15238
15253
15265
15278
15293
15317
15318
15322
15343
15344
15346
15358
15374
15420
15495
15499
15509
15533
15535
15552
15558
15568
15575
15578
15617
15623
15635
15641
15649
15651
15659
15661
15663
15665
15684
15685
15693
15726
15735
15746
15754
15758
15770
15773
15776
15789
15791
15804
15821
15844
15857
15868
15882
15886
15888
15907
15924
15929
15943
15957
15962
15988
15994
16026
16055
16061
16081
16089
16111
16119
16138
16151
16177
16197
16212
16226
16246
16276
16280
16288
16297
16331
16338
16345
16346
16351
16379
16382
16393
16397
16400
16404
16412
16417
16418
16421
16424
16433
16434
16437
16448
16451
16459
16460
16466
16478
16485
16488
16490
16496
16499
16507
16521
16522
16529
16532
16563
16566
16582
16592
16599
16609
16612
16616
16641
16716
16754
16759
16761
16769
16775
16781
16790
16805
16825
16835
16839
16850
16861
16879
16881
16921
16926
16939
16966
16973
16982
16994
17002
17006
17007
17030
17038
17040
17059
17060
17062
17083
17086
17098
17105
17110
17150
17152
17157
17158
17162
17169
17180
17185
17188
17197
17218
17222
17230
17231
17273
17276
17279
17281
17294
17326
17327
17348
17353
17360
17362
17364
17374
17376
17382
17394
17426
17439
17442
17444
17451
17461
17465
17470
17478
17482
17490
17501
17519
17521
17541
17557
17573
17584
17593
17598
17600
17602
17605
17611
17613
17615
17626
17628
17643
17647
17656
17682
17684
17691
17695
17715
17718
17724
17745
17765
17775
17797
17812
17816
17830
17854
17883
17887
17890
17904
17935
17938
17939
17950
17969
17972
17979
17986
17996
18005
18006
18011
18026
18056
18059
18120
18131
18140
18150
18213
18216
18221
18234
18250
18282
18286
18287
18289
18292
18299
18309
18340
18347
18369
18372
18400
18403
18407
18410
18413
18437
18442
18460
18497
18499
18527
18529
18535
18550
18560
18566
18573
18575
18580
18583
18590
18607
18614
18627
18640
18658
18671
18680
18688
18702
18707
18729
18731
18741
18772
18775
18792
18798
18801
18802
18861
18868
18893
18899
18914
18916
18932
18934
18939
18965
18966
18975
18981
18986
19007
19073
19094
19121
19124
19134
19146
19163
19167
19186
19192
19195
19209
19212
19215
19221
19223
19261
19263
19267
19269
19274
19283
19295
19309
19321
19357
19360
19362
19375
19376
19408
19438
19456
19457
19462
19487
19489
19515
19537
19539
19577
19583
19637
19649
19652
19667
19678
19680
19683
19700
19704
19708
19714
19743
19747
19758
19770
19776
19812
19854
19855
19871
19880
19884
19886
19898
19899
19902
19911
19922
19934
19941
19948
19950
19961
19973
19979
19981
19983
19985
20035
20044
20046
20063
20069
20075
20076
20082
20087
20101
20131
20139
20142
20163
20171
20172
20176
20184
20188
20191
20203
20207
20215
20220
20227
20228
20248
20268
20277
20279
20285
20296
20301
20303
20305
20321
20348
20350
20359
20361
20368
20375
20376
20393
20399
20403
20407
20408
20432
20456
20465
20473
20474
20477
20487
20501
20506
20518
20522
20529
20534
20574
20576
20580
20581
20584
20585
20588
20599
20612
20621
20680
20683
20699
20703
20728
20733
20760
20800
20801
20833
20853
20861
20892
20896
20911
20924
20930
20944
20958
20987
20989
20993
21014
21017
21018
21030
21058
21064
21068
21069
21079
21081
21087
21091
21092
21101
21117
21118
21120
21125
21130
21137
21145
21165
21170
21183
21192
21197
21205
21216
21219
21238
21241
21260
21278
21287
21325
21343
21353
21358
21363
21375
21404
21407
21425
21436
21443
21449
21494
21504
21542
21549
21572
21592
21628
21644
21680
21690
21702
21720
21754
21760
21775
21781
21786
21803
21809
21848
21875
21910
21917
21933
21940
21948
21974
21988
22024
22025
22040
22041
22042
22046
22051
22060
22065
22066
22091
22100
22101
22106
22116
22118
22124
22141
22149
22152
22155
22180
22187
22192
22204
22218
22220
22226
22227
22243
22275
22310
22317
22320
22334
22341
22356
22360
22368
22369
22397
22418
22421
22422
22423
22468
22473
22481
22484
22488
22496
22500
22518
22521
22551
22608
22615
22629
22630
22632
22646
22654
22655
22656
22663
22673
22697
22699
22702
22707
22721
22741
22743
22750
22775
22779
22781
22785
22802
22841
22851
22866
22869
22889
22899
22942
22986
23002
23017
23018
23060
23069
23075
23080
23090
23093
23104
23107
23132
23146
23166
23172
23174
23181
23211
23226
23227
23228
23238
23242
23247
23250
23257
23260
23271
23283
23284
23285
23294
23309
23336
23339
23344
23349
23356
23358
23372
23377
23380
23383
23386
23397
23403
23404
23414
23420
23424
23435
23450
23470
23475
23479
23481
23487
23524
23534
23535
23536
23541
23542
23547
23567
23577
23598
23621
23622
23629
23641
23642
23654
23671
23673
23685
23707
23714
23715
23736
23737
23744
23753
23758
23772
23776
23782
23784
23803
23812
23817
23833
23842
23861
23871
23873
23876
23884
23888
23890
23898
23900
23943
23949
23998
24003
24005
24013
24037
24044
24068
24088
24098
24106
24143
24169
24182
24184
24187
24199
24200
24218
24225
24227
24252
24254
24260
24266
24271
24282
24349
24361
24364
24391
24395
24408
24418
24421
24435
24447
24472
24481
24488
24489
24491
24513
24520
24531
24534
24576
24580
24599
24609
24611
24613
24616
24628
24634
24635
24660
24678
24679
24692
24703
24725
24732
24739
24749
24753
24767
24769
24772
24792
24799
24804
24814
24819
24831
24838
24872
24873
24876
24884
24914
24933
24935
24936
24950
24951
24960
24966
24981
25001
25002
25008
25027
25045
25059
25060
25063
25068
25087
25092
25117
25118
25150
25161
25162
25169
25177
25193
25196
25204
25208
25215
25217
25224
25240
25268
25278
25291
25296
25325
25327
25347
25380
25383
25387
25427
25456
25459
25463
25479
25487
25490
25503
25505
25525
25537
25548
25553
25564
25580
25581
25591
25599
25604
25628
25636
25645
25646
25649
25653
25665
25666
25668
25679
25690
25708
25714
25730
25734
25736
25740
25753
25770
25777
25781
25796
25813
25818
25827
25849
25860
25868
25870
25878
25903
25904
25910
25914
25934
25971
25977
25981
26012
26021
26039
26068
26086
26095
26116
26118
26124
26131
26143
26151
26193
26200
26223
26228
26236
26296
26308
26311
26312
26317
26322
26328
26371
26413
26418
26426
26431
26433
26448
26455
26494
26495
26510
26536
26575
26587
26612
26621
26625
26630
26636
26655
26660
26665
26670
26674
26684
26688
26702
26719
26744
26759
26762
26785
26793
26800
26818
26821
26838
26839
26859
26884
26886
26887
26893
26899
26901
26906
26920
26930
26935
26955
26967
26994
27014
27043
27048
27059
27080
27092
27105
27157
27166
27168
27177
27189
27198
27205
27237
27242
27288
27295
27305
27310
27315
27326
27327
27332
27350
27352
27383
27396
27419
27420
27446
27457
27472
27512
27524
27525
27526
27537
27542
27545
27547
27586
27603
27621
27637
27644
27656
27657
27670
27675
27693
27694
27698
27708
27728
27751
27764
27777
27789
27802
27811
27833
27842
27843
27849
27852
27866
27906
27920
27922
27942
27944
27960
27966
27969
27983
27988
27991
28010
28015
28037
28042
28061
28078
28080
28083
28091
28115
28120
28146
28155
28168
28178
28207
28209
28235
28243
28256
28269
28274
28283
28305
28306
28316
28341
28344
28346
28362
28363
28371
28403
28407
28421
28432
28465
28482
28495
28503
28510
28515
28528
28538
28547
28575
28584
28605
28607
28650
28667
28676
28703
28737
28739
28740
28745
28773
28774
28794
28814
28824
28829
28840
28852
28860
28871
28882
28897
28911
28913
28920
28925
28940
28988
28999
29006
29016
29024
29034
29040
29041
29046
29065
29072
29073
29086
29095
29099
29113
29115
29155
29171
29173
29178
29187
29198
29234
29245
29247
29254
29256
29289
29296
29302
29334
29340
29342
29348
29358
29410
29462
29466
29496
29497
29509
29511
29512
29514
29531
29553
29564
29573
29598
29624
29629
29633
29639
29643
29652
29675
29679
29682
29690
29698
29701
29713
29714
29721
29727
29738
29741
29743
29782
29797
29802
29817
29830
29836
29843
29863
29872
29878
29893
29904
29906
29918
29941
29959
29961
29964
29977
29985
29989
--------
18
19
43
48
98
133
142
160
161
179
195
200
222
248
250
277
278
300
345
346
347
351
354
355
385
409
414
420
433
446
458
476
486
488
489
490
499
514
532
534
538
543
547
553
584
600
610
618
634
648
656
658
661
663
694
696
701
736
737
764
773
778
783
800
802
812
816
837
844
850
873
878
889
904
915
925
945
947
988
992
1006
1016
1017
1019
1026
1028
1034
1038
1067
1070
1093
1115
1116
1120
1129
1148
1154
1158
1182
1202
1203
1222
1252
1258
1259
1264
1267
1271
1281
1285
1289
1292
1294
1299
1305
1308
1311
1324
1336
1337
1342
1353
1357
1383
1393
1396
1404
1416
1464
1466
1469
1475
1483
1490
1494
1525
1538
1539
1549
1553
1564
1580
1604
1605
1608
1609
1639
1661
1672
1673
1709
1712
1740
1756
1759
1780
1783
1784
1795
1799
1803
1814
1815
1829
1852
1859
1861
1865
1878
1885
1900
1902
1917
1941
1954
1969
1972
2018
2024
2029
2043
2045
2075
2081
2111
2147
2152
2155
2164
2174
2198
2219
2232
2250
2251
2256
2263
2267
2282
2288
2291
2292
2303
2310
2332
2338
2380
2410
2436
2441
2443
2456
2480
2486
2487
2499
2505
2523
2531
2538
2565
2573
2575
2577
2585
2590
2591
2616
2636
2640
2644
2653
2664
2667
2675
2682
2730
2738
2751
2758
2761
2769
2783
2792
2795
2796
2803
2804
2813
2814
2816
2823
2830
2834
2841
2854
2868
2883
2887
2892
2905
2910
2913
2918
2919
2925
2927
2948
2965
2997
3002
3010
3037
3044
3053
3056
3075
3103
3115
3123
3137
3142
3146
3147
3149
3152
3159
3160
3163
3165
3176
3207
3208
3222
3226
3233
3246
3258
3260
3269
3280
3301
3306
3320
3328
3341
3342
3350
3359
3405
3409
3411
3435
3451
3466
3476
3501
3502
3514
3517
3525
3531
3534
3542
3559
3576
3580
3585
3589
3599
3611
3633
3638
3647
3655
3667
3681
3689
3693
3694
3705
3712
3727
3731
3737
3743
3749
3758
3776
3778
3779
3816
3824
3827
3831
3847
3858
3880
3889
3895
3905
3913
3914
3916
3918
3936
3939
3950
3955
3960
3980
4012
4017
4023
4026
4046
4072
4078
4109
4114
4119
4122
4131
4133
4137
4138
4162
4163
4164
4168
4197
4200
4202
4238
4246
4250
4270
4286
4297
4344
4360
4400
4418
4422
4424
4428
4431
4471
4500
4501
4508
4533
4542
4546
4547
4556
4568
4571
4575
4602
4618
4620
4628
4643
4655
4659
4677
4679
4680
4691
4704
4708
4732
4733
4735
4749
4776
4780
4789
4795
4796
4852
4875
4876
4909
4922
4940
4973
5013
5017
5020
5041
5050
5080
5083
5089
5120
5124
5128
5144
5177
5194
5211
5226
5269
5274
5284
5302
5314
5323
5326
5351
5361
5367
5368
5369
5388
5394
5398
5411
5424
5434
5457
5496
5530
5541
5559
5561
5576
5580
5589
5610
5657
5664
5676
5682
5701
5706
5719
5723
5732
5743
5753
5754
5755
5781
5786
5789
5797
5798
5802
5806
5812
5825
5826
5857
5859
5864
5883
5884
5893
5898
5904
5922
5944
5946
5954
5998
6001
6033
6038
6055
6066
6067
6090
6099
6100
6106
6111
6119
6141
6162
6177
6190
6213
6223
6235
6241
6274
6317
6321
6339
6342
6353
6358
6365
6376
6420
6421
6430
6432
6437
6452
6506
6523
6537
6580
6581
6601
6602
6605
6608
6612
6618
6619
6621
6622
6641
6666
6669
6673
6708
6737
6742
6762
6773
6799
6813
6841
6854
6862
6864
6871
6879
6923
6960
6963
6992
7014
7016
7017
7068
7098
7109
7121
7126
7140
7156
7171
7191
7207
7249
7265
7283
7328
7331
7343
7347
7353
7354
7361
7375
7384
7414
7420
7427
7434
7445
7452
7464
7473
7487
7490
7495
7499
7501
7519
7542
7544
7545
7548
7551
7553
7566
7570
7592
7595
7608
7621
7627
7631
7637
7642
7656
7670
7681
7720
7724
7728
7733
7734
7777
7792
7796
7825
7838
7845
7859
7866
7877
7893
7928
7929
7945
7946
7948
7968
7988
8020
8023
8024
8025
8041
8043
8045
8053
8072
8074
8082
8086
8146
8157
8177
8184
8190
8198
8231
8257
8284
8290
8336
8339
8343
8362
8376
8383
8385
8391
8392
8396
8401
8405
8418
8436
8460
8463
8499
8513
8515
8533
8542
8558
8584
8587
8593
8624
8636
8654
8667
8674
8680
8681
8685
8691
8700
8723
8736
8737
8767
8771
8779
8787
8812
8817
8819
8823
8848
8856
8873
8877
8905
8918
8928
8936
8952
8961
8974
8979
8988
8995
9007
9032
9035
9042
9055
9058
9060
9065
9078
9089
9097
9098
9109
9110
9115
9126
9129
9138
9147
9148
9159
9169
9184
9186
9228
9229
9237
9330
9333
9355
9359
9378
9383
9397
9405
9446
9452
9464
9475
9480
9507
9534
9543
9562
9583
9596
9600
9613
9616
9628
9630
9639
9642
9659
9660
9675
9683
9687
9697
9717
9721
9722
9724
9729
9732
9744
9757
9789
9801
9811
9816
9820
9830
9844
9863
9883
9895
9899
9912
9919
9920
9927
9928
9942
9973
9975
9997
10006
10018
10026
10042
10051
10056
10058
10080
10082
10083
10096
10105
10114
10143
10147
10156
10187
10202
10211
10212
10224
10239
10240
10243
10274
10308
10325
10331
10333
10352
10371
10375
10395
10410
10415
10417
10429
10436
10439
10450
10456
10462
10476
10489
10507
10524
10543
10548
10554
10561
10575
10587
10656
10668
10708
10750
10799
10832
10833
10842
10843
10874
10881
10886
10900
10902
10909
10932
10946
10958
10964
10969
10972
10979
10988
10991
10992
11010
11050
11051
11070
11074
11087
11094
11096
11127
11130
11131
11159
11168
11204
11217
11227
11231
11247
11272
11274
11283
11295
11299
11303
11306
11307
11320
11329
11333
11343
11356
11377
11432
11465
11480
11493
11496
11514
11519
11523
11543
11545
11558
11561
11568
11579
11597
11607
11609
11638
11644
11663
11672
11675
11678
11680
11681
11682
11683
11714
11719
11724
11766
11769
11781
11800
11807
11810
11814
11815
11816
11856
11866
11870
11880
11885
11887
11931
11944
11945
11951
11960
11972
11980
11993
11996
12008
12010
12016
12021
12046
12066
12098
12105
12142
12148
12165
12201
12208
12226
12230
12268
12295
12302
12308
12312
12317
12343
12348
12371
12380
12452
12455
12474
12486
12489
12495
12504
12509
12518
12535
12545
12552
12564
12583
12596
12598
12601
12619
12636
12642
12668
12722
12727
12776
12795
12796
12800
12827
12895
12923
12947
12968
12971
12974
12977
12978
12989
12994
13022
13055
13083
13108
13131
13156
13169
13201
13209
13220
13228
13248
13257
13271
13299
13301
13354
13359
13375
13376
13379
13385
13429
13440
13459
13472
13495
13502
13505
13511
13525
13526
13535
13562
13566
13579
13602
13616
13619
13621
13623
13634
13642
13660
13671
13684
13691
13694
13698
13729
13736
13753
13758
13802
13826
13837
13869
13871
13905
13928
14021
14039
14060
14063
14070
14079
14084
14115
14132
14135
14177
14187
14216
14235
14245
14250
14263
14266
14271
14301
14310
14311
14318
14322
14324
14325
14330
14332
14338
14368
14391
14393
14395
14417
14422
14445
14446
14463
14464
14465
14493
14500
14517
14537
14553
14564
14574
14595
14601
14640
14644
14662
14669
14671
14688
14705
14706
14736
14737
14745
14754
14761
14763
14768
14790
14811
14825
14861
14886
14902
14913
14917
14950
14970
14976
14978
14988
14995
15001
15006
15034
15047
15051
15067
15091
15097
15099
15112
15116
15131
15145
15152
15170
15171
15193
15201
15203
15230
15238
15253
15265
15278
15293
15317
15318
15322
15343
15344
15346
15358
15374
15420
15495
15499
15509
15533
15535
15552
15558
15568
15575
15578
15617
15623
15635
15641
15649
15651
15659
15661
15663
15665
15684
15685
15693
15726
15735
15746
15754
15758
15770
15773
15776
15789
15791
15804
15821
15844
15857
15868
15882
15886
15888
15907
15924
15929
15943
15957
15962
15988
15994
16026
16055
16061
16081
16089
16111
16119
16138
16151
16177
16197
16212
16226
16246
16276
16280
16288
16297
16331
16338
16345
16346
16351
16379
16382
16393
16397
16400
16404
16412
16417
16418
16421
16424
16433
16434
16437
16448
16451
16459
16460
16466
16478
16485
16488
16490
16496
16499
16507
16521
16522
16529
16532
16563
16566
16582
16592
16599
16609
16612
16616
16641
16716
16754
16759
16761
16769
16775
16781
16790
16805
16825
16835
16839
16850
16861
16879
16881
16921
16926
16939
16966
16973
16982
16994
17002
17006
17007
17030
17038
17040
17059
17060
17062
17083
17086
17098
17105
17110
17150
17152
17157
17158
17162
17169
17180
17185
17188
17197
17218
17222
17230
17231
17273
17276
17279
17281
17294
17326
17327
17348
17353
17360
17362
17364
17374
17376
17382
17394
17426
17439
17442
17444
17451
17461
17465
17470
17478
17482
17490
17501
17519
17521
17541
17557
17573
17584
17593
17598
17600
17602
17605
17611
17613
17615
17626
17628
17643
17647
17656
17682
17684
17691
17695
17715
17718
17724
17745
17765
17775
17797
17812
17816
17830
17854
17883
17887
17890
17904
17935
17938
17939
17950
17969
17972
17979
17986
17996
18005
18006
18011
18026
18056
18059
18120
18131
18140
18150
18213
18216
18221
18234
18250
18282
18286
18287
18289
18292
18299
18309
18340
18347
18369
18372
18400
18403
18407
18410
18413
18437
18442
18460
18497
18499
18527
18529
18535
18550
18560
18566
18573
18575
18580
18583
18590
18607
18614
18627
18640
18658
18671
18680
18688
18702
18707
18729
18731
18741
18772
18775
18792
18798
18801
18802
18861
18868
18893
18899
18914
18916
18932
18934
18939
18965
18966
18975
18981
18986
19007
19073
19094
19121
19124
19134
19146
19163
19167
19186
19192
19195
19209
19212
19215
19221
19223
19261
19263
19267
19269
19274
19283
19295
19309
19321
19357
19360
19362
19375
19376
19408
19438
19456
19457
19462
19487
19489
19515
19537
19539
19577
19583
19637
19649
19652
19667
19678
19680
19683
19700
19704
19708
19714
19743
19747
19758
19770
19776
19812
19854
19855
19871
19880
19884
19886
19898
19899
19902
19911
19922
19934
19941
19948
19950
19961
19973
19979
19981
19983
19985
20035
20044
20046
20063
20069
20075
20076
20082
20087
20101
20131
20139
20142
20163
20171
20172
20176
20184
20188
20191
20203
20207
20215
20220
20227
20228
20248
20268
20277
20279
20285
20296
20301
20303
20305
20321
20348
20350
20359
20361
20368
20375
20376
20393
20399
20403
20407
20408
20432
20456
20465
20473
20474
20477
20487
20501
20506
20518
20522
20529
20534
20574
20576
20580
20581
20584
20585
20588
20599
20612
20621
20680
20683
20699
20703
20728
20733
20760
20800
20801
20833
20853
20861
20892
20896
20911
20924
20930
20944
20958
20987
20989
20993
21014
21017
21018
21030
21058
21064
21068
21069
21079
21081
21087
21091
21092
21101
21117
21118
21120
21125
21130
21137
21145
21165
21170
21183
21192
21197
21205
21216
21219
21238
21241
21260
21278
21287
21325
21343
21353
21358
21363
21375
21404
21407
21425
21436
21443
21449
21494
21504
21542
21549
21572
21592
21628
21644
21680
21690
21702
21720
21754
21760
21775
21781
21786
21803
21809
21848
21875
21910
21917
21933
21940
21948
21974
21988
22024
22025
22040
22041
22042
22046
22051
22060
22065
22066
22091
22100
22101
22106
22116
22118
22124
22141
22149
22152
22155
22180
22187
22192
22204
22218
22220
22226
22227
22243
22275
22310
22317
22320
22334
22341
22356
22360
22368
22369
22397
22418
22421
22422
22423
22468
22473
22481
22484
22488
22496
22500
22518
22521
22551
22608
22615
22629
22630
22632
22646
22654
22655
22656
22663
22673
22697
22699
22702
22707
22721
22741
22743
22750
22775
22779
22781
22785
22802
22841
22851
22866
22869
22889
22899
22942
22986
23002
23017
23018
23060
23069
23075
23080
23090
23093
23104
23107
23132
23146
23166
23172
23174
23181
23211
23226
23227
23228
23238
23242
23247
23250
23257
23260
23271
23283
23284
23285
23294
23309
23336
23339
23344
23349
23356
23358
23372
23377
23380
23383
23386
23397
23403
23404
23414
23420
23424
23435
23450
23470
23475
23479
23481
23487
23524
23534
23535
23536
23541
23542
23547
23567
23577
23598
23621
23622
23629
23641
23642
23654
23671
23673
23685
23707
23714
23715
23736
23737
23744
23753
23758
23772
23776
23782
23784
23803
23812
23817
23833
23842
23861
23871
23873
23876
23884
23888
23890
23898
23900
23943
23949
23998
24003
24005
24013
24037
24044
24068
24088
24098
24106
24143
24169
24182
24184
24187
24199
24200
24218
24225
24227
24252
24254
24260
24266
24271
24282
24349
24361
24364
24391
24395
24408
24418
24421
24435
24447
24472
24481
24488
24489
24491
24513
24520
24531
24534
24576
24580
24599
24609
24611
24613
24616
24628
24634
24635
24660
24678
24679
24692
24703
24725
24732
24739
24749
24753
24767
24769
24772
24792
24799
24804
24814
24819
24831
24838
24872
24873
24876
24884
24914
24933
24935
24936
24950
24951
24960
24966
24981
25001
25002
25008
25027
25045
25059
25060
25063
25068
25087
25092
25117
25118
25150
25161
25162
25169
25177
25193
25196
25204
25208
25215
25217
25224
25240
25268
25278
25291
25296
25325
25327
25347
25380
25383
25387
25427
25456
25459
25463
25479
25487
25490
25503
25505
25525
25537
25548
25553
25564
25580
25581
25591
25599
25604
25628
25636
25645
25646
25649
25653
25665
25666
25668
25679
25690
25708
25714
25730
25734
25736
25740
25753
25770
25777
25781
25796
25813
25818
25827
25849
25860
25868
25870
25878
25903
25904
25910
25914
25934
25971
25977
25981
26012
26021
26039
26068
26086
26095
26116
26118
26124
26131
26143
26151
26193
26200
26223
26228
26236
26296
26308
26311
26312
26317
26322
26328
26371
26413
26418
26426
26431
26433
26448
26455
26494
26495
26510
26536
26575
26587
26612
26621
26625
26630
26636
26655
26660
26665
26670
26674
26684
26688
26702
26719
26744
26759
26762
26785
26793
26800
26818
26821
26838
26839
26859
26884
26886
26887
26893
26899
26901
26906
26920
26930
26935
26955
26967
26994
27014
27043
27048
27059
27080
27092
27105
27157
27166
27168
27177
27189
27198
27205
27237
27242
27288
27295
27305
27310
27315
27326
27327
27332
27350
27352
27383
27396
27419
27420
27446
27457
27472
27512
27524
27525
27526
27537
27542
27545
27547
27586
27603
27621
27637
27644
27656
27657
27670
27675
27693
27694
27698
27708
27728
27751
27764
27777
27789
27802
27811
27833
27842
27843
27849
27852
27866
27906
27920
27922
27942
27944
27960
27966
27969
27983
27988
27991
28010
28015
28037
28042
28061
28078
28080
28083
28091
28115
28120
28146
28155
28168
28178
28207
28209
28235
28243
28256
28269
28274
28283
28305
28306
28316
28341
28344
28346
28362
28363
28371
28403
28407
28421
28432
28465
28482
28495
28503
28510
28515
28528
28538
28547
28575
28584
28605
28607
28650
28667
28676
28703
28737
28739
28740
28745
28773
28774
28794
28814
28824
28829
28840
28852
28860
28871
28882
28897
28911
28913
28920
28925
28940
28988
28999
29006
29016
29024
29034
29040
29041
29046
29065
29072
29073
29086
29095
29099
29113
29115
29155
29171
29173
29178
29187
29198
29234
29245
29247
29254
29256
29289
29296
29302
29334
29340
29342
29348
29358
29410
29462
29466
29496
29497
29509
29511
29512
29514
29531
29553
29564
29573
29598
29624
29629
29633
29639
29643
29652
29675
29679
29682
29690
29698
29701
29713
29714
29721
29727
29738
29741
29743
29782
29797
29802
29817
29830
29836
29843
29863
29872
29878
29893
29904
29906
29918
29941
29959
29961
29964
29977
29985
29989
