17
71
139
151
162
168
316
349
387
389
397
408
412
426
432
491
528
548
574
588
605
674
676
753
777
799
822
841
882
888
906
907
1006
1044
1067
1147
1160
1232
1237
1293
1297
1312
1317
1363
1383
1389
1415
1421
1435
1445
1456
1468
1485
1489
1514
1536
1573
1607
1614
1680
1714
1750
1760
1762
1848
1912
1952
1989
2009
2072
2084
2115
2122
2187
2225
2254
2326
2403
2411
2503
2507
2587
2644
2695
2778
2824
2916
2919
2925
2939
3097
3098
3134
3140
3162
3178
3194
3202
3225
3242
3270
3271
3282
3285
3360
3366
3368
3443
3448
3492
3499
3508
3532
3534
3543
3560
3568
3600
3603
3654
3675
3772
3931
4064
4090
4128
4208
4214
4266
4335
4450
4511
4544
4607
4664
4680
4732
4752
4765
4838
4895
4899
4907
4911
4918
4924
4982
4998
5002
5014
5048
5139
5149
5182
5205
5212
5232
5240
5253
5256
5271
5328
5337
5368
5381
5409
5432
5455
5521
5558
5632
5637
5667
5681
5711
5743
5759
5829
5861
5886
5896
5963
5983
6003
6033
6118
6134
6168
6178
6211
6217
6218
6233
6249
6255
6300
6343
6360
6366
6411
6469
6496
6591
6593
6658
6683
6740
6774
6820
6893
6899
6918
6938
6954
6963
6965
6990
6998
7082
7121
7144
7156
7187
7195
7220
7268
7271
7418
7438
7455
7472
7556
7579
7581
7647
7663
7692
7732
7763
7819
7833
7890
7908
7917
7943
8019
8021
8027
8066
8186
8204
8293
8338
8359
8366
8386
8387
8403
8421
8483
8500
8553
8560
8601
8603
8805
8824
8878
8910
8926
8944
8985
9017
9081
9102
9156
9180
9254
9255
9346
9352
9367
9399
9432
9470
9475
9482
9589
9593
9606
9652
9713
9721
9747
9785
9831
9836
9839
9871
9928
9936
9968
10007
10009
10027
10040
10046
10071
10092
10110
10167
10213
10328
10339
10346
10375
10383
10385
10396
10440
10554
10560
10570
10594
10602
10628
10673
10695
10804
10815
10816
10907
10925
10952
11003
11145
11153
11158
11166
11198
11199
11208
11246
11248
11319
11362
11437
11444
11468
11515
11527
11543
11556
11581
11629
11639
11664
11682
11689
11696
11740
11759
11783
11818
11878
12030
12043
12092
12123
12175
12278
12302
12368
12375
12412
12456
12492
12584
12608
12682
12722
12771
12824
12854
12886
13002
13006
13020
13030
13081
13194
13212
13286
13300
13301
13305
13358
13382
13387
13411
13423
13447
13470
13527
13536
13557
13589
13602
13604
13608
13615
13632
13647
13724
13730
13744
13772
13788
13845
13850
13916
13987
14030
14040
14057
14060
14067
14069
14094
14177
14236
14270
14328
14346
14348
14361
14420
14448
14485
14498
14538
14551
14553
14557
14560
14579
14609
14706
14717
14736
14778
14785
14792
15106
15108
15121
15170
15233
15262
15289
15328
15388
15412
15420
15439
15443
15469
15477
15581
15592
15634
15667
15675
15686
15695
15795
15897
15968
16002
16098
16099
16116
16142
16224
16289
16303
16314
16319
16326
16339
16364
16417
16427
16455
16468
16487
16502
16561
16584
16614
16664
16684
16690
16725
16741
16843
16892
16918
16919
16976
16979
17090
17094
17293
17300
17317
17333
17360
17402
17504
17517
17608
17628
17645
17677
17721
17734
17766
17810
17857
17900
17935
17991
18049
18061
18062
18080
18149
18155
18166
18175
18216
18221
18247
18274
18285
18314
18328
18339
18353
18378
18430
18479
18497
18505
18589
18599
18601
18613
18660
18669
18675
18683
18690
18697
18716
18720
18730
18830
18837
18859
18884
18902
18912
18921
19139
19180
19210
19224
19230
19326
19346
19358
19359
19398
19402
19405
19501
19540
19611
19623
19629
19635
19694
19708
19873
19894
19909
19930
19936
19991
20048
20091
20096
20099
20171
20216
20221
20311
20344
20388
20417
20425
20455
20517
20531
20579
20619
20627
20665
20731
20772
20794
20801
20822
20875
20980
21004
21098
21103
21120
21125
21154
21174
21192
21215
21238
21280
21294
21359
21376
21393
21428
21444
21506
21546
21565
21572
21619
21637
21735
21779
21800
21830
21841
21843
21853
21887
21940
21946
21958
22073
22074
22167
22173
22247
22277
22279
22296
22304
22449
22464
22466
22468
22477
22553
22558
22573
22620
22635
22659
22672
22683
22686
22708
22729
22765
22808
22876
22878
22901
22903
22939
23003
23064
23067
23229
23232
23275
23284
23344
23358
23364
23367
23393
23427
23482
23538
23548
23550
23581
23635
23636
23741
23751
23770
23840
23866
23868
23878
23882
23890
23933
23957
23975
24013
24015
24114
24144
24224
24225
24236
24282
24312
24362
24381
24382
24391
24416
24425
24472
24501
24517
24586
24594
24662
24676
24779
24830
24839
24850
24857
25090
25091
25097
25108
25173
25204
25208
25209
25225
25241
25353
25356
25377
25412
25416
25433
25442
25451
25460
25547
25657
25674
25691
25714
25715
25746
25766
25775
25840
25902
25910
25915
25937
25945
25954
25978
26014
26020
26047
26076
26082
26086
26133
26148
26173
26227
26233
26270
26272
26297
26332
26349
26388
26407
26471
26479
26483
26512
26523
26524
26547
26585
26590
26620
26685
26723
26776
26796
26811
26835
26850
26931
26955
26980
27010
27023
27081
27103
27140
27170
27183
27206
27291
27338
27374
27437
27482
27516
27535
27536
27589
27686
27698
27744
27826
27862
27869
27934
27961
27973
27988
27991
28146
28172
28175
28210
28252
28324
28355
28399
28494
28509
28528
28541
28542
28569
28626
28631
28646
28658
28700
28739
28749
28814
28847
28850
28903
28938
28941
29013
29055
29057
29069
29093
29097
29170
29194
29197
29294
29350
29366
29428
29479
29495
29553
29585
29633
29658
29670
29671
29684
29721
29767
29795
29799
29812
29841
29855
29860
29876
29953
29961
29994
--------
17
20
25
40
55
59
61
65
66
68
71
97
101
114
119
126
139
148
151
153
157
162
163
168
197
201
203
210
235
238
249
253
262
267
270
285
288
290
293
301
303
305
316
340
343
349
352
358
362
365
368
387
389
397
403
408
412
413
418
421
426
432
438
442
455
456
459
461
462
469
477
484
491
510
513
520
523
528
532
534
541
548
550
558
566
574
577
588
598
605
616
618
627
633
636
649
652
659
660
667
668
674
676
684
689
697
734
749
750
752
753
759
760
771
777
781
792
795
799
806
819
822
824
837
841
845
851
858
859
882
888
901
906
907
915
916
943
953
954
961
964
993
998
1002
1006
1015
1031
1033
1044
1046
1049
1060
1067
1075
1105
1113
1115
1118
1120
1138
1140
1147
1160
1172
1173
1180
1185
1200
1214
1215
1232
1237
1251
1267
1286
1293
1297
1301
1307
1308
1312
1317
1322
1335
1356
1363
1365
1379
1383
1389
1407
1414
1415
1419
1421
1424
1435
1438
1440
1445
1453
1455
1456
1461
1468
1474
1484
1485
1489
1492
1495
1509
1514
1536
1562
1567
1573
1578
1587
1606
1607
1613
1614
1618
1621
1638
1664
1667
1674
1678
1680
1712
1714
1716
1721
1729
1743
1750
1751
1760
1762
1795
1799
1801
1811
1813
1816
1819
1829
1848
1855
1868
1884
1894
1902
1912
1916
1920
1935
1946
1951
1952
1981
1987
1989
2001
2009
2011
2013
2017
2019
2041
2066
2072
2076
2077
2082
2084
2088
2089
2097
2099
2102
2115
2122
2135
2138
2139
2157
2160
2185
2187
2193
2194
2211
2225
2228
2237
2246
2254
2263
2301
2304
2310
2311
2323
2326
2331
2345
2358
2365
2374
2376
2377
2388
2403
2410
2411
2413
2415
2426
2430
2431
2443
2455
2457
2486
2487
2491
2503
2505
2507
2515
2516
2540
2551
2587
2588
2592
2593
2604
2605
2613
2616
2617
2623
2628
2629
2635
2644
2650
2654
2656
2667
2675
2682
2695
2706
2712
2726
2733
2753
2763
2765
2766
2778
2785
2798
2810
2813
2824
2825
2849
2875
2916
2919
2920
2924
2925
2926
2937
2939
2959
2961
2962
2963
2968
2976
2977
2983
2994
3002
3004
3009
3024
3036
3040
3067
3097
3098
3114
3117
3124
3132
3134
3140
3159
3162
3165
3177
3178
3194
3202
3206
3225
3230
3233
3239
3240
3242
3247
3250
3258
3261
3262
3269
3270
3271
3277
3280
3282
3285
3294
3296
3299
3309
3311
3323
3329
3354
3359
3360
3363
3366
3368
3369
3373
3380
3386
3395
3398
3399
3405
3434
3443
3448
3452
3459
3460
3465
3471
3492
3499
3508
3512
3528
3532
3533
3534
3539
3540
3543
3544
3547
3558
3560
3563
3568
3570
3584
3599
3600
3603
3625
3626
3627
3639
3654
3666
3667
3674
3675
3704
3705
3735
3742
3769
3772
3773
3781
3784
3787
3797
3798
3804
3815
3835
3837
3852
3862
3869
3876
3885
3896
3902
3903
3924
3925
3931
3933
3947
3954
3956
3973
3979
3984
3987
3989
3992
3994
4002
4008
4037
4038
4039
4044
4047
4064
4068
4074
4090
4094
4102
4106
4122
4128
4131
4156
4157
4174
4185
4190
4203
4208
4214
4219
4229
4230
4231
4244
4248
4253
4266
4267
4269
4285
4288
4290
4292
4299
4323
4333
4335
4347
4356
4358
4373
4381
4384
4387
4414
4421
4422
4431
4433
4450
4456
4468
4469
4474
4494
4502
4511
4512
4523
4530
4532
4544
4548
4553
4563
4592
4596
4598
4607
4614
4615
4629
4630
4632
4651
4664
4676
4680
4691
4699
4707
4708
4709
4720
4722
4732
4745
4752
4753
4765
4776
4780
4782
4795
4799
4806
4808
4823
4838
4855
4859
4867
4868
4870
4876
4888
4894
4895
4899
4907
4911
4916
4918
4924
4935
4947
4969
4975
4982
4985
4997
4998
5002
5006
5009
5014
5020
5033
5037
5041
5048
5053
5067
5069
5078
5092
5098
5115
5117
5122
5136
5139
5148
5149
5156
5175
5182
5183
5186
5202
5205
5212
5227
5232
5240
5247
5253
5254
5255
5256
5270
5271
5278
5287
5304
5311
5317
5326
5327
5328
5337
5355
5368
5369
5380
5381
5383
5395
5405
5409
5417
5423
5432
5442
5452
5455
5462
5467
5469
5477
5478
5479
5502
5521
5526
5527
5528
5558
5563
5567
5578
5584
5598
5613
5625
5632
5637
5641
5655
5667
5669
5681
5685
5688
5694
5703
5711
5721
5723
5725
5732
5739
5743
5744
5745
5759
5769
5786
5796
5812
5821
5829
5830
5836
5840
5844
5861
5869
5877
5880
5886
5887
5889
5896
5903
5904
5906
5910
5913
5942
5947
5950
5963
5964
5978
5983
6003
6004
6018
6030
6033
6035
6040
6056
6057
6060
6068
6075
6092
6097
6112
6118
6124
6132
6133
6134
6141
6154
6155
6165
6168
6178
6211
6217
6218
6233
6237
6249
6251
6255
6259
6279
6300
6301
6307
6309
6322
6341
6343
6348
6360
6366
6369
6385
6392
6398
6407
6411
6422
6424
6430
6436
6437
6469
6470
6475
6483
6496
6506
6520
6527
6533
6551
6567
6591
6592
6593
6601
6608
6612
6639
6644
6650
6658
6669
6681
6682
6683
6691
6703
6724
6727
6734
6740
6750
6758
6774
6775
6812
6813
6816
6820
6824
6852
6857
6860
6862
6863
6876
6881
6883
6893
6899
6901
6918
6934
6935
6936
6938
6946
6948
6954
6963
6964
6965
6967
6979
6989
6990
6992
6995
6998
7001
7008
7032
7046
7071
7081
7082
7100
7121
7124
7133
7144
7156
7162
7165
7171
7173
7179
7181
7184
7187
7191
7195
7197
7212
7220
7221
7223
7230
7232
7236
7241
7254
7268
7271
7274
7290
7295
7297
7312
7317
7340
7386
7396
7411
7418
7425
7438
7439
7446
7452
7455
7472
7495
7496
7513
7520
7526
7528
7530
7545
7547
7554
7556
7561
7579
7580
7581
7582
7591
7594
7606
7610
7612
7616
7633
7635
7642
7644
7647
7663
7673
7674
7684
7691
7692
7694
7698
7702
7710
7718
7725
7732
7750
7754
7763
7782
7786
7794
7810
7811
7812
7813
7819
7822
7823
7833
7847
7872
7873
7890
7893
7895
7907
7908
7909
7912
7916
7917
7920
7924
7925
7943
7947
7956
7967
7981
7985
7995
7997
8004
8015
8019
8021
8027
8039
8043
8057
8066
8071
8075
8102
8116
8117
8121
8140
8149
8153
8154
8164
8171
8173
8176
8186
8197
8204
8206
8207
8214
8225
8237
8248
8251
8252
8262
8267
8275
8292
8293
8299
8313
8317
8318
8320
8330
8338
8347
8359
8366
8368
8383
8386
8387
8403
8411
8420
8421
8432
8435
8441
8469
8470
8483
8500
8506
8510
8512
8513
8515
8553
8557
8559
8560
8577
8581
8584
8588
8589
8598
8601
8602
8603
8610
8622
8625
8648
8662
8669
8678
8702
8711
8730
8732
8734
8739
8740
8763
8776
8780
8799
8805
8813
8823
8824
8833
8836
8841
8843
8844
8855
8856
8858
8864
8873
8878
8884
8886
8894
8897
8903
8910
8912
8916
8921
8923
8926
8932
8933
8938
8944
8945
8949
8985
9006
9007
9017
9020
9028
9040
9050
9054
9063
9066
9081
9087
9097
9102
9120
9140
9154
9156
9160
9171
9180
9188
9194
9203
9204
9209
9212
9249
9254
9255
9258
9260
9261
9306
9308
9316
9317
9326
9331
9334
9336
9345
9346
9347
9350
9351
9352
9357
9358
9359
9367
9376
9386
9388
9395
9397
9399
9405
9412
9425
9430
9432
9440
9447
9461
9464
9470
9475
9477
9482
9496
9500
9513
9532
9538
9543
9550
9551
9556
9560
9565
9566
9572
9573
9581
9589
9590
9593
9599
9606
9638
9644
9652
9672
9673
9677
9684
9703
9713
9714
9716
9721
9747
9756
9778
9785
9796
9811
9824
9831
9836
9839
9841
9845
9858
9859
9862
9868
9871
9890
9901
9928
9936
9956
9964
9968
9972
9975
9983
9990
9999
10000
10003
10004
10007
10009
10016
10027
10029
10031
10040
10046
10063
10071
10077
10092
10095
10106
10110
10126
10127
10130
10134
10146
10167
10185
10213
10221
10222
10250
10258
10264
10275
10281
10296
10311
10328
10330
10339
10340
10346
10354
10369
10375
10383
10385
10396
10401
10403
10410
10428
10430
10433
10440
10444
10449
10468
10474
10501
10502
10513
10514
10535
10537
10545
10552
10554
10559
10560
10570
10573
10594
10599
10602
10604
10609
10614
10620
10626
10628
10630
10634
10635
10640
10654
10664
10667
10673
10674
10684
10690
10692
10695
10707
10730
10735
10744
10748
10749
10767
10774
10776
10786
10801
10804
10815
10816
10828
10846
10853
10868
10869
10873
10889
10896
10903
10907
10921
10925
10936
10939
10952
10956
10981
10986
11002
11003
11011
11021
11028
11034
11050
11061
11064
11065
11075
11077
11080
11081
11091
11095
11110
11121
11145
11153
11158
11166
11173
11176
11198
11199
11200
11203
11208
11228
11235
11244
11245
11246
11248
11259
11272
11282
11285
11299
11308
11319
11353
11362
11408
11413
11419
11428
11437
11438
11444
11445
11447
11457
11459
11467
11468
11483
11515
11523
11527
11540
11543
11550
11556
11557
11564
11578
11581
11584
11586
11602
11603
11617
11620
11623
11625
11629
11633
11634
11635
11636
11637
11639
11649
11659
11660
11661
11664
11666
11671
11672
11674
11676
11682
11689
11691
11694
11696
11701
11708
11711
11735
11740
11752
11754
11759
11772
11783
11797
11816
11818
11822
11827
11845
11852
11856
11878
11893
11915
11922
11935
11997
11998
12023
12026
12027
12030
12034
12043
12051
12062
12063
12067
12072
12078
12079
12080
12092
12097
12108
12109
12110
12118
12123
12133
12134
12142
12155
12159
12175
12188
12193
12201
12209
12219
12221
12238
12250
12265
12270
12273
12278
12287
12295
12302
12309
12320
12353
12368
12375
12384
12396
12398
12412
12413
12440
12442
12445
12456
12464
12471
12478
12492
12495
12507
12521
12526
12528
12537
12547
12570
12571
12584
12593
12596
12603
12608
12621
12629
12631
12633
12635
12637
12657
12658
12663
12666
12667
12682
12683
12697
12703
12714
12716
12717
12722
12729
12751
12771
12788
12790
12793
12794
12811
12813
12814
12816
12817
12819
12820
12823
12824
12839
12843
12847
12854
12863
12866
12870
12875
12886
12896
12899
12922
12923
12960
12961
12967
12968
12998
13002
13006
13012
13020
13022
13030
13034
13035
13041
13057
13074
13081
13097
13118
13120
13122
13125
13139
13144
13148
13184
13186
13192
13194
13196
13200
13201
13204
13212
13218
13225
13243
13286
13300
13301
13305
13307
13343
13353
13358
13382
13383
13387
13391
13399
13402
13411
13423
13424
13430
13432
13438
13443
13447
13456
13467
13469
13470
13471
13475
13478
13479
13480
13495
13496
13500
13504
13527
13536
13547
13557
13560
13567
13568
13571
13589
13599
13601
13602
13604
13608
13612
13615
13629
13632
13647
13656
13659
13661
13665
13674
13682
13697
13698
13711
13724
13730
13744
13761
13764
13772
13781
13786
13788
13802
13804
13808
13841
13845
13850
13852
13860
13864
13889
13897
13899
13903
13908
13916
13926
13949
13968
13987
13988
13996
14002
14010
14012
14021
14030
14040
14041
14046
14050
14057
14060
14067
14069
14075
14090
14094
14099
14101
14110
14122
14133
14145
14156
14177
14186
14194
14198
14199
14205
14217
14218
14236
14242
14247
14259
14263
14270
14271
14273
14274
14280
14281
14284
14288
14290
14307
14315
14318
14319
14321
14328
14342
14346
14347
14348
14361
14370
14374
14385
14387
14393
14415
14417
14420
14430
14432
14448
14452
14456
14467
14469
14485
14497
14498
14503
14509
14516
14522
14528
14535
14538
14543
14550
14551
14553
14557
14560
14561
14565
14567
14579
14581
14587
14598
14600
14609
14624
14631
14647
14649
14651
14656
14663
14671
14677
14704
14706
14707
14709
14717
14727
14736
14740
14745
14751
14755
14760
14765
14770
14778
14785
14791
14792
14795
14800
14801
14805
14810
14819
14825
14832
14835
14840
14843
14845
14854
14858
14879
14880
14883
14889
14903
14913
14920
14921
14923
14925
14938
14940
14949
14955
14969
14980
14983
15011
15012
15028
15051
15085
15088
15099
15106
15108
15112
15118
15121
15140
15147
15152
15159
15164
15170
15179
15181
15182
15187
15192
15198
15206
15208
15215
15222
15233
15236
15238
15253
15255
15256
15262
15267
15285
15289
15297
15309
15313
15317
15320
15321
15328
15347
15351
15352
15353
15357
15376
15380
15388
15394
15396
15404
15405
15406
15412
15420
15428
15439
15443
15461
15465
15469
15470
15477
15483
15488
15493
15494
15499
15501
15503
15505
15513
15514
15533
15545
15548
15553
15556
15581
15582
15587
15590
15591
15592
15594
15600
15613
15621
15628
15634
15640
15660
15667
15673
15674
15675
15681
15686
15687
15691
15692
15695
15701
15703
15719
15732
15734
15738
15739
15751
15752
15753
15754
15760
15772
15773
15775
15778
15785
15794
15795
15816
15819
15835
15844
15858
15877
15878
15897
15900
15905
15914
15920
15925
15946
15957
15959
15967
15968
15971
15976
15977
15997
16002
16022
16027
16034
16050
16075
16078
16084
16098
16099
16109
16110
16113
16116
16121
16128
16140
16142
16145
16152
16160
16168
16170
16172
16178
16190
16202
16215
16224
16228
16238
16239
16244
16255
16260
16264
16266
16270
16285
16289
16298
16303
16314
16319
16321
16326
16328
16337
16339
16364
16367
16368
16372
16377
16393
16407
16410
16417
16418
16423
16427
16448
16451
16452
16455
16462
16468
16471
16472
16482
16487
16496
16502
16514
16515
16516
16525
16537
16540
16545
16546
16548
16551
16554
16561
16568
16571
16572
16575
16576
16584
16588
16593
16605
16607
16608
16614
16619
16627
16630
16636
16642
16664
16665
16669
16671
16679
16682
16684
16690
16694
16699
16704
16723
16725
16736
16741
16746
16749
16762
16772
16774
16778
16793
16806
16807
16811
16812
16815
16836
16843
16849
16852
16868
16891
16892
16908
16916
16917
16918
16919
16928
16934
16965
16970
16976
16979
16991
16994
16995
17007
17008
17032
17040
17051
17056
17081
17088
17090
17094
17119
17120
17123
17124
17162
17166
17169
17176
17180
17193
17203
17209
17225
17231
17236
17240
17267
17271
17272
17273
17280
17293
17300
17302
17314
17315
17317
17318
17326
17330
17333
17351
17360
17361
17372
17380
17382
17386
17394
17402
17407
17422
17436
17451
17454
17477
17494
17502
17504
17505
17509
17514
17516
17517
17520
17537
17543
17547
17575
17580
17585
17602
17608
17617
17627
17628
17630
17636
17643
17645
17648
17656
17674
17677
17678
17686
17695
17701
17717
17721
17731
17734
17737
17746
17748
17751
17753
17766
17773
17780
17781
17782
17788
17799
17810
17814
17823
17835
17845
17857
17867
17874
17881
17882
17887
17900
17903
17906
17913
17935
17941
17954
17959
17964
17980
17991
17992
17994
18014
18049
18054
18061
18062
18063
18067
18075
18076
18080
18090
18102
18104
18126
18149
18155
18166
18175
18177
18216
18217
18221
18237
18247
18248
18274
18279
18280
18285
18288
18301
18307
18314
18317
18325
18328
18329
18334
18335
18337
18338
18339
18341
18345
18353
18359
18365
18366
18375
18378
18380
18414
18430
18436
18441
18443
18454
18461
18465
18467
18474
18475
18479
18489
18497
18498
18505
18532
18536
18546
18564
18578
18588
18589
18597
18599
18600
18601
18605
18613
18625
18633
18654
18660
18664
18669
18675
18680
18683
18685
18690
18697
18716
18720
18723
18726
18730
18732
18770
18776
18779
18787
18807
18822
18830
18834
18837
18842
18851
18858
18859
18871
18876
18878
18884
18889
18900
18902
18912
18921
18928
18959
18965
18972
18976
18977
18980
19006
19007
19037
19057
19064
19072
19076
19077
19086
19092
19104
19109
19110
19112
19115
19133
19139
19143
19147
19148
19151
19159
19169
19174
19176
19180
19196
19201
19210
19211
19224
19230
19240
19242
19247
19259
19281
19282
19302
19305
19316
19319
19322
19326
19336
19343
19344
19346
19351
19354
19358
19359
19383
19386
19388
19393
19395
19398
19402
19405
19406
19416
19427
19439
19444
19454
19464
19468
19471
19478
19483
19485
19489
19496
19498
19499
19501
19502
19522
19540
19558
19563
19569
19585
19595
19596
19598
19601
19611
19623
19629
19635
19636
19639
19649
19650
19655
19658
19668
19680
19694
19695
19708
19717
19726
19737
19742
19749
19751
19753
19756
19774
19780
19781
19795
19802
19815
19817
19821
19827
19829
19832
19834
19841
19862
19868
19872
19873
19878
19894
19898
19905
19909
19927
19930
19936
19937
19946
19953
19981
19987
19991
20000
20002
20006
20012
20018
20022
20025
20039
20040
20041
20046
20048
20050
20063
20076
20081
20090
20091
20096
20099
20104
20118
20136
20142
20148
20154
20168
20171
20185
20189
20193
20211
20216
20218
20220
20221
20230
20242
20245
20257
20269
20279
20282
20290
20293
20296
20298
20302
20304
20306
20308
20311
20319
20326
20344
20355
20356
20359
20361
20376
20379
20388
20408
20411
20417
20420
20421
20425
20429
20432
20433
20455
20457
20465
20466
20473
20478
20484
20487
20494
20517
20519
20531
20534
20563
20568
20569
20577
20579
20580
20584
20614
20619
20626
20627
20629
20631
20633
20641
20647
20660
20665
20681
20688
20693
20695
20699
20709
20719
20722
20724
20726
20727
20731
20743
20748
20752
20769
20770
20772
20791
20794
20798
20801
20802
20803
20804
20817
20818
20822
20830
20833
20836
20843
20848
20875
20877
20896
20899
20908
20910
20937
20953
20971
20974
20980
20999
21003
21004
21015
21025
21026
21032
21037
21063
21066
21083
21085
21092
21098
21103
21109
21119
21120
21124
21125
21133
21141
21148
21154
21162
21164
21171
21173
21174
21178
21192
21210
21215
21218
21225
21233
21238
21247
21250
21253
21268
21269
21275
21280
21285
21294
21299
21321
21331
21341
21342
21359
21374
21375
21376
21379
21380
21388
21393
21398
21423
21428
21432
21444
21447
21451
21460
21475
21486
21492
21501
21506
21513
21515
21520
21525
21546
21557
21565
21570
21571
21572
21578
21581
21601
21602
21611
21619
21621
21625
21637
21640
21661
21664
21688
21706
21720
21724
21729
21735
21739
21741
21746
21769
21770
21778
21779
21785
21800
21811
21829
21830
21841
21843
21848
21853
21858
21865
21868
21871
21887
21889
21894
21915
21920
21922
21929
21933
21940
21946
21951
21954
21958
21959
21974
21977
21999
22019
22020
22031
22033
22043
22052
22062
22068
22069
22073
22074
22075
22086
22092
22099
22109
22118
22127
22146
22151
22153
22156
22165
22167
22172
22173
22175
22177
22185
22225
22226
22235
22244
22247
22250
22252
22257
22260
22269
22277
22279
22288
22291
22296
22304
22307
22308
22311
22312
22315
22319
22324
22340
22345
22353
22359
22376
22380
22381
22387
22398
22426
22440
22446
22449
22464
22466
22468
22477
22480
22489
22495
22499
22500
22513
22521
22525
22549
22553
22558
22566
22567
22573
22574
22577
22596
22598
22606
22616
22620
22621
22623
22625
22632
22635
22641
22645
22659
22665
22667
22672
22681
22683
22686
22696
22698
22703
22704
22708
22723
22729
22735
22736
22754
22765
22772
22774
22779
22782
22786
22790
22791
22797
22798
22805
22808
22810
22812
22822
22826
22856
22864
22865
22868
22875
22876
22877
22878
22891
22901
22903
22906
22908
22912
22918
22922
22933
22939
22940
22950
22954
22962
22967
22970
22994
22999
23000
23003
23012
23030
23038
23042
23064
23066
23067
23074
23094
23103
23115
23144
23149
23174
23183
23185
23190
23192
23196
23211
23213
23214
23229
23230
23232
23249
23260
23273
23275
23280
23284
23307
23321
23324
23328
23331
23335
23344
23358
23364
23367
23373
23376
23378
23393
23405
23413
23427
23435
23441
23452
23460
23482
23488
23501
23503
23504
23505
23523
23525
23529
23538
23545
23548
23550
23573
23574
23576
23581
23593
23606
23615
23635
23636
23672
23702
23717
23731
23736
23741
23742
23751
23754
23765
23770
23773
23781
23782
23792
23802
23805
23820
23840
23846
23851
23854
23858
23860
23866
23868
23871
23878
23879
23880
23882
23884
23887
23890
23894
23896
23905
23918
23919
23920
23922
23924
23926
23932
23933
23934
23938
23950
23957
23960
23975
23976
23980
23982
23984
23996
24013
24015
24017
24020
24045
24072
24074
24114
24117
24130
24139
24141
24144
24154
24160
24171
24188
24192
24204
24208
24217
24224
24225
24236
24249
24271
24282
24289
24309
24312
24316
24319
24322
24328
24329
24331
24339
24349
24357
24362
24365
24366
24379
24381
24382
24391
24416
24419
24425
24426
24428
24431
24433
24438
24442
24445
24450
24472
24501
24509
24517
24531
24543
24549
24558
24564
24579
24586
24594
24599
24606
24607
24612
24613
24614
24619
24636
24637
24640
24642
24650
24658
24662
24668
24672
24676
24677
24678
24684
24690
24703
24708
24710
24725
24726
24736
24738
24743
24770
24779
24796
24797
24798
24800
24804
24830
24834
24836
24839
24842
24850
24857
24896
24943
24947
24969
24974
24976
24979
24985
24986
24996
24998
25011
25024
25033
25036
25043
25056
25075
25077
25079
25080
25086
25089
25090
25091
25094
25097
25108
25127
25136
25149
25158
25165
25169
25172
25173
25174
25181
25183
25187
25188
25194
25196
25201
25204
25206
25208
25209
25225
25240
25241
25270
25282
25284
25301
25316
25329
25336
25348
25352
25353
25356
25360
25375
25377
25387
25401
25411
25412
25416
25433
25438
25440
25442
25451
25460
25461
25468
25480
25482
25496
25500
25504
25508
25527
25528
25539
25547
25548
25559
25564
25567
25578
25580
25582
25589
25604
25622
25624
25628
25642
25650
25657
25663
25667
25674
25689
25691
25697
25699
25714
25715
25716
25721
25733
25746
25749
25750
25752
25756
25760
25766
25775
25782
25784
25794
25801
25829
25840
25845
25846
25853
25865
25866
25871
25880
25884
25886
25894
25902
25910
25914
25915
25924
25937
25941
25945
25950
25951
25954
25970
25972
25978
25985
26008
26014
26020
26021
26024
26027
26034
26041
26047
26069
26076
26082
26084
26086
26087
26095
26107
26112
26116
26133
26139
26148
26156
26173
26185
26193
26195
26218
26227
26232
26233
26247
26270
26272
26290
26291
26297
26305
26330
26332
26337
26348
26349
26351
26353
26371
26374
26381
26384
26388
26407
26417
26422
26424
26435
26446
26456
26463
26471
26474
26476
26479
26483
26491
26512
26514
26517
26523
26524
26543
26547
26549
26566
26568
26572
26581
26583
26585
26590
26597
26605
26620
26628
26630
26631
26637
26638
26639
26648
26656
26660
26662
26663
26672
26682
26685
26709
26722
26723
26727
26744
26756
26769
26776
26791
26796
26801
26804
26805
26811
26831
26835
26837
26842
26850
26878
26879
26882
26884
26887
26894
26898
26924
26926
26931
26933
26948
26955
26965
26973
26980
26982
26993
27010
27017
27023
27024
27042
27046
27051
27065
27081
27083
27098
27103
27114
27132
27140
27152
27170
27171
27182
27183
27189
27195
27206
27226
27230
27232
27245
27246
27250
27251
27257
27267
27269
27283
27291
27297
27300
27305
27315
27318
27319
27336
27338
27342
27345
27355
27362
27374
27382
27391
27418
27425
27432
27437
27447
27471
27475
27477
27479
27482
27505
27514
27516
27524
27535
27536
27539
27541
27555
27561
27563
27573
27579
27589
27604
27620
27637
27646
27661
27678
27685
27686
27697
27698
27699
27706
27712
27713
27720
27725
27734
27742
27744
27755
27757
27763
27787
27793
27797
27799
27807
27816
27826
27830
27850
27851
27862
27869
27874
27885
27904
27907
27914
27915
27918
27929
27934
27939
27943
27954
27955
27956
27961
27970
27973
27988
27991
28000
28010
28034
28035
28045
28068
28073
28074
28078
28084
28092
28118
28120
28144
28145
28146
28150
28162
28172
28175
28182
28191
28194
28206
28210
28212
28214
28219
28227
28232
28235
28246
28252
28262
28304
28323
28324
28326
28327
28344
28347
28355
28371
28382
28391
28399
28401
28406
28417
28439
28461
28494
28495
28498
28500
28502
28509
28512
28518
28525
28528
28537
28541
28542
28560
28565
28569
28583
28593
28610
28616
28623
28624
28626
28631
28633
28646
28658
28666
28678
28691
28692
28700
28716
28726
28727
28735
28739
28740
28749
28770
28795
28803
28814
28825
28835
28840
28842
28847
28850
28864
28865
28872
28883
28886
28887
28888
28892
28898
28901
28902
28903
28904
28907
28912
28924
28927
28938
28939
28941
28942
28947
28952
28961
28973
28978
28990
28993
28997
29007
29011
29013
29014
29021
29030
29037
29047
29048
29055
29057
29061
29062
29066
29069
29081
29087
29090
29093
29095
29097
29121
29130
29135
29142
29144
29156
29158
29168
29170
29173
29178
29186
29193
29194
29197
29212
29220
29223
29226
29234
29235
29236
29238
29256
29257
29265
29270
29281
29294
29299
29303
29314
29321
29339
29342
29350
29352
29363
29366
29372
29373
29377
29379
29381
29389
29391
29397
29423
29428
29432
29457
29461
29464
29479
29482
29487
29489
29490
29495
29496
29505
29507
29512
29515
29522
29535
29540
29545
29551
29552
29553
29560
29564
29569
29580
29585
29586
29589
29598
29600
29606
29610
29613
29617
29620
29624
29633
29638
29639
29642
29643
29646
29649
29652
29658
29670
29671
29684
29685
29690
29692
29709
29721
29724
29766
29767
29776
29781
29786
29794
29795
29799
29807
29812
29813
29818
29825
29841
29855
29857
29858
29860
29876
29887
29891
29895
29900
29903
29913
29915
29920
29923
29934
29937
29952
29953
29956
29958
29961
29965
29973
29994
