48
49
53
81
87
88
171
172
173
180
199
209
236
241
256
258
291
300
301
309
330
339
343
392
402
416
426
504
519
526
548
549
570
587
596
612
623
656
665
680
690
725
734
738
746
781
812
844
853
859
873
888
910
913
930
970
990
995
1020
1045
1050
1052
1075
1085
1087
1090
1092
1110
1114
1124
1157
1162
1199
1209
1215
1230
1239
1255
1259
1275
1301
1314
1329
1339
1342
1347
1352
1375
1377
1385
1436
1444
1542
1577
1638
1675
1703
1706
1738
1797
1825
1845
1884
1922
1935
1959
1979
1986
2002
2013
2039
2042
2055
2063
2078
2083
2088
2089
2102
2106
2129
2139
2147
2165
2198
2211
2212
2218
2220
2264
2287
2305
2316
2320
2327
2348
2376
2394
2399
2404
2409
2437
2438
2444
2456
2471
2476
2478
2515
2529
2609
2620
2628
2630
2631
2632
2647
2675
2676
2678
2680
2699
2741
2742
2744
2745
2778
2783
2788
2797
2832
2862
2864
2874
2909
2910
2926
2932
2946
2983
2988
2997
3004
3012
3032
3037
3056
3057
3072
3100
3121
3133
3150
3158
3160
3164
3175
3222
3236
3289
3326
3343
3362
3394
3403
3447
3457
3465
3471
3474
3480
3501
3546
3552
3558
3561
3576
3586
3599
3631
3637
3641
3643
3657
3658
3677
3697
3700
3710
3801
3831
3870
3877
3891
3919
3921
3925
3933
3973
3982
4013
4028
4034
4039
4047
4112
4122
4158
4190
4224
4237
4240
4244
4254
4263
4264
4285
4292
4299
4307
4316
4322
4329
4350
4357
4373
4376
4425
4430
4431
4435
4438
4440
4444
4449
4454
4510
4532
4568
4583
4589
4614
4624
4639
4697
4709
4714
4717
4719
4722
4726
4760
4765
4794
4795
4811
4820
4821
4824
4826
4856
4857
4863
4894
4906
4910
4931
4949
4974
4983
4987
4988
4993
5056
5062
5077
5096
5112
5122
5164
5201
5221
5235
5268
5289
5311
5318
5328
5330
5362
5368
5392
5401
5409
5411
5428
5486
5487
5488
5499
5501
5505
5523
5530
5538
5546
5582
5662
5668
5714
5719
5733
5743
5762
5778
5859
5861
5887
5895
5896
5900
5902
5909
5914
5966
5982
5987
5999
6024
6029
6044
6048
6080
6092
6122
6128
6140
6146
6167
6168
6232
6256
6277
6299
6310
6324
6325
6342
6350
6400
6442
6447
6450
6455
6461
6466
6485
6499
6524
6584
6591
6595
6601
6604
6625
6629
6648
6649
6681
6698
6766
6794
6799
6810
6821
6842
6853
6854
6871
6876
6884
6917
6918
6923
6937
6960
6981
6982
6984
6999
7001
7017
7038
7067
7137
7140
7160
7161
7177
7185
7188
7190
7196
7221
7222
7224
7233
7235
7275
7278
7284
7285
7288
7305
7312
7316
7321
7357
7358
7360
7362
7365
7368
7370
7407
7417
7459
7461
7472
7506
7510
7528
7544
7555
7575
7581
7595
7596
7609
7660
7694
7720
7749
7758
7788
7796
7830
7831
7847
7854
7858
7864
7877
7889
7910
7961
7992
7997
8005
8025
8040
8065
8070
8081
8132
8153
8158
8172
8185
8188
8201
8226
8283
8290
8303
8318
8336
8337
8341
8364
8385
8388
8397
8409
8432
8437
8448
8451
8462
8479
8496
8503
8522
8542
8575
8577
8583
8640
8643
8657
8669
8683
8709
8710
8712
8716
8725
8762
8775
8794
8797
8900
8909
8928
8976
9043
9049
9074
9098
9118
9140
9162
9229
9235
9280
9291
9297
9322
9343
9356
9372
9387
9406
9456
9488
9508
9528
9534
9537
9550
9556
9564
9594
9602
9621
9634
9667
9675
9685
9686
9713
9720
9722
9751
9756
9758
9769
9801
9810
9831
9845
9884
9910
9916
9918
9931
9968
9978
9979
9982
9993
10016
10031
10066
10101
10109
10144
10158
10159
10166
10180
10184
10186
10225
10234
10282
10303
10312
10376
10392
10400
10404
10417
10464
10479
10484
10520
10523
10534
10562
10563
10570
10582
10589
10595
10599
10611
10625
10637
10679
10704
10710
10750
10765
10777
10790
10793
10821
10850
10854
10904
10908
10923
10939
10952
10954
10972
10992
11006
11015
11016
11027
11038
11045
11054
11081
11084
11092
11099
11130
11134
11139
11161
11176
11181
11188
11189
11220
11247
11252
11254
11270
11271
11282
11283
11289
11330
11353
11363
11368
11374
11375
11392
11401
11426
11456
11525
11534
11553
11574
11580
11584
11594
11600
11609
11621
11636
11648
11651
11665
11675
11682
11683
11690
11713
11737
11746
11762
11765
11777
11799
11824
11835
11887
11889
11890
11905
11915
11937
11961
11962
11963
11964
11982
11983
11990
12009
12025
12033
12038
12039
12056
12085
12087
12105
12126
12144
12189
12190
12192
12200
12304
12318
12328
12365
12376
12381
12407
12413
12419
12432
12433
12442
12454
12498
12503
12521
12582
12590
12601
12610
12613
12619
12628
12639
12656
12659
12675
12744
12762
12787
12790
12805
12806
12816
12837
12843
12877
12901
12910
12958
12967
12971
12982
12988
13006
13022
13031
13034
13040
13048
13066
13107
13134
13191
13206
13213
13246
13268
13286
13291
13308
13319
13333
13359
13383
13388
13392
13403
13410
13416
13425
13426
13430
13442
13454
13475
13478
13505
13538
13555
13564
13573
13575
13576
13579
13588
13615
13625
13627
13636
13637
13645
13649
13665
13668
13754
13781
13792
13806
13814
13823
13832
13854
14021
14072
14102
14107
14108
14145
14158
14168
14185
14193
14194
14197
14200
14221
14264
14308
14319
14328
14342
14347
14359
14394
14395
14400
14419
14426
14452
14453
14457
14478
14483
14485
14487
14492
14501
14553
14555
14587
14594
14606
14609
14620
14633
14657
14666
14668
14685
14700
14702
14778
14786
14793
14821
14825
14827
14894
14902
14904
14921
14943
14948
14949
14978
14983
14984
14994
15000
15017
15018
15030
15046
15055
15063
15078
15080
15083
15105
15122
15128
15166
15179
15180
15187
15191
15197
15209
15215
15220
15229
15250
15252
15270
15273
15288
15297
15303
15322
15368
15376
15391
15437
15449
15452
15463
15468
15507
15522
15536
15547
15549
15561
15562
15566
15577
15596
15607
15629
15631
15642
15651
15659
15667
15704
15735
15756
15757
15771
15773
15830
15835
15842
15844
15848
15892
15910
15942
15958
15962
15974
15979
16003
16051
16080
16102
16115
16168
16204
16211
16224
16265
16302
16307
16311
16316
16323
16326
16336
16337
16340
16342
16373
16374
16390
16409
16415
16416
16420
16461
16489
16506
16520
16521
16523
16546
16549
16565
16573
16582
16612
16622
16632
16656
16662
16687
16693
16696
16703
16715
16725
16744
16750
16771
16774
16786
16788
16790
16829
16836
16864
16875
16879
16884
16886
16936
16952
16958
16959
16975
16992
16995
17022
17027
17028
17037
17045
17049
17087
17103
17169
17222
17243
17272
17297
17322
17326
17345
17350
17352
17354
17367
17370
17380
17450
17475
17498
17507
17527
17536
17538
17564
17572
17579
17592
17631
17659
17662
17671
17698
17775
17780
17793
17812
17823
17841
17842
17847
17849
17851
17886
17891
17896
17897
17912
17923
17939
17953
17956
17978
17979
17988
17995
18010
18051
18077
18159
18173
18183
18191
18220
18249
18268
18270
18321
18331
18356
18403
18414
18421
18444
18447
18450
18474
18475
18519
18525
18532
18583
18601
18605
18632
18641
18661
18685
18708
18740
18767
18821
18834
18841
18866
18898
18913
18922
18926
18933
18997
19000
19007
19015
19051
19064
19070
19071
19082
19093
19113
19121
19153
19188
19189
19203
19224
19229
19238
19240
19249
19307
19316
19352
19376
19406
19421
19491
19496
19504
19510
19533
19539
19546
19548
19551
19556
19570
19574
19580
19592
19623
19630
19631
19634
19636
19638
19645
19670
19712
19747
19780
19803
19806
19832
19835
19862
19906
19918
19945
19954
19959
19978
20015
20026
20036
20045
20057
20075
20096
20103
20123
20138
20166
20208
20219
20249
20251
20268
20307
20319
20349
20396
20405
20419
20422
20492
20529
20566
20608
20609
20622
20623
20660
20678
20702
20709
20712
20713
20725
20779
20782
20783
20791
20802
20824
20832
20838
20848
20874
20876
20882
20886
20894
20895
20898
20909
20971
20972
20986
21014
21016
21020
21027
21094
21099
21110
21170
21171
21175
21179
21180
21232
21237
21244
21260
21274
21276
21285
21295
21328
21341
21345
21355
21397
21400
21409
21424
21425
21436
21440
21443
21454
21466
21487
21490
21492
21508
21519
21530
21535
21550
21595
21609
21613
21614
21656
21666
21680
21682
21691
21694
21703
21722
21750
21784
21798
21820
21825
21831
21845
21856
21872
21903
21927
21940
21948
21960
21987
21990
22001
22049
22050
22053
22063
22074
22100
22187
22198
22202
22216
22263
22267
22283
22300
22332
22335
22357
22385
22395
22403
22435
22464
22470
22482
22498
22501
22507
22508
22514
22531
22536
22545
22557
22569
22602
22614
22617
22619
22628
22634
22635
22644
22663
22671
22673
22692
22697
22699
22710
22721
22722
22735
22783
22785
22790
22804
22807
22823
22833
22840
22850
22875
22894
22895
22948
22968
22997
23007
23029
23033
23074
23096
23110
23124
23126
23148
23157
23168
23170
23178
23212
23230
23240
23283
23298
23310
23343
23368
23391
23401
23402
23408
23410
23438
23455
23458
23493
23516
23522
23533
23546
23561
23584
23585
23590
23605
23612
23628
23640
23665
23689
23703
23721
23732
23780
23792
23802
23805
23816
23831
23861
23871
23874
23900
23939
23945
23956
23961
23966
23971
23994
23997
24002
24015
24023
24027
24039
24043
24078
24089
24100
24130
24133
24137
24162
24184
24186
24190
24209
24222
24230
24244
24256
24269
24271
24339
24354
24363
24365
24403
24405
24411
24413
24441
24461
24478
24507
24557
24559
24570
24587
24591
24619
24625
24631
24647
24670
24671
24674
24676
24679
24712
24750
24771
24799
24826
24856
24887
24897
24900
24918
24948
24969
24975
24995
25013
25038
25097
25104
25132
25152
25177
25193
25202
25204
25207
25209
25216
25220
25226
25232
25256
25263
25281
25337
25344
25386
25388
25392
25448
25492
25504
25524
25529
25566
25617
25618
25629
25659
25660
25663
25703
25718
25719
25774
25784
25787
25808
25822
25823
25851
25853
25861
25865
25890
25916
25959
25964
25979
25991
25994
26008
26009
26012
26057
26059
26071
26105
26121
26130
26132
26139
26140
26165
26178
26191
26237
26240
26277
26292
26313
26334
26368
26394
26401
26414
26429
26451
26473
26524
26530
26537
26548
26584
26588
26620
26626
26628
26638
26662
26668
26688
26692
26724
26733
26773
26774
26776
26781
26783
26792
26793
26799
26830
26845
26848
26928
26946
27013
27018
27032
27035
27051
27057
27058
27065
27081
27084
27146
27163
27173
27176
27185
27234
27236
27257
27290
27295
27328
27329
27334
27381
27384
27435
27479
27528
27540
27542
27543
27548
27554
27567
27569
27572
27603
27611
27613
27614
27702
27708
27716
27730
27736
27748
27762
27771
27772
27775
27815
27859
27868
27893
27898
27916
27930
27936
27937
27957
27970
27990
28014
28021
28025
28030
28035
28057
28081
28100
28102
28126
28147
28152
28172
28175
28215
28242
28258
28264
28270
28276
28281
28294
28308
28312
28337
28349
28370
28377
28378
28478
28500
28541
28543
28576
28613
28644
28669
28707
28744
28800
28803
28810
28832
28863
28880
28886
28910
28924
28926
28961
28973
28995
29017
29030
29034
29047
29051
29059
29085
29123
29168
29201
29213
29225
29226
29237
29240
29253
29259
29264
29270
29273
29277
29296
29333
29334
29348
29377
29386
29441
29469
29471
29473
29496
29521
29555
29585
29608
29613
29618
29647
29652
29655
29669
29671
29708
29746
29749
29752
29773
29801
29817
29819
29859
29862
29868
29886
29898
29910
29918
29920
29922
29933
29948
29986
29998
--------
42
48
49
53
55
80
81
87
88
171
172
173
180
193
199
209
212
219
236
241
256
258
274
281
288
291
296
300
301
309
330
339
343
348
362
392
395
396
398
402
416
426
446
461
484
504
519
526
536
548
549
570
587
594
596
599
603
606
608
612
616
623
626
637
645
656
661
665
680
690
725
730
733
734
738
746
771
781
787
807
812
838
844
853
857
859
871
873
876
888
910
913
930
934
953
970
973
990
995
1020
1025
1045
1046
1050
1052
1063
1075
1076
1078
1085
1087
1090
1092
1110
1111
1114
1124
1157
1162
1177
1181
1186
1199
1209
1215
1216
1230
1231
1239
1253
1255
1259
1263
1275
1289
1301
1314
1315
1329
1339
1342
1347
1352
1375
1377
1385
1396
1436
1442
1444
1451
1456
1472
1492
1519
1542
1577
1638
1668
1675
1676
1703
1706
1721
1735
1738
1772
1797
1805
1825
1833
1842
1845
1866
1868
1876
1884
1908
1922
1924
1926
1935
1959
1962
1964
1972
1974
1979
1986
2002
2008
2013
2039
2042
2047
2055
2063
2066
2070
2078
2080
2083
2088
2089
2102
2106
2129
2139
2147
2158
2163
2165
2198
2211
2212
2213
2218
2220
2248
2264
2274
2276
2282
2287
2293
2305
2316
2320
2327
2340
2348
2376
2394
2399
2404
2409
2428
2437
2438
2444
2456
2469
2471
2474
2476
2478
2490
2491
2515
2516
2529
2558
2573
2575
2583
2609
2620
2628
2630
2631
2632
2647
2651
2659
2664
2675
2676
2678
2680
2699
2711
2721
2741
2742
2744
2745
2778
2783
2788
2797
2832
2840
2855
2862
2864
2874
2900
2903
2907
2908
2909
2910
2926
2929
2931
2932
2946
2979
2983
2988
2997
3004
3012
3024
3032
3037
3056
3057
3061
3072
3100
3121
3122
3133
3143
3150
3158
3160
3164
3166
3175
3214
3217
3222
3236
3289
3307
3319
3326
3333
3343
3347
3355
3362
3394
3395
3403
3412
3447
3457
3459
3465
3471
3474
3480
3491
3501
3513
3519
3546
3552
3558
3561
3576
3579
3586
3589
3599
3602
3604
3624
3628
3631
3637
3641
3642
3643
3647
3657
3658
3675
3677
3697
3700
3710
3742
3744
3770
3801
3813
3831
3865
3868
3870
3877
3883
3891
3892
3919
3921
3925
3933
3955
3973
3978
3981
3982
3985
4010
4013
4015
4026
4028
4034
4039
4047
4075
4112
4122
4158
4171
4174
4179
4190
4193
4224
4237
4240
4244
4254
4263
4264
4285
4288
4292
4299
4307
4312
4316
4322
4329
4337
4350
4357
4373
4376
4378
4420
4424
4425
4430
4431
4432
4435
4438
4440
4444
4446
4449
4454
4473
4510
4527
4528
4531
4532
4544
4545
4568
4583
4589
4614
4624
4639
4642
4667
4678
4697
4709
4714
4717
4719
4722
4726
4728
4734
4735
4760
4765
4766
4776
4794
4795
4807
4811
4820
4821
4824
4826
4828
4855
4856
4857
4863
4893
4894
4897
4906
4910
4931
4935
4942
4949
4974
4983
4985
4987
4988
4993
5018
5024
5048
5054
5056
5059
5062
5065
5077
5083
5096
5112
5114
5122
5128
5137
5164
5165
5171
5175
5196
5201
5214
5218
5221
5235
5266
5268
5289
5292
5311
5318
5319
5326
5328
5330
5336
5355
5362
5368
5384
5392
5401
5409
5411
5428
5448
5456
5469
5486
5487
5488
5499
5501
5505
5523
5530
5537
5538
5539
5546
5553
5576
5582
5600
5604
5618
5640
5661
5662
5665
5668
5678
5687
5712
5714
5719
5726
5733
5743
5762
5764
5778
5814
5824
5834
5859
5861
5864
5887
5890
5893
5895
5896
5900
5902
5909
5914
5922
5928
5949
5966
5975
5982
5987
5999
6024
6025
6029
6037
6042
6044
6048
6055
6080
6092
6104
6113
6120
6122
6128
6140
6142
6146
6148
6167
6168
6201
6217
6231
6232
6244
6249
6251
6256
6266
6274
6277
6281
6290
6297
6299
6310
6317
6319
6324
6325
6332
6335
6342
6349
6350
6394
6399
6400
6401
6413
6423
6432
6442
6445
6447
6450
6455
6461
6466
6467
6485
6487
6492
6499
6513
6524
6527
6563
6572
6574
6584
6591
6595
6601
6603
6604
6622
6625
6629
6648
6649
6652
6674
6679
6681
6694
6698
6706
6721
6728
6759
6765
6766
6776
6794
6798
6799
6806
6810
6811
6815
6821
6842
6853
6854
6871
6876
6880
6884
6886
6904
6917
6918
6923
6933
6937
6941
6947
6955
6960
6981
6982
6984
6999
7001
7016
7017
7024
7038
7043
7047
7067
7072
7097
7099
7101
7137
7140
7160
7161
7177
7185
7188
7190
7196
7221
7222
7224
7233
7235
7275
7278
7284
7285
7286
7287
7288
7305
7312
7316
7321
7356
7357
7358
7360
7362
7365
7368
7370
7391
7406
7407
7417
7427
7447
7459
7461
7472
7485
7506
7510
7527
7528
7544
7555
7569
7571
7575
7581
7595
7596
7599
7609
7623
7631
7633
7637
7642
7660
7694
7720
7733
7749
7758
7788
7796
7812
7816
7830
7831
7844
7847
7854
7858
7864
7869
7877
7881
7889
7910
7938
7943
7959
7961
7964
7992
7997
8003
8005
8021
8022
8025
8040
8058
8062
8065
8070
8081
8092
8115
8132
8153
8158
8162
8172
8185
8188
8201
8213
8223
8226
8229
8230
8255
8283
8290
8303
8318
8336
8337
8341
8349
8364
8373
8385
8388
8397
8400
8404
8409
8432
8437
8442
8448
8451
8462
8476
8479
8493
8496
8503
8514
8522
8542
8553
8561
8564
8575
8577
8583
8598
8640
8643
8657
8659
8669
8675
8683
8701
8709
8710
8712
8716
8725
8742
8762
8775
8777
8779
8794
8797
8802
8841
8894
8898
8900
8909
8915
8928
8976
8993
9006
9038
9043
9046
9049
9074
9095
9098
9118
9126
9129
9140
9150
9162
9187
9194
9229
9234
9235
9280
9291
9297
9322
9343
9345
9356
9372
9387
9389
9406
9456
9488
9508
9514
9528
9530
9534
9537
9550
9556
9564
9585
9594
9602
9621
9626
9629
9634
9667
9675
9685
9686
9687
9701
9713
9720
9722
9725
9743
9751
9756
9758
9769
9776
9789
9801
9810
9831
9836
9837
9845
9867
9875
9882
9884
9908
9910
9916
9918
9923
9931
9932
9937
9968
9977
9978
9979
9981
9982
9983
9993
10016
10031
10060
10066
10070
10071
10082
10101
10109
10122
10144
10151
10158
10159
10166
10180
10184
10186
10200
10225
10234
10235
10240
10247
10280
10282
10292
10295
10296
10300
10303
10312
10364
10365
10376
10392
10400
10404
10411
10417
10426
10433
10464
10479
10484
10488
10505
10509
10520
10523
10530
10534
10538
10543
10544
10562
10563
10570
10576
10582
10589
10592
10595
10599
10608
10611
10625
10637
10674
10679
10704
10710
10713
10724
10729
10749
10750
10765
10777
10790
10793
10803
10807
10814
10821
10838
10850
10854
10882
10889
10891
10904
10908
10923
10939
10952
10953
10954
10962
10972
10983
10992
10993
10998
11006
11014
11015
11016
11017
11023
11027
11032
11038
11043
11045
11049
11050
11054
11061
11081
11084
11092
11099
11119
11130
11134
11139
11160
11161
11176
11177
11178
11181
11188
11189
11197
11208
11220
11247
11252
11254
11256
11270
11271
11274
11279
11281
11282
11283
11284
11289
11330
11338
11345
11353
11354
11363
11368
11374
11375
11392
11401
11408
11409
11426
11456
11525
11530
11533
11534
11544
11553
11574
11580
11584
11590
11594
11600
11609
11621
11633
11636
11648
11651
11662
11665
11670
11675
11677
11682
11683
11690
11691
11713
11731
11733
11737
11744
11746
11749
11762
11765
11777
11793
11797
11799
11803
11824
11835
11887
11889
11890
11903
11905
11911
11915
11937
11940
11961
11962
11963
11964
11979
11982
11983
11989
11990
12002
12009
12025
12031
12033
12038
12039
12047
12056
12085
12087
12096
12105
12107
12113
12121
12126
12144
12189
12190
12192
12198
12200
12204
12216
12234
12275
12280
12290
12297
12304
12308
12318
12328
12331
12365
12376
12381
12390
12407
12413
12419
12432
12433
12436
12437
12442
12454
12455
12456
12498
12503
12515
12521
12532
12543
12574
12582
12590
12601
12610
12613
12619
12628
12639
12656
12659
12675
12714
12744
12755
12762
12780
12787
12790
12805
12806
12814
12816
12837
12843
12846
12854
12875
12877
12892
12893
12901
12910
12913
12919
12923
12929
12958
12967
12971
12982
12988
12997
13006
13013
13022
13031
13034
13040
13046
13048
13061
13066
13084
13107
13110
13134
13157
13191
13206
13213
13215
13220
13221
13244
13246
13262
13268
13286
13291
13298
13308
13319
13333
13352
13359
13371
13383
13386
13388
13392
13403
13410
13416
13425
13426
13430
13442
13454
13465
13469
13475
13478
13488
13489
13495
13505
13538
13552
13555
13564
13573
13575
13576
13579
13588
13599
13615
13620
13625
13627
13636
13637
13645
13649
13662
13665
13668
13723
13747
13754
13762
13781
13786
13792
13800
13806
13814
13823
13832
13854
13871
13878
13883
13913
13914
13942
13994
14021
14033
14045
14065
14072
14102
14107
14108
14118
14145
14146
14152
14155
14158
14159
14168
14183
14185
14193
14194
14197
14200
14221
14264
14265
14268
14308
14315
14317
14319
14328
14342
14347
14349
14354
14356
14359
14376
14394
14395
14400
14410
14419
14426
14437
14452
14453
14454
14457
14458
14459
14478
14483
14485
14487
14492
14501
14509
14517
14528
14547
14553
14555
14587
14594
14606
14609
14620
14631
14633
14652
14657
14666
14668
14679
14684
14685
14688
14700
14702
14703
14707
14716
14730
14733
14738
14750
14752
14761
14778
14786
14793
14803
14814
14821
14825
14827
14859
14874
14894
14902
14904
14916
14921
14935
14936
14943
14948
14949
14955
14978
14980
14983
14984
14994
15000
15015
15016
15017
15018
15030
15046
15055
15063
15078
15080
15083
15090
15093
15105
15119
15122
15128
15136
15166
15179
15180
15187
15191
15197
15209
15215
15220
15221
15223
15229
15237
15243
15250
15252
15256
15270
15273
15288
15297
15303
15322
15341
15348
15368
15376
15380
15386
15391
15408
15437
15449
15452
15463
15468
15470
15503
15507
15513
15516
15518
15522
15523
15526
15536
15547
15549
15561
15562
15566
15573
15575
15576
15577
15578
15591
15593
15596
15598
15601
15607
15629
15631
15642
15651
15659
15662
15667
15683
15703
15704
15735
15740
15756
15757
15768
15771
15773
15822
15830
15832
15835
15842
15844
15848
15864
15868
15875
15881
15892
15910
15924
15942
15954
15958
15962
15974
15976
15979
16003
16016
16051
16080
16102
16111
16115
16168
16174
16193
16197
16204
16211
16224
16236
16265
16302
16307
16311
16316
16323
16326
16336
16337
16340
16342
16371
16373
16374
16378
16384
16390
16409
16415
16416
16420
16432
16461
16489
16493
16506
16520
16521
16523
16524
16535
16542
16546
16547
16549
16558
16565
16571
16573
16576
16582
16586
16590
16612
16621
16622
16623
16632
16635
16656
16662
16673
16687
16693
16696
16698
16703
16715
16725
16744
16750
16771
16774
16780
16786
16788
16790
16794
16829
16836
16864
16865
16875
16879
16884
16886
16892
16907
16908
16936
16952
16954
16958
16959
16975
16992
16995
17006
17010
17022
17027
17028
17035
17037
17045
17049
17087
17095
17103
17136
17141
17165
17169
17190
17201
17214
17222
17243
17255
17270
17272
17295
17297
17302
17322
17326
17345
17350
17352
17354
17367
17370
17380
17381
17434
17438
17445
17450
17465
17475
17498
17507
17527
17536
17538
17564
17572
17579
17592
17604
17631
17642
17654
17659
17662
17671
17679
17698
17703
17710
17759
17761
17775
17780
17793
17812
17823
17827
17841
17842
17843
17847
17849
17851
17885
17886
17891
17896
17897
17900
17912
17923
17939
17952
17953
17956
17958
17978
17979
17987
17988
17994
17995
18007
18010
18049
18051
18077
18078
18107
18126
18127
18159
18162
18173
18182
18183
18191
18206
18220
18249
18252
18253
18268
18270
18311
18321
18325
18331
18352
18353
18356
18387
18403
18414
18421
18422
18444
18447
18450
18460
18463
18464
18474
18475
18478
18519
18525
18532
18537
18546
18581
18583
18585
18590
18601
18605
18632
18641
18661
18683
18685
18708
18735
18740
18767
18782
18786
18787
18789
18821
18830
18834
18841
18849
18866
18879
18898
18913
18922
18925
18926
18933
18952
18995
18997
19000
19001
19007
19013
19015
19041
19051
19064
19070
19071
19077
19082
19083
19092
19093
19113
19121
19153
19173
19184
19188
19189
19191
19203
19224
19229
19233
19238
19240
19249
19258
19259
19261
19276
19294
19307
19316
19317
19332
19352
19367
19376
19404
19406
19421
19432
19459
19471
19480
19489
19491
19496
19498
19504
19507
19510
19511
19517
19533
19535
19539
19546
19548
19551
19556
19565
19570
19574
19580
19589
19592
19609
19623
19627
19630
19631
19634
19636
19638
19645
19654
19670
19712
19747
19756
19770
19772
19780
19803
19806
19832
19835
19836
19849
19853
19862
19866
19889
19906
19918
19945
19954
19959
19978
19982
19990
20015
20026
20027
20036
20045
20057
20061
20071
20075
20096
20103
20105
20108
20123
20138
20145
20161
20166
20168
20176
20196
20208
20219
20223
20249
20251
20264
20268
20280
20282
20288
20289
20307
20319
20349
20361
20386
20396
20405
20419
20422
20435
20451
20469
20492
20529
20543
20566
20577
20586
20597
20603
20606
20608
20609
20622
20623
20630
20660
20669
20675
20678
20682
20702
20709
20712
20713
20725
20738
20744
20755
20759
20779
20781
20782
20783
20791
20799
20802
20817
20824
20832
20838
20848
20874
20876
20882
20886
20894
20895
20898
20903
20909
20936
20938
20942
20952
20960
20962
20971
20972
20974
20977
20986
21011
21014
21015
21016
21019
21020
21025
21027
21084
21085
21089
21094
21097
21099
21110
21166
21170
21171
21175
21179
21180
21209
21232
21237
21244
21255
21260
21274
21276
21281
21285
21288
21295
21301
21302
21308
21328
21331
21341
21344
21345
21355
21371
21373
21376
21389
21397
21400
21409
21415
21424
21425
21431
21435
21436
21440
21443
21454
21466
21487
21490
21492
21494
21508
21519
21530
21535
21550
21559
21561
21570
21595
21609
21613
21614
21632
21646
21656
21660
21666
21676
21680
21682
21691
21694
21703
21722
21731
21733
21750
21784
21798
21820
21825
21831
21845
21856
21866
21872
21903
21905
21927
21940
21944
21946
21948
21950
21956
21958
21960
21978
21987
21990
21996
21998
22001
22015
22031
22049
22050
22053
22059
22063
22074
22097
22100
22157
22160
22187
22198
22202
22203
22214
22216
22220
22230
22231
22263
22267
22277
22283
22286
22300
22308
22326
22332
22335
22357
22385
22395
22403
22415
22425
22426
22435
22436
22438
22451
22464
22470
22482
22483
22485
22498
22501
22504
22507
22508
22514
22531
22536
22545
22546
22557
22569
22593
22602
22614
22617
22619
22628
22634
22635
22644
22645
22663
22671
22672
22673
22691
22692
22697
22699
22704
22710
22717
22721
22722
22735
22750
22759
22772
22783
22785
22788
22790
22804
22807
22823
22826
22833
22840
22850
22860
22875
22894
22895
22933
22946
22948
22968
22970
22997
23002
23007
23014
23015
23029
23033
23038
23049
23063
23074
23084
23096
23103
23108
23110
23112
23120
23124
23126
23132
23136
23142
23148
23157
23168
23170
23178
23209
23212
23219
23222
23223
23228
23230
23235
23237
23240
23283
23298
23305
23310
23313
23323
23334
23343
23368
23387
23391
23401
23402
23406
23408
23410
23426
23431
23438
23455
23458
23475
23493
23506
23516
23522
23533
23535
23538
23546
23561
23584
23585
23590
23605
23612
23615
23628
23636
23638
23640
23642
23665
23686
23689
23703
23721
23732
23751
23776
23780
23792
23797
23802
23805
23816
23831
23848
23861
23865
23871
23874
23889
23896
23900
23939
23945
23948
23956
23961
23966
23971
23972
23994
23997
24002
24015
24018
24023
24027
24039
24040
24042
24043
24051
24078
24085
24087
24089
24100
24113
24120
24130
24133
24137
24141
24143
24162
24184
24186
24190
24209
24222
24225
24230
24244
24256
24269
24271
24272
24299
24301
24306
24308
24325
24328
24330
24335
24339
24340
24354
24363
24365
24384
24403
24405
24411
24413
24441
24461
24472
24478
24507
24556
24557
24559
24570
24587
24591
24602
24619
24625
24631
24639
24647
24670
24671
24672
24674
24676
24679
24689
24712
24725
24747
24750
24771
24786
24795
24796
24799
24807
24826
24827
24831
24850
24856
24869
24875
24887
24897
24900
24918
24948
24969
24972
24975
24995
25003
25013
25038
25074
25097
25104
25125
25132
25149
25152
25177
25193
25202
25204
25207
25208
25209
25216
25220
25221
25226
25227
25232
25236
25252
25256
25263
25281
25325
25337
25338
25343
25344
25347
25386
25388
25392
25415
25448
25475
25487
25492
25499
25504
25519
25524
25529
25566
25586
25592
25617
25618
25629
25637
25643
25659
25660
25663
25667
25699
25703
25718
25719
25734
25746
25774
25784
25787
25788
25806
25808
25822
25823
25825
25851
25853
25858
25861
25863
25865
25890
25901
25907
25914
25916
25940
25943
25944
25958
25959
25964
25968
25979
25991
25994
25999
26008
26009
26012
26057
26059
26061
26071
26100
26105
26115
26121
26130
26132
26138
26139
26140
26156
26163
26165
26170
26178
26191
26202
26237
26240
26259
26277
26292
26304
26313
26330
26334
26335
26348
26360
26366
26368
26394
26401
26414
26419
26423
26429
26446
26449
26451
26473
26477
26498
26505
26517
26524
26530
26537
26548
26571
26584
26588
26600
26603
26620
26626
26628
26638
26662
26668
26688
26692
26724
26733
26746
26749
26755
26773
26774
26776
26778
26781
26783
26792
26793
26799
26804
26815
26830
26845
26848
26849
26880
26928
26946
26965
26967
26970
27006
27013
27018
27028
27032
27035
27045
27051
27057
27058
27063
27065
27081
27084
27124
27134
27136
27146
27163
27173
27176
27185
27202
27214
27225
27228
27234
27236
27240
27244
27248
27257
27262
27274
27282
27290
27295
27299
27317
27328
27329
27334
27336
27339
27367
27379
27381
27384
27403
27416
27428
27432
27435
27448
27472
27475
27479
27483
27486
27494
27509
27528
27540
27542
27543
27548
27554
27567
27569
27572
27596
27603
27611
27613
27614
27620
27651
27673
27677
27699
27702
27708
27715
27716
27730
27735
27736
27748
27762
27764
27771
27772
27775
27809
27815
27859
27868
27893
27898
27916
27921
27930
27936
27937
27947
27957
27970
27979
27982
27983
27990
28014
28021
28025
28026
28030
28035
28036
28041
28057
28081
28100
28102
28125
28126
28137
28138
28147
28152
28172
28175
28206
28215
28225
28226
28234
28240
28242
28258
28264
28270
28276
28279
28281
28288
28294
28308
28312
28327
28337
28349
28370
28377
28378
28416
28445
28454
28478
28500
28541
28543
28556
28576
28592
28604
28613
28624
28644
28669
28681
28700
28707
28718
28733
28744
28753
28755
28765
28776
28783
28800
28802
28803
28810
28828
28832
28863
28864
28867
28872
28880
28886
28910
28917
28924
28926
28942
28960
28961
28973
28995
29017
29026
29030
29034
29047
29051
29052
29059
29068
29085
29086
29111
29116
29123
29127
29136
29168
29180
29201
29206
29213
29219
29225
29226
29237
29239
29240
29253
29259
29264
29270
29273
29277
29286
29296
29306
29324
29330
29333
29334
29343
29348
29360
29376
29377
29386
29391
29397
29402
29407
29408
29414
29441
29468
29469
29471
29473
29490
29491
29496
29516
29521
29526
29555
29557
29575
29585
29590
29608
29613
29618
29633
29642
29644
29645
29647
29652
29653
29655
29669
29671
29703
29708
29732
29746
29749
29752
29762
29764
29773
29801
29817
29819
29859
29862
29868
29869
29886
29892
29898
29910
29918
29920
29922
29927
29933
29938
29942
29948
29953
29954
29965
29970
29986
29996
29998
