7
47
68
69
87
91
106
111
115
124
147
168
187
227
247
261
262
268
282
284
308
315
348
353
358
364
369
410
424
429
431
433
442
445
449
451
471
474
485
523
531
550
591
604
628
649
652
655
659
713
718
732
742
763
781
786
794
803
827
828
860
876
932
935
936
937
974
979
995
997
1023
1026
1028
1040
1051
1059
1068
1076
1098
1108
1126
1139
1153
1154
1166
1183
1194
1204
1213
1223
1233
1235
1247
1254
1262
1271
1287
1290
1299
1324
1325
1327
1329
1340
1342
1370
1372
1377
1383
1397
1410
1460
1518
1521
1523
1529
1541
1545
1549
1556
1575
1579
1580
1601
1621
1673
1679
1695
1697
1702
1716
1717
1728
1745
1747
1757
1758
1779
1786
1803
1836
1843
1919
1927
1928
1933
1946
1947
1951
1972
1981
1993
2012
2015
2038
2040
2057
2064
2073
2080
2084
2087
2097
2103
2109
2121
2126
2131
2146
2151
2183
2215
2224
2243
2280
2305
2313
2331
2336
2355
2360
2378
2381
2386
2393
2405
2416
2418
2424
2427
2436
2437
2460
2495
2512
2518
2534
2574
2578
2584
2597
2616
2619
2651
2670
2677
2683
2692
2702
2707
2722
2735
2756
2757
2764
2783
2785
2795
2834
2841
2845
2848
2856
2860
2874
2900
2905
2906
2911
2925
2933
2951
2964
2974
2997
3003
3017
3018
3019
3021
3044
3061
3068
3077
3097
3098
3102
3103
3112
3134
3160
3164
3197
3200
3209
3237
3240
3254
3270
3290
3297
3299
3300
3309
3314
3324
3328
3329
3353
3361
3374
3381
3393
3453
3455
3461
3501
3503
3513
3514
3515
3523
3529
3533
3539
3541
3550
3564
3565
3566
3568
3571
3572
3630
3631
3654
3657
3671
3674
3707
3712
3715
3721
3727
3732
3735
3756
3795
3808
3816
3826
3846
3854
3897
3899
3902
3906
3926
3929
3946
3961
3963
3988
3999
4018
4023
4044
4045
4057
4063
4066
4095
4115
4132
4144
4147
4150
4177
4188
4190
4194
4197
4201
4219
4246
4251
4259
4261
4292
4299
4314
4326
4334
4335
4368
4375
4409
4415
4422
4423
4436
4453
4454
4463
4473
4476
4477
4491
4523
4525
4563
4564
4576
4607
4610
4611
4616
4621
4634
4639
4640
4662
4684
4695
4724
4733
4738
4747
4751
4766
4798
4815
4822
4835
4840
4848
4850
4871
4903
4929
4952
4966
4967
4972
4993
5002
5006
5011
5013
5014
5023
5025
5044
5057
5068
5100
5108
5125
5172
5187
5224
5235
5243
5248
5254
5266
5276
5279
5283
5298
5322
5330
5351
5354
5360
5363
5364
5389
5394
5407
5427
5462
5470
5472
5480
5482
5491
5504
5512
5536
5548
5553
5583
5610
5630
5661
5672
5689
5692
5702
5711
5719
5732
5734
5740
5742
5762
5774
5780
5782
5787
5789
5814
5861
5872
5882
5884
5899
5918
5936
5950
5970
5986
5987
5991
6000
6001
6003
6008
6015
6032
6052
6072
6103
6104
6130
6147
6205
6217
6226
6231
6237
6280
6290
6300
6324
6341
6371
6374
6407
6408
6450
6454
6487
6488
6526
6527
6538
6557
6567
6570
6571
6577
6595
6597
6605
6610
6611
6613
6624
6641
6645
6648
6698
6713
6715
6726
6744
6760
6764
6774
6775
6776
6784
6786
6793
6796
6801
6803
6804
6818
6825
6862
6876
6881
6882
6912
6953
6974
6985
7037
7072
7090
7116
7122
7130
7140
7192
7196
7219
7246
7249
7263
7266
7273
7279
7286
7292
7318
7330
7342
7346
7347
7349
7357
7363
7404
7409
7486
7557
7567
7576
7614
7617
7647
7666
7677
7682
7688
7690
7721
7733
7740
7749
7767
7775
7786
7797
7798
7805
7814
7833
7839
7842
7846
7884
7896
7902
7904
7913
7925
7930
7943
7960
7986
8037
8058
8062
8067
8071
8073
8087
8112
8152
8162
8163
8171
8173
8174
8177
8184
8219
8223
8227
8239
8241
8257
8266
8269
8275
8283
8286
8314
8315
8328
8339
8344
8365
8372
8376
8384
8400
8401
8403
8406
8413
8432
8458
8467
8485
8492
8514
8518
8519
8542
8552
8591
8603
8606
8617
8634
8640
8649
8656
8673
8675
8692
8706
8717
8721
8731
8740
8766
8767
8781
8790
8815
8861
8883
8913
8954
8963
8965
8992
9020
9022
9027
9030
9031
9039
9045
9052
9053
9054
9060
9062
9066
9083
9089
9098
9106
9107
9155
9158
9167
9179
9195
9201
9203
9208
9215
9230
9243
9246
9250
9300
9306
9307
9308
9319
9329
9365
9376
9380
9411
9419
9437
9440
9458
9474
9485
9494
9495
9501
9513
9520
9531
9534
9548
9553
9556
9570
9576
9580
9582
9587
9603
9624
9625
9627
9649
9656
9676
9716
9723
9756
9793
9828
9831
9848
9850
9864
9872
9874
9889
9910
9920
9948
9951
9955
9971
9980
10017
10021
10034
10041
10046
10051
10067
10071
10093
10098
10115
10125
10138
10149
10153
10155
10159
10160
10173
10190
10201
10221
10239
10271
10278
10281
10293
10294
10325
10340
10342
10361
10364
10376
10379
10386
10393
10397
10419
10434
10436
10471
10491
10493
10513
10525
10543
10550
10552
10553
10558
10576
10580
10583
10587
10592
10603
10654
10660
10662
10674
10683
10684
10688
10710
10729
10742
10745
10761
10772
10795
10802
10806
10813
10827
10838
10840
10852
10863
10864
10881
10883
10896
10902
10913
10915
10945
10962
10968
10997
10998
11063
11079
11094
11105
11106
11114
11117
11118
11126
11137
11150
11168
11188
11191
11200
11205
11208
11213
11217
11222
11235
11239
11262
11271
11272
11273
11300
11311
11313
11323
11328
11349
11350
11358
11363
11380
11394
11397
11413
11419
11422
11438
11441
11442
11446
11450
11510
11513
11519
11525
11527
11529
11542
11561
11566
11574
11584
11594
11603
11608
11609
11624
11634
11637
11642
11649
11665
11685
11691
11699
11730
11735
11746
11751
11787
11805
11852
11858
11862
11864
11865
11892
11905
11910
11927
11935
11961
11991
11993
11997
12004
12005
12020
12024
12051
12080
12081
12100
12111
12112
12129
12148
12151
12155
12156
12159
12164
12171
12175
12219
12226
12230
12240
12245
12282
12302
12308
12325
12330
12341
12342
12359
12386
12396
12401
12417
12423
12451
12458
12468
12472
12475
12476
12479
12481
12504
12511
12549
12559
12566
12576
12588
12602
12621
12629
12635
12636
12657
12673
12677
12682
12688
12708
12729
12741
12748
12755
12757
12763
12772
12773
12774
12790
12814
12819
12853
12858
12882
12895
12912
12926
12933
12940
12960
12965
13005
13009
13018
13032
13058
13061
13067
13071
13084
13085
13086
13115
13124
13133
13157
13162
13169
13177
13193
13194
13206
13212
13219
13224
13265
13279
13284
13292
13307
13308
13314
13316
13331
13333
13347
13350
13359
13371
13379
13383
13385
13394
13395
13407
13444
13448
13474
13481
13491
13503
13527
13538
13557
13560
13568
13597
13611
13614
13649
13652
13656
13667
13696
13699
13702
13736
13759
13770
13771
13774
13784
13790
13804
13807
13809
13814
13842
13848
13849
13873
13895
13896
13900
13908
13914
13927
13932
13941
13950
13951
13990
14006
14033
14050
14058
14080
14086
14089
14123
14125
14133
14134
14185
14187
14196
14222
14250
14261
14275
14284
14306
14307
14316
14334
14339
14348
14350
14351
14365
14371
14372
14381
14383
14396
14407
14443
14444
14453
14458
14467
14476
14478
14480
14485
14493
14525
14530
14539
14562
14578
14584
14605
14635
14639
14644
14646
14668
14669
14672
14696
14721
14725
14735
14751
14761
14763
14766
14770
14778
14804
14811
14812
14841
14852
14861
14865
14883
14904
14913
14926
14927
14939
14944
14952
14970
14971
14974
14980
15002
15016
15021
15023
15055
15057
15060
15093
15110
15112
15133
15138
15139
15140
15154
15155
15158
15159
15165
15169
15176
15184
15189
15191
15194
15200
15241
15256
15285
15294
15313
15330
15350
15352
15358
15360
15380
15386
15401
15425
15427
15442
15443
15444
15450
15459
15477
15484
15501
15527
15554
15564
15567
15569
15570
15582
15585
15586
15605
15615
15624
15636
15638
15646
15651
15654
15672
15674
15682
15710
15797
15808
15811
15812
15813
15819
15827
15840
15842
15843
15846
15857
15873
15875
15905
15930
15950
15955
15963
15965
15984
16002
16004
16008
16014
16023
16042
16073
16098
16105
16114
16127
16128
16132
16140
16146
16156
16170
16175
16195
16196
16201
16223
16226
16227
16229
16237
16239
16250
16262
16276
16283
16295
16309
16327
16346
16351
16359
16366
16373
16377
16393
16419
16425
16440
16453
16454
16475
16511
16522
16561
16605
16610
16634
16639
16642
16648
16654
16660
16665
16668
16677
16680
16684
16685
16719
16744
16760
16762
16778
16794
16795
16814
16852
16855
16857
16881
16883
16885
16887
16905
16946
16969
16975
16981
16982
16990
17002
17012
17021
17032
17037
17072
17078
17085
17090
17128
17145
17147
17175
17179
17184
17194
17216
17220
17221
17234
17254
17266
17284
17291
17305
17319
17339
17343
17353
17372
17386
17388
17397
17401
17406
17422
17426
17448
17457
17460
17461
17491
17492
17502
17509
17536
17562
17575
17581
17593
17608
17615
17635
17639
17651
17667
17668
17693
17695
17698
17727
17733
17741
17755
17758
17763
17771
17793
17796
17810
17827
17866
17871
17872
17874
17901
17902
17921
17929
17931
17983
18014
18031
18039
18041
18042
18055
18090
18101
18107
18137
18164
18181
18190
18192
18195
18215
18217
18262
18274
18277
18287
18304
18318
18321
18332
18354
18367
18391
18393
18420
18434
18436
18437
18438
18442
18451
18453
18463
18465
18476
18477
18479
18491
18498
18510
18519
18529
18530
18555
18594
18621
18627
18633
18696
18702
18707
18718
18737
18755
18759
18770
18771
18795
18800
18841
18847
18848
18859
18877
18887
18888
18890
18891
18898
18906
18938
18940
18950
18957
18986
18988
18991
19001
19006
19031
19035
19038
19045
19049
19063
19076
19088
19093
19124
19131
19133
19145
19167
19182
19218
19238
19249
19255
19295
19304
19321
19351
19376
19390
19402
19437
19446
19450
19459
19471
19476
19486
19510
19520
19548
19552
19571
19572
19583
19609
19636
19638
19664
19681
19687
19714
19719
19732
19736
19750
19755
19761
19765
19769
19771
19777
19790
19812
19813
19830
19867
19893
19907
19911
19915
19924
19932
19948
19955
19965
19976
19985
20046
20061
20069
20071
20076
20080
20088
20092
20093
20108
20141
20154
20170
20191
20194
20213
20240
20266
20279
20281
20282
20309
20325
20362
20387
20391
20398
20415
20441
20443
20465
20471
20483
20485
20494
20498
20503
20515
20517
20520
20538
20545
20554
20578
20588
20592
20624
20634
20652
20665
20684
20688
20697
20713
20716
20733
20735
20744
20746
20761
20763
20767
20768
20779
20786
20811
20816
20822
20832
20847
20864
20886
20891
20915
20917
20927
20935
20938
20943
20953
20988
21015
21027
21038
21066
21079
21091
21104
21107
21113
21125
21132
21134
21150
21160
21161
21167
21176
21182
21193
21202
21218
21229
21244
21265
21290
21314
21333
21334
21340
21342
21369
21411
21413
21418
21424
21449
21453
21454
21457
21461
21466
21477
21497
21502
21557
21561
21566
21569
21580
21588
21605
21629
21645
21653
21656
21660
21664
21666
21668
21690
21704
21707
21712
21715
21731
21734
21745
21751
21753
21764
21786
21795
21796
21798
21799
21817
21856
21862
21869
21874
21880
21889
21896
21908
21948
21960
21963
21970
21971
21972
21981
21994
21999
22024
22028
22052
22071
22074
22092
22111
22116
22126
22127
22139
22145
22150
22166
22169
22172
22178
22183
22204
22212
22218
22238
22247
22251
22255
22256
22258
22286
22297
22300
22305
22308
22322
22327
22333
22335
22343
22363
22406
22412
22432
22436
22445
22451
22463
22469
22470
22471
22479
22505
22514
22523
22525
22543
22549
22552
22566
22599
22628
22638
22659
22661
22667
22671
22683
22688
22699
22711
22713
22718
22736
22754
22763
22780
22798
22802
22805
22806
22818
22825
22833
22838
22845
22847
22881
22903
22907
22921
22923
22928
22940
22952
22957
22962
22964
22970
22986
23000
23002
23009
23051
23062
23066
23067
23077
23082
23087
23090
23092
23107
23118
23119
23120
23123
23127
23135
23172
23199
23222
23224
23229
23237
23240
23243
23247
23253
23285
23288
23303
23321
23326
23336
23384
23394
23395
23410
23413
23438
23449
23467
23470
23478
23488
23498
23499
23504
23506
23512
23520
23538
23547
23567
23568
23584
23586
23589
23603
23605
23633
23642
23658
23661
23670
23674
23692
23719
23724
23729
23731
23733
23736
23763
23769
23780
23832
23858
23870
23874
23881
23888
23900
23902
23940
23966
23974
23991
24011
24017
24029
24032
24038
24043
24053
24071
24072
24094
24097
24108
24129
24140
24160
24169
24176
24180
24183
24200
24206
24208
24213
24241
24244
24253
24262
24268
24287
24295
24299
24343
24353
24369
24383
24384
24397
24399
24480
24486
24488
24491
24494
24500
24523
24540
24548
24566
24579
24589
24598
24611
24631
24639
24642
24649
24692
24698
24700
24710
24715
24726
24742
24756
24786
24790
24829
24833
24838
24869
24890
24902
24933
24935
24940
24946
24990
25009
25013
25034
25037
25045
25046
25053
25055
25091
25094
25113
25132
25145
25156
25160
25161
25162
25163
25164
25174
25175
25182
25191
25195
25204
25218
25240
25266
25268
25324
25352
25363
25367
25375
25385
25388
25399
25413
25421
25423
25446
25480
25489
25520
25521
25543
25565
25580
25594
25595
25605
25618
25626
25646
25668
25678
25682
25695
25709
25735
25740
25750
25773
25792
25795
25811
25821
25865
25867
25868
25879
25891
25897
25898
25901
25911
25928
25952
25961
25967
26001
26007
26016
26020
26023
26045
26061
26062
26082
26099
26119
26120
26128
26136
26147
26154
26162
26187
26209
26228
26239
26272
26277
26281
26282
26296
26307
26311
26316
26318
26319
26327
26335
26339
26356
26367
26372
26381
26384
26433
26436
26438
26444
26448
26467
26468
26475
26486
26509
26520
26528
26543
26548
26551
26559
26562
26563
26604
26606
26621
26628
26629
26636
26637
26638
26639
26647
26666
26712
26740
26746
26765
26772
26774
26795
26805
26830
26837
26838
26848
26854
26858
26869
26873
26874
26884
26921
26944
26945
26947
26948
26955
26959
26977
26980
27013
27014
27056
27063
27079
27080
27106
27116
27135
27145
27175
27196
27198
27257
27275
27304
27307
27325
27359
27361
27370
27379
27387
27388
27398
27404
27413
27418
27430
27452
27478
27484
27492
27504
27519
27521
27537
27540
27573
27586
27603
27607
27610
27632
27633
27638
27648
27665
27684
27706
27728
27730
27735
27736
27742
27750
27771
27794
27817
27860
27868
27870
27875
27925
27928
27931
27937
27942
27945
27947
27966
28002
28007
28009
28025
28054
28056
28065
28098
28159
28161
28164
28173
28180
28201
28203
28221
28226
28227
28232
28239
28243
28260
28279
28285
28292
28296
28302
28305
28311
28340
28357
28374
28377
28394
28399
28414
28429
28465
28470
28474
28480
28481
28502
28509
28515
28544
28551
28562
28572
28574
28576
28598
28600
28625
28629
28634
28663
28669
28672
28686
28694
28696
28705
28721
28731
28734
28745
28750
28804
28807
28827
28844
28861
28872
28909
28943
28951
28954
28961
28965
28974
28983
28987
28997
29000
29027
29036
29071
29081
29120
29129
29132
29140
29150
29152
29163
29164
29168
29176
29177
29192
29197
29231
29245
29251
29257
29263
29264
29278
29289
29308
29317
29320
29323
29341
29367
29384
29385
29389
29408
29420
29425
29460
29482
29489
29490
29501
29502
29509
29510
29512
29537
29540
29550
29552
29565
29570
29589
29605
29606
29607
29614
29619
29646
29648
29695
29700
29710
29720
29776
29841
29844
29846
29881
29883
29886
29892
29900
29912
29915
29919
29920
29951
29961
29962
29973
29992
--------
7
47
68
69
87
91
106
111
115
124
147
168
187
227
247
261
262
268
282
284
308
315
348
353
358
364
369
410
424
429
431
433
442
445
449
451
471
474
485
523
531
550
591
604
628
649
652
655
659
713
718
732
742
763
781
786
794
803
827
828
860
876
932
935
936
937
974
979
995
997
1023
1026
1028
1040
1051
1059
1068
1076
1098
1108
1126
1139
1153
1154
1166
1183
1194
1204
1213
1223
1233
1235
1247
1254
1262
1271
1287
1290
1299
1324
1325
1327
1329
1340
1342
1370
1372
1377
1383
1397
1410
1460
1518
1521
1523
1529
1541
1545
1549
1556
1575
1579
1580
1601
1621
1673
1679
1695
1697
1702
1716
1717
1728
1745
1747
1757
1758
1779
1786
1803
1836
1843
1919
1927
1928
1933
1946
1947
1951
1972
1981
1993
2012
2015
2038
2040
2057
2064
2073
2080
2084
2087
2097
2103
2109
2121
2126
2131
2146
2151
2183
2215
2224
2243
2280
2305
2313
2331
2336
2355
2360
2378
2381
2386
2393
2405
2416
2418
2424
2427
2436
2437
2460
2495
2512
2518
2534
2574
2578
2584
2597
2616
2619
2651
2670
2677
2683
2692
2702
2707
2722
2735
2756
2757
2764
2783
2785
2795
2834
2841
2845
2848
2856
2860
2874
2900
2905
2906
2911
2925
2933
2951
2964
2974
2997
3003
3017
3018
3019
3021
3044
3061
3068
3077
3097
3098
3102
3103
3112
3134
3160
3164
3197
3200
3209
3237
3240
3254
3270
3290
3297
3299
3300
3309
3314
3324
3328
3329
3353
3361
3374
3381
3393
3453
3455
3461
3501
3503
3513
3514
3515
3523
3529
3533
3539
3541
3550
3564
3565
3566
3568
3571
3572
3630
3631
3654
3657
3671
3674
3707
3712
3715
3721
3727
3732
3735
3756
3795
3808
3816
3826
3846
3854
3897
3899
3902
3906
3926
3929
3946
3961
3963
3988
3999
4018
4023
4044
4045
4057
4063
4066
4095
4115
4132
4144
4147
4150
4177
4188
4190
4194
4197
4201
4219
4246
4251
4259
4261
4292
4299
4314
4326
4334
4335
4368
4375
4409
4415
4422
4423
4436
4453
4454
4463
4473
4476
4477
4491
4523
4525
4563
4564
4576
4607
4610
4611
4616
4621
4634
4639
4640
4662
4684
4695
4724
4733
4738
4747
4751
4766
4798
4815
4822
4835
4840
4848
4850
4871
4903
4929
4952
4966
4967
4972
4993
5002
5006
5011
5013
5014
5023
5025
5044
5057
5068
5100
5108
5125
5172
5187
5224
5235
5243
5248
5254
5266
5276
5279
5283
5298
5322
5330
5351
5354
5360
5363
5364
5389
5394
5407
5427
5462
5470
5472
5480
5482
5491
5504
5512
5536
5548
5553
5583
5610
5630
5661
5672
5689
5692
5702
5711
5719
5732
5734
5740
5742
5762
5774
5780
5782
5787
5789
5814
5861
5872
5882
5884
5899
5918
5936
5950
5970
5986
5987
5991
6000
6001
6003
6008
6015
6032
6052
6072
6103
6104
6130
6147
6205
6217
6226
6231
6237
6280
6290
6300
6324
6341
6371
6374
6407
6408
6450
6454
6487
6488
6526
6527
6538
6557
6567
6570
6571
6577
6595
6597
6605
6610
6611
6613
6624
6641
6645
6648
6698
6713
6715
6726
6744
6760
6764
6774
6775
6776
6784
6786
6793
6796
6801
6803
6804
6818
6825
6862
6876
6881
6882
6912
6953
6974
6985
7037
7072
7090
7116
7122
7130
7140
7192
7196
7219
7246
7249
7263
7266
7273
7279
7286
7292
7318
7330
7342
7346
7347
7349
7357
7363
7404
7409
7486
7557
7567
7576
7614
7617
7647
7666
7677
7682
7688
7690
7721
7733
7740
7749
7767
7775
7786
7797
7798
7805
7814
7833
7839
7842
7846
7884
7896
7902
7904
7913
7925
7930
7943
7960
7986
8037
8058
8062
8067
8071
8073
8087
8112
8152
8162
8163
8171
8173
8174
8177
8184
8219
8223
8227
8239
8241
8257
8266
8269
8275
8283
8286
8314
8315
8328
8339
8344
8365
8372
8376
8384
8400
8401
8403
8406
8413
8432
8458
8467
8485
8492
8514
8518
8519
8542
8552
8591
8603
8606
8617
8634
8640
8649
8656
8673
8675
8692
8706
8717
8721
8731
8740
8766
8767
8781
8790
8815
8861
8883
8913
8954
8963
8965
8992
9020
9022
9027
9030
9031
9039
9045
9052
9053
9054
9060
9062
9066
9083
9089
9098
9106
9107
9155
9158
9167
9179
9195
9201
9203
9208
9215
9230
9243
9246
9250
9300
9306
9307
9308
9319
9329
9365
9376
9380
9411
9419
9437
9440
9458
9474
9485
9494
9495
9501
9513
9520
9531
9534
9548
9553
9556
9570
9576
9580
9582
9587
9603
9624
9625
9627
9649
9656
9676
9716
9723
9756
9793
9828
9831
9848
9850
9864
9872
9874
9889
9910
9920
9948
9951
9955
9971
9980
10017
10021
10034
10041
10046
10051
10067
10071
10093
10098
10115
10125
10138
10149
10153
10155
10159
10160
10173
10190
10201
10221
10239
10271
10278
10281
10293
10294
10325
10340
10342
10361
10364
10376
10379
10386
10393
10397
10419
10434
10436
10471
10491
10493
10513
10525
10543
10550
10552
10553
10558
10576
10580
10583
10587
10592
10603
10654
10660
10662
10674
10683
10684
10688
10710
10729
10742
10745
10761
10772
10795
10802
10806
10813
10827
10838
10840
10852
10863
10864
10881
10883
10896
10902
10913
10915
10945
10962
10968
10997
10998
11063
11079
11094
11105
11106
11114
11117
11118
11126
11137
11150
11168
11188
11191
11200
11205
11208
11213
11217
11222
11235
11239
11262
11271
11272
11273
11300
11311
11313
11323
11328
11349
11350
11358
11363
11380
11394
11397
11413
11419
11422
11438
11441
11442
11446
11450
11510
11513
11519
11525
11527
11529
11542
11561
11566
11574
11584
11594
11603
11608
11609
11624
11634
11637
11642
11649
11665
11685
11691
11699
11730
11735
11746
11751
11787
11805
11852
11858
11862
11864
11865
11892
11905
11910
11927
11935
11961
11991
11993
11997
12004
12005
12020
12024
12051
12080
12081
12100
12111
12112
12129
12148
12151
12155
12156
12159
12164
12171
12175
12219
12226
12230
12240
12245
12282
12302
12308
12325
12330
12341
12342
12359
12386
12396
12401
12417
12423
12451
12458
12468
12472
12475
12476
12479
12481
12504
12511
12549
12559
12566
12576
12588
12602
12621
12629
12635
12636
12657
12673
12677
12682
12688
12708
12729
12741
12748
12755
12757
12763
12772
12773
12774
12790
12814
12819
12853
12858
12882
12895
12912
12926
12933
12940
12960
12965
13005
13009
13018
13032
13058
13061
13067
13071
13084
13085
13086
13115
13124
13133
13157
13162
13169
13177
13193
13194
13206
13212
13219
13224
13265
13279
13284
13292
13307
13308
13314
13316
13331
13333
13347
13350
13359
13371
13379
13383
13385
13394
13395
13407
13444
13448
13474
13481
13491
13503
13527
13538
13557
13560
13568
13597
13611
13614
13649
13652
13656
13667
13696
13699
13702
13736
13759
13770
13771
13774
13784
13790
13804
13807
13809
13814
13842
13848
13849
13873
13895
13896
13900
13908
13914
13927
13932
13941
13950
13951
13990
14006
14033
14050
14058
14080
14086
14089
14123
14125
14133
14134
14185
14187
14196
14222
14250
14261
14275
14284
14306
14307
14316
14334
14339
14348
14350
14351
14365
14371
14372
14381
14383
14396
14407
14443
14444
14453
14458
14467
14476
14478
14480
14485
14493
14525
14530
14539
14562
14578
14584
14605
14635
14639
14644
14646
14668
14669
14672
14696
14721
14725
14735
14751
14761
14763
14766
14770
14778
14804
14811
14812
14841
14852
14861
14865
14883
14904
14913
14926
14927
14939
14944
14952
14970
14971
14974
14980
15002
15016
15021
15023
15055
15057
15060
15093
15110
15112
15133
15138
15139
15140
15154
15155
15158
15159
15165
15169
15176
15184
15189
15191
15194
15200
15241
15256
15285
15294
15313
15330
15350
15352
15358
15360
15380
15386
15401
15425
15427
15442
15443
15444
15450
15459
15477
15484
15501
15527
15554
15564
15567
15569
15570
15582
15585
15586
15605
15615
15624
15636
15638
15646
15651
15654
15672
15674
15682
15710
15797
15808
15811
15812
15813
15819
15827
15840
15842
15843
15846
15857
15873
15875
15905
15930
15950
15955
15963
15965
15984
16002
16004
16008
16014
16023
16042
16073
16098
16105
16114
16127
16128
16132
16140
16146
16156
16170
16175
16195
16196
16201
16223
16226
16227
16229
16237
16239
16250
16262
16276
16283
16295
16309
16327
16346
16351
16359
16366
16373
16377
16393
16419
16425
16440
16453
16454
16475
16511
16522
16561
16605
16610
16634
16639
16642
16648
16654
16660
16665
16668
16677
16680
16684
16685
16719
16744
16760
16762
16778
16794
16795
16814
16852
16855
16857
16881
16883
16885
16887
16905
16946
16969
16975
16981
16982
16990
17002
17012
17021
17032
17037
17072
17078
17085
17090
17128
17145
17147
17175
17179
17184
17194
17216
17220
17221
17234
17254
17266
17284
17291
17305
17319
17339
17343
17353
17372
17386
17388
17397
17401
17406
17422
17426
17448
17457
17460
17461
17491
17492
17502
17509
17536
17562
17575
17581
17593
17608
17615
17635
17639
17651
17667
17668
17693
17695
17698
17727
17733
17741
17755
17758
17763
17771
17793
17796
17810
17827
17866
17871
17872
17874
17901
17902
17921
17929
17931
17983
18014
18031
18039
18041
18042
18055
18090
18101
18107
18137
18164
18181
18190
18192
18195
18215
18217
18262
18274
18277
18287
18304
18318
18321
18332
18354
18367
18391
18393
18420
18434
18436
18437
18438
18442
18451
18453
18463
18465
18476
18477
18479
18491
18498
18510
18519
18529
18530
18555
18594
18621
18627
18633
18696
18702
18707
18718
18737
18755
18759
18770
18771
18795
18800
18841
18847
18848
18859
18877
18887
18888
18890
18891
18898
18906
18938
18940
18950
18957
18986
18988
18991
19001
19006
19031
19035
19038
19045
19049
19063
19076
19088
19093
19124
19131
19133
19145
19167
19182
19218
19238
19249
19255
19295
19304
19321
19351
19376
19390
19402
19437
19446
19450
19459
19471
19476
19486
19510
19520
19548
19552
19571
19572
19583
19609
19636
19638
19664
19681
19687
19714
19719
19732
19736
19750
19755
19761
19765
19769
19771
19777
19790
19812
19813
19830
19867
19893
19907
19911
19915
19924
19932
19948
19955
19965
19976
19985
20046
20061
20069
20071
20076
20080
20088
20092
20093
20108
20141
20154
20170
20191
20194
20213
20240
20266
20279
20281
20282
20309
20325
20362
20387
20391
20398
20415
20441
20443
20465
20471
20483
20485
20494
20498
20503
20515
20517
20520
20538
20545
20554
20578
20588
20592
20624
20634
20652
20665
20684
20688
20697
20713
20716
20733
20735
20744
20746
20761
20763
20767
20768
20779
20786
20811
20816
20822
20832
20847
20864
20886
20891
20915
20917
20927
20935
20938
20943
20953
20988
21015
21027
21038
21066
21079
21091
21104
21107
21113
21125
21132
21134
21150
21160
21161
21167
21176
21182
21193
21202
21218
21229
21244
21265
21290
21314
21333
21334
21340
21342
21369
21411
21413
21418
21424
21449
21453
21454
21457
21461
21466
21477
21497
21502
21557
21561
21566
21569
21580
21588
21605
21629
21645
21653
21656
21660
21664
21666
21668
21690
21704
21707
21712
21715
21731
21734
21745
21751
21753
21764
21786
21795
21796
21798
21799
21817
21856
21862
21869
21874
21880
21889
21896
21908
21948
21960
21963
21970
21971
21972
21981
21994
21999
22024
22028
22052
22071
22074
22092
22111
22116
22126
22127
22139
22145
22150
22166
22169
22172
22178
22183
22204
22212
22218
22238
22247
22251
22255
22256
22258
22286
22297
22300
22305
22308
22322
22327
22333
22335
22343
22363
22406
22412
22432
22436
22445
22451
22463
22469
22470
22471
22479
22505
22514
22523
22525
22543
22549
22552
22566
22599
22628
22638
22659
22661
22667
22671
22683
22688
22699
22711
22713
22718
22736
22754
22763
22780
22798
22802
22805
22806
22818
22825
22833
22838
22845
22847
22881
22903
22907
22921
22923
22928
22940
22952
22957
22962
22964
22970
22986
23000
23002
23009
23051
23062
23066
23067
23077
23082
23087
23090
23092
23107
23118
23119
23120
23123
23127
23135
23172
23199
23222
23224
23229
23237
23240
23243
23247
23253
23285
23288
23303
23321
23326
23336
23384
23394
23395
23410
23413
23438
23449
23467
23470
23478
23488
23498
23499
23504
23506
23512
23520
23538
23547
23567
23568
23584
23586
23589
23603
23605
23633
23642
23658
23661
23670
23674
23692
23719
23724
23729
23731
23733
23736
23763
23769
23780
23832
23858
23870
23874
23881
23888
23900
23902
23940
23966
23974
23991
24011
24017
24029
24032
24038
24043
24053
24071
24072
24094
24097
24108
24129
24140
24160
24169
24176
24180
24183
24200
24206
24208
24213
24241
24244
24253
24262
24268
24287
24295
24299
24343
24353
24369
24383
24384
24397
24399
24480
24486
24488
24491
24494
24500
24523
24540
24548
24566
24579
24589
24598
24611
24631
24639
24642
24649
24692
24698
24700
24710
24715
24726
24742
24756
24786
24790
24829
24833
24838
24869
24890
24902
24933
24935
24940
24946
24990
25009
25013
25034
25037
25045
25046
25053
25055
25091
25094
25113
25132
25145
25156
25160
25161
25162
25163
25164
25174
25175
25182
25191
25195
25204
25218
25240
25266
25268
25324
25352
25363
25367
25375
25385
25388
25399
25413
25421
25423
25446
25480
25489
25520
25521
25543
25565
25580
25594
25595
25605
25618
25626
25646
25668
25678
25682
25695
25709
25735
25740
25750
25773
25792
25795
25811
25821
25865
25867
25868
25879
25891
25897
25898
25901
25911
25928
25952
25961
25967
26001
26007
26016
26020
26023
26045
26061
26062
26082
26099
26119
26120
26128
26136
26147
26154
26162
26187
26209
26228
26239
26272
26277
26281
26282
26296
26307
26311
26316
26318
26319
26327
26335
26339
26356
26367
26372
26381
26384
26433
26436
26438
26444
26448
26467
26468
26475
26486
26509
26520
26528
26543
26548
26551
26559
26562
26563
26604
26606
26621
26628
26629
26636
26637
26638
26639
26647
26666
26712
26740
26746
26765
26772
26774
26795
26805
26830
26837
26838
26848
26854
26858
26869
26873
26874
26884
26921
26944
26945
26947
26948
26955
26959
26977
26980
27013
27014
27056
27063
27079
27080
27106
27116
27135
27145
27175
27196
27198
27257
27275
27304
27307
27325
27359
27361
27370
27379
27387
27388
27398
27404
27413
27418
27430
27452
27478
27484
27492
27504
27519
27521
27537
27540
27573
27586
27603
27607
27610
27632
27633
27638
27648
27665
27684
27706
27728
27730
27735
27736
27742
27750
27771
27794
27817
27860
27868
27870
27875
27925
27928
27931
27937
27942
27945
27947
27966
28002
28007
28009
28025
28054
28056
28065
28098
28159
28161
28164
28173
28180
28201
28203
28221
28226
28227
28232
28239
28243
28260
28279
28285
28292
28296
28302
28305
28311
28340
28357
28374
28377
28394
28399
28414
28429
28465
28470
28474
28480
28481
28502
28509
28515
28544
28551
28562
28572
28574
28576
28598
28600
28625
28629
28634
28663
28669
28672
28686
28694
28696
28705
28721
28731
28734
28745
28750
28804
28807
28827
28844
28861
28872
28909
28943
28951
28954
28961
28965
28974
28983
28987
28997
29000
29027
29036
29071
29081
29120
29129
29132
29140
29150
29152
29163
29164
29168
29176
29177
29192
29197
29231
29245
29251
29257
29263
29264
29278
29289
29308
29317
29320
29323
29341
29367
29384
29385
29389
29408
29420
29425
29460
29482
29489
29490
29501
29502
29509
29510
29512
29537
29540
29550
29552
29565
29570
29589
29605
29606
29607
29614
29619
29646
29648
29695
29700
29710
29720
29776
29841
29844
29846
29881
29883
29886
29892
29900
29912
29915
29919
29920
29951
29961
29962
29973
29992
