71
78
127
145
184
187
214
244
325
367
564
573
601
613
654
682
710
811
815
876
940
948
970
1032
1045
1065
1072
1081
1103
1170
1196
1214
1297
1347
1369
1415
1441
1590
1654
1755
1799
1802
1811
1852
1863
1971
2014
2023
2050
2091
2166
2210
2392
2402
2441
2469
2472
2474
2570
2609
2615
2654
2726
2818
2819
2918
3058
3105
3119
3135
3192
3253
3323
3443
3465
3474
3479
3515
3523
3536
3700
3706
3713
3750
3756
3838
3852
3875
3912
3939
3955
3966
3998
4011
4102
4112
4128
4187
4192
4208
4241
4277
4291
4305
4313
4321
4350
4363
4418
4502
4510
4548
4559
4570
4576
4609
4616
4627
4696
4768
4838
4853
4872
4898
4948
5034
5063
5099
5108
5121
5156
5170
5182
5190
5217
5227
5242
5269
5285
5295
5350
5354
5378
5458
5541
5552
5639
5794
5813
5876
5912
5923
5928
6111
6125
6137
6150
6154
6225
6265
6274
6370
6402
6409
6532
6561
6567
6578
6631
6692
6729
6786
6844
6864
6866
6867
6868
6913
6918
6957
6965
6972
6978
6986
7106
7248
7270
7273
7287
7400
7403
7483
7581
7596
7616
7642
7707
7751
7752
7771
7806
7823
7883
7971
7992
8095
8155
8166
8178
8191
8233
8245
8300
8331
8367
8468
8481
8628
8689
8715
8751
8761
8847
8865
8929
8954
9000
9006
9117
9418
9421
9426
9457
9493
9498
9633
9659
9712
9721
9724
9725
9752
9765
9785
9788
9813
9888
9904
9957
9970
10000
10075
10110
10254
10327
10351
10392
10400
10481
10505
10554
10587
10610
10645
10655
10693
10714
10745
10962
10965
11054
11145
11148
11218
11221
11224
11245
11314
11342
11355
11423
11451
11482
11494
11651
11722
11838
11941
11987
12182
12226
12274
12277
12323
12362
12369
12383
12411
12413
12568
12603
12614
12660
12703
12713
12718
12743
12887
12909
12947
12969
13003
13005
13016
13039
13040
13056
13105
13182
13185
13219
13223
13364
13384
13430
13433
13469
13506
13645
13690
13747
13786
13787
13861
13862
13883
13892
13908
13923
13975
14007
14082
14133
14136
14197
14275
14279
14288
14319
14352
14357
14419
14421
14459
14494
14532
14536
14557
14562
14582
14584
14747
14755
14760
14848
15057
15169
15205
15294
15301
15356
15384
15394
15535
15626
15643
15664
15683
15703
15758
15783
15785
15814
15815
15861
15874
15881
15969
15986
16125
16213
16335
16416
16438
16491
16575
16641
16661
16688
16729
16786
16846
16872
16885
16889
16927
16940
17028
17056
17073
17077
17110
17229
17234
17250
17257
17270
17296
17450
17488
17494
17508
17535
17542
17572
17617
17633
17697
17731
17774
17781
17793
17808
17816
17884
17970
18003
18047
18083
18133
18137
18145
18176
18193
18195
18258
18306
18321
18333
18361
18383
18394
18424
18461
18489
18510
18511
18559
18578
18616
18640
18661
18677
18718
18734
18803
18831
18868
18895
18945
19053
19055
19153
19209
19225
19231
19317
19353
19390
19394
19417
19421
19508
19531
19619
19667
19707
19731
19786
19826
19866
19935
19981
20084
20102
20114
20121
20175
20199
20221
20330
20350
20352
20387
20408
20431
20540
20546
20576
20590
20601
20810
20823
20862
20868
20875
20904
20907
21051
21070
21089
21114
21138
21187
21264
21292
21328
21381
21399
21470
21471
21479
21554
21650
21677
21679
21685
21686
21705
21739
21842
21893
21912
21924
21969
22200
22377
22384
22412
22472
22562
22575
22581
22650
22654
22669
22696
22719
22740
22762
22787
22795
22823
22869
22947
22994
22999
23133
23191
23205
23260
23270
23293
23303
23347
23350
23392
23394
23398
23405
23425
23471
23513
23524
23536
23569
23586
23645
23649
23652
23712
23715
23920
23993
24002
24012
24021
24097
24132
24163
24191
24225
24238
24254
24269
24304
24316
24350
24405
24420
24467
24518
24562
24572
24634
24844
24862
24865
24902
24994
25064
25065
25097
25194
25216
25227
25302
25335
25468
25547
25576
25585
25592
25594
25604
25670
25701
25718
25733
25811
25823
25887
25897
26030
26061
26129
26153
26166
26168
26197
26224
26253
26345
26398
26404
26411
26442
26469
26629
26655
26674
26679
26688
26707
26759
26764
26769
26808
26816
26829
26888
26939
26957
27043
27046
27069
27173
27208
27395
27499
27642
27656
27693
27769
27863
27868
27905
27916
27953
27981
28002
28010
28023
28192
28222
28265
28333
28364
28459
28464
28539
28565
28569
28584
28647
28748
28759
28776
28888
28893
28976
29021
29031
29032
29078
29086
29094
29098
29183
29195
29196
29235
29304
29307
29349
29433
29439
29453
29534
29567
29714
29748
29760
29761
29801
29830
29857
29875
30008
30013
30054
30063
30171
30230
30292
30332
30379
30422
30424
30438
30478
30498
30581
30690
30716
30749
30815
30913
30961
30983
30993
31046
31049
31113
31178
31258
31268
31280
31320
31326
31338
31397
31437
31532
31607
31681
31683
31767
31772
31802
31828
31862
31871
31934
31953
31994
31996
32012
32017
32049
32068
32080
32099
32110
32122
32208
32247
32250
32308
32328
32347
32436
32492
32493
32561
32569
32603
32671
32686
32707
32710
32713
32718
32874
32891
32910
32936
32938
32991
33035
33074
33129
33147
33188
33240
33249
33307
33398
33423
33476
33551
33563
33568
33673
33682
33688
33783
33835
33842
33889
33891
33912
34040
34340
34367
34372
34446
34598
34678
34773
34780
34802
34821
34835
34838
34861
34960
35005
35050
35070
35148
35161
35169
35235
35239
35241
35262
35380
35477
35499
35529
35549
35580
35599
35600
35642
35648
35728
35751
35771
35773
35793
35882
35921
35993
36019
36061
36111
36160
36199
36223
36387
36417
36422
36439
36571
36748
36806
36807
36825
36846
36909
36942
36946
36956
36957
36989
37038
37133
37140
37181
37194
37203
37218
37254
37311
37390
37495
37501
37530
37608
37631
37667
37671
37699
37705
37794
37808
37812
37836
37921
38024
38030
38046
38079
38182
38224
38239
38260
38276
38294
38374
38383
38420
38450
38486
38553
38607
38609
38632
38685
38723
38732
38795
38827
38872
38891
38915
38950
38976
38993
39068
39090
39095
39151
39163
39181
39207
39243
39324
39345
39386
39444
39446
39484
39610
39639
39710
39752
39760
39777
39784
39788
39863
39887
40009
40018
40032
40090
40094
40099
40109
40115
40220
40224
40227
40256
40420
40442
40487
40562
40565
40569
40621
40642
40681
40702
40728
40772
40800
40875
40953
40970
41042
41049
41162
41178
41193
41194
41217
41246
41271
41273
41281
41290
41339
41370
41476
41517
41563
41580
41594
41617
41723
41770
41778
41812
41854
41863
41869
41895
41897
41940
41986
41993
42085
42088
42095
42168
42204
42225
42246
42279
42281
42318
42403
42425
42427
42436
42458
42605
42669
42702
42719
42753
42791
42811
42875
42885
42898
42962
43003
43039
43072
43134
43190
43231
43479
43480
43498
43503
43576
43655
43676
43746
43799
43808
43906
43964
43994
44012
44096
44150
44152
44162
44185
44316
44340
44380
44382
44404
44425
44446
44450
44455
44458
44546
44554
44590
44595
44623
44696
44703
44708
44714
44748
44755
44779
44786
44814
44819
44833
44843
44914
44955
44981
45011
45065
45117
45125
45206
45370
45419
45429
45454
45477
45496
45500
45507
45537
45603
45652
45664
45672
45692
45709
45759
45771
45822
45864
45945
45995
46040
46088
46159
46192
46227
46236
46240
46242
46254
46263
46268
46308
46340
46401
46448
46456
46470
46490
46495
46578
46596
46609
46639
46649
46724
46727
46765
46772
46804
46817
46838
46857
47007
47008
47066
47163
47189
47202
47222
47239
47280
47289
47319
47340
47410
47412
47416
47448
47474
47479
47527
47542
47607
47613
47648
47674
47701
47732
47737
47831
47842
47852
47897
47901
47915
47991
48068
48074
48082
48280
48290
48307
48326
48342
48420
48424
48453
48495
48680
48708
48739
48864
48912
48930
48948
48952
48975
49010
49029
49074
49190
49340
49364
49387
49401
49420
49423
49438
49485
49534
49581
49593
49600
49615
49653
49689
49731
49732
49833
49857
49875
49884
49896
49957
49998
--------
17
22
33
35
45
71
78
83
103
127
141
145
150
152
170
184
186
187
193
207
212
213
214
216
218
224
229
233
238
242
244
254
256
267
268
276
283
284
291
298
307
314
323
324
325
330
331
334
335
338
344
348
354
366
367
373
376
385
390
398
410
413
414
418
438
443
451
455
466
484
485
490
494
503
533
538
556
557
563
564
572
573
579
582
589
595
601
606
613
622
627
630
631
636
640
651
654
672
678
682
685
710
751
757
763
766
803
808
810
811
815
816
824
825
827
834
836
843
852
858
863
876
878
895
902
913
926
935
936
940
941
947
948
953
959
965
969
970
983
986
999
1022
1023
1031
1032
1034
1036
1045
1052
1059
1065
1072
1080
1081
1088
1103
1107
1111
1123
1132
1135
1153
1155
1170
1183
1184
1196
1198
1214
1215
1220
1223
1226
1229
1234
1237
1242
1248
1252
1254
1273
1277
1282
1288
1289
1297
1299
1304
1328
1332
1345
1347
1350
1353
1368
1369
1390
1392
1410
1415
1420
1421
1426
1428
1441
1444
1447
1450
1452
1456
1457
1493
1500
1504
1506
1531
1536
1545
1547
1551
1569
1570
1581
1590
1596
1601
1603
1610
1616
1618
1619
1625
1632
1641
1654
1670
1673
1674
1675
1682
1695
1712
1717
1720
1731
1750
1752
1755
1757
1758
1776
1798
1799
1801
1802
1806
1807
1811
1832
1848
1850
1852
1853
1856
1859
1862
1863
1864
1871
1877
1879
1884
1893
1894
1903
1907
1918
1921
1923
1926
1947
1952
1954
1971
1981
1982
1986
1987
1988
1990
2004
2010
2014
2023
2030
2031
2036
2050
2051
2052
2053
2067
2080
2087
2091
2098
2099
2105
2122
2136
2150
2157
2158
2166
2168
2176
2182
2183
2187
2200
2205
2210
2217
2231
2234
2283
2293
2305
2307
2319
2333
2348
2352
2366
2385
2388
2392
2402
2412
2413
2419
2420
2426
2430
2431
2433
2441
2447
2456
2458
2461
2463
2464
2467
2468
2469
2472
2474
2501
2503
2505
2518
2521
2527
2531
2535
2540
2543
2547
2554
2560
2570
2586
2590
2591
2595
2602
2609
2615
2625
2642
2646
2651
2652
2654
2655
2657
2660
2662
2674
2679
2681
2682
2685
2691
2694
2697
2701
2726
2728
2736
2740
2743
2757
2758
2761
2781
2783
2788
2806
2818
2819
2827
2828
2842
2843
2844
2848
2853
2860
2865
2876
2887
2888
2894
2899
2901
2918
2920
2928
2935
2944
2949
2953
2982
2992
2997
3008
3028
3035
3041
3053
3058
3062
3089
3094
3103
3105
3119
3135
3141
3146
3148
3155
3156
3158
3172
3174
3178
3191
3192
3210
3212
3213
3219
3227
3235
3247
3253
3257
3263
3271
3308
3322
3323
3324
3334
3341
3354
3360
3364
3371
3383
3389
3402
3420
3421
3428
3435
3443
3444
3446
3449
3453
3460
3464
3465
3472
3474
3478
3479
3495
3496
3502
3513
3515
3519
3523
3530
3536
3538
3542
3555
3560
3564
3576
3580
3585
3591
3593
3595
3600
3604
3615
3622
3627
3628
3637
3658
3665
3682
3687
3694
3699
3700
3706
3710
3713
3720
3723
3731
3737
3738
3747
3749
3750
3756
3780
3787
3803
3804
3810
3818
3819
3822
3826
3829
3831
3836
3838
3839
3840
3846
3849
3852
3865
3870
3875
3880
3882
3885
3891
3898
3899
3900
3905
3909
3912
3913
3923
3931
3936
3939
3946
3951
3955
3963
3964
3965
3966
3980
3981
3986
3987
3996
3998
4011
4017
4032
4033
4039
4043
4058
4059
4072
4102
4112
4114
4125
4128
4132
4141
4143
4146
4147
4149
4172
4180
4186
4187
4191
4192
4193
4194
4201
4208
4221
4222
4233
4237
4239
4241
4253
4256
4263
4275
4277
4280
4291
4305
4312
4313
4317
4320
4321
4325
4337
4342
4350
4356
4359
4363
4365
4373
4381
4383
4384
4388
4393
4418
4422
4449
4451
4474
4478
4502
4504
4510
4511
4512
4525
4536
4541
4548
4554
4559
4566
4570
4571
4576
4578
4584
4601
4607
4609
4613
4615
4616
4619
4625
4627
4628
4631
4635
4639
4642
4651
4654
4657
4662
4665
4672
4673
4683
4686
4696
4703
4748
4767
4768
4794
4795
4822
4829
4837
4838
4843
4848
4849
4853
4857
4862
4872
4880
4886
4898
4905
4912
4914
4916
4928
4938
4948
4951
4954
4955
4961
4977
4983
4992
4997
5006
5007
5008
5010
5016
5023
5029
5034
5043
5053
5054
5063
5070
5073
5075
5079
5090
5096
5099
5104
5106
5108
5110
5115
5118
5121
5144
5147
5156
5158
5164
5170
5177
5178
5182
5190
5216
5217
5219
5221
5224
5225
5227
5242
5244
5261
5269
5276
5281
5284
5285
5287
5295
5298
5299
5308
5323
5335
5340
5350
5352
5354
5363
5378
5379
5382
5385
5393
5401
5409
5413
5423
5430
5436
5438
5458
5478
5485
5491
5494
5497
5503
5512
5516
5518
5539
5541
5552
5560
5565
5577
5580
5586
5606
5639
5657
5659
5663
5671
5691
5699
5711
5714
5715
5729
5731
5742
5743
5751
5753
5786
5794
5796
5803
5806
5807
5813
5825
5830
5845
5856
5857
5860
5863
5865
5876
5883
5898
5903
5906
5908
5912
5913
5914
5923
5928
5936
5937
5940
5958
5976
5979
5988
5992
6001
6014
6026
6030
6054
6078
6082
6086
6087
6111
6122
6125
6133
6136
6137
6142
6146
6150
6154
6163
6212
6225
6230
6265
6266
6274
6275
6282
6293
6318
6333
6341
6356
6361
6362
6370
6374
6379
6386
6392
6393
6400
6401
6402
6409
6427
6435
6439
6441
6445
6453
6456
6459
6467
6470
6472
6481
6485
6494
6502
6508
6516
6532
6538
6554
6561
6567
6570
6576
6578
6580
6593
6605
6624
6626
6631
6632
6650
6651
6653
6658
6664
6667
6673
6677
6679
6681
6692
6708
6712
6714
6718
6723
6729
6757
6768
6786
6796
6810
6815
6816
6820
6832
6844
6849
6851
6852
6856
6864
6866
6867
6868
6913
6914
6918
6930
6957
6962
6964
6965
6966
6972
6975
6978
6986
7000
7011
7012
7016
7039
7050
7060
7067
7068
7069
7103
7104
7106
7122
7140
7141
7145
7146
7149
7158
7160
7161
7167
7185
7205
7212
7216
7218
7234
7246
7248
7251
7252
7254
7258
7262
7270
7273
7284
7287
7290
7302
7312
7318
7321
7350
7371
7374
7377
7390
7396
7400
7403
7411
7413
7420
7425
7429
7447
7450
7456
7464
7466
7475
7482
7483
7496
7500
7504
7522
7530
7532
7536
7550
7555
7556
7558
7580
7581
7596
7602
7609
7612
7616
7642
7667
7671
7675
7707
7710
7722
7747
7751
7752
7754
7755
7770
7771
7772
7779
7781
7787
7788
7789
7806
7807
7810
7812
7823
7832
7846
7850
7858
7861
7865
7868
7883
7899
7908
7919
7924
7957
7967
7971
7975
7981
7982
7986
7992
8000
8008
8009
8021
8032
8037
8041
8044
8049
8052
8053
8061
8069
8077
8093
8095
8100
8120
8124
8125
8134
8144
8150
8155
8166
8174
8178
8186
8191
8201
8203
8204
8208
8222
8228
8233
8235
8245
8246
8251
8258
8263
8267
8268
8275
8284
8292
8297
8300
8308
8314
8331
8334
8336
8339
8358
8367
8370
8374
8378
8390
8392
8395
8410
8419
8423
8434
8437
8439
8458
8464
8468
8472
8481
8486
8489
8491
8493
8516
8527
8542
8544
8550
8562
8565
8569
8577
8578
8581
8592
8593
8608
8623
8628
8642
8649
8652
8661
8678
8689
8690
8691
8692
8705
8714
8715
8716
8719
8721
8722
8723
8727
8728
8735
8739
8746
8751
8752
8757
8761
8762
8763
8764
8774
8780
8783
8791
8795
8802
8805
8810
8825
8837
8838
8839
8840
8847
8853
8856
8858
8865
8871
8872
8881
8886
8898
8903
8924
8929
8949
8952
8954
8956
8957
8963
8968
8982
8987
9000
9006
9008
9010
9020
9030
9032
9051
9069
9074
9077
9093
9117
9137
9168
9172
9177
9183
9199
9203
9216
9218
9220
9222
9224
9227
9229
9230
9250
9256
9273
9279
9281
9285
9290
9303
9309
9315
9318
9325
9327
9349
9355
9359
9365
9367
9368
9379
9388
9391
9394
9397
9418
9421
9426
9435
9445
9447
9450
9451
9456
9457
9459
9460
9469
9489
9493
9498
9514
9527
9529
9571
9578
9592
9603
9604
9617
9620
9633
9654
9657
9659
9660
9662
9671
9676
9696
9712
9721
9724
9725
9726
9728
9742
9745
9747
9748
9749
9752
9765
9777
9784
9785
9788
9805
9813
9817
9822
9831
9874
9879
9881
9884
9885
9888
9892
9893
9896
9904
9911
9915
9927
9930
9940
9944
9945
9947
9957
9966
9970
9976
9977
9986
9999
10000
10001
10016
10020
10032
10033
10046
10049
10053
10062
10063
10065
10071
10072
10075
10081
10082
10083
10086
10097
10105
10110
10117
10128
10136
10140
10142
10152
10158
10164
10170
10176
10184
10188
10198
10207
10210
10212
10213
10227
10250
10253
10254
10256
10258
10263
10271
10285
10300
10307
10327
10341
10342
10347
10351
10360
10362
10364
10372
10390
10392
10400
10418
10422
10423
10425
10426
10428
10447
10456
10463
10464
10468
10477
10479
10481
10482
10483
10490
10495
10505
10509
10512
10514
10515
10535
10543
10549
10554
10563
10587
10598
10603
10607
10609
10610
10624
10626
10635
10639
10645
10650
10655
10662
10666
10680
10690
10693
10694
10702
10705
10710
10714
10716
10732
10742
10745
10748
10751
10753
10756
10757
10758
10771
10774
10781
10805
10825
10828
10848
10858
10863
10864
10868
10870
10886
10901
10910
10928
10962
10965
10976
10980
11001
11004
11006
11013
11014
11015
11021
11041
11043
11054
11066
11076
11091
11093
11104
11105
11106
11136
11144
11145
11148
11149
11164
11169
11172
11176
11187
11204
11211
11213
11214
11215
11218
11220
11221
11223
11224
11228
11230
11245
11257
11259
11260
11262
11272
11278
11287
11303
11304
11306
11309
11314
11341
11342
11351
11355
11357
11364
11375
11403
11405
11412
11414
11423
11430
11434
11441
11443
11450
11451
11455
11468
11473
11477
11482
11488
11494
11502
11504
11513
11514
11519
11521
11522
11579
11580
11584
11586
11602
11603
11610
11615
11617
11619
11620
11633
11646
11650
11651
11653
11654
11660
11661
11662
11667
11668
11677
11696
11706
11714
11716
11722
11724
11739
11763
11769
11770
11775
11781
11789
11790
11794
11801
11806
11807
11814
11820
11823
11830
11831
11838
11845
11864
11871
11873
11877
11884
11894
11896
11898
11904
11906
11920
11921
11925
11932
11933
11941
11942
11946
11955
11963
11966
11973
11981
11987
11992
12002
12009
12032
12037
12045
12046
12054
12090
12096
12111
12118
12122
12128
12138
12141
12142
12144
12150
12159
12161
12162
12163
12178
12179
12181
12182
12196
12197
12198
12208
12210
12217
12220
12226
12227
12232
12237
12246
12255
12259
12274
12277
12295
12302
12308
12322
12323
12362
12369
12371
12378
12383
12405
12409
12411
12413
12414
12421
12423
12451
12461
12464
12467
12481
12489
12509
12522
12528
12542
12543
12548
12551
12552
12568
12569
12571
12585
12599
12603
12606
12610
12614
12615
12618
12623
12625
12626
12644
12654
12660
12673
12679
12700
12703
12704
12710
12711
12713
12718
12722
12729
12743
12751
12752
12753
12755
12771
12784
12789
12790
12792
12796
12797
12800
12807
12812
12820
12824
12869
12887
12894
12901
12908
12909
12919
12940
12945
12947
12954
12967
12969
12979
13003
13005
13009
13016
13020
13027
13028
13030
13039
13040
13041
13053
13056
13062
13063
13071
13076
13091
13095
13097
13105
13108
13112
13120
13139
13145
13148
13153
13157
13174
13179
13182
13185
13190
13195
13197
13201
13203
13204
13205
13207
13208
13219
13223
13230
13236
13238
13247
13250
13269
13287
13303
13311
13314
13319
13327
13332
13339
13340
13341
13348
13349
13364
13378
13383
13384
13401
13409
13421
13429
13430
13433
13448
13453
13464
13469
13485
13498
13504
13505
13506
13507
13512
13530
13542
13543
13554
13563
13566
13578
13584
13589
13598
13614
13645
13650
13667
13671
13690
13691
13694
13718
13731
13743
13747
13751
13757
13762
13770
13775
13781
13786
13787
13803
13808
13817
13830
13833
13839
13854
13861
13862
13872
13879
13883
13888
13891
13892
13896
13908
13918
13923
13937
13945
13946
13953
13956
13975
13977
13994
14000
14002
14007
14012
14019
14020
14021
14027
14028
14041
14048
14049
14050
14055
14072
14073
14076
14082
14085
14098
14100
14102
14103
14114
14115
14121
14124
14133
14134
14136
14143
14148
14150
14156
14157
14159
14160
14175
14182
14194
14197
14210
14211
14217
14222
14227
14235
14236
14237
14243
14261
14267
14275
14276
14279
14284
14288
14293
14311
14316
14318
14319
14321
14324
14326
14328
14334
14344
14352
14357
14358
14369
14373
14382
14383
14389
14419
14421
14423
14436
14459
14462
14474
14479
14485
14489
14494
14511
14522
14523
14532
14536
14538
14541
14545
14555
14557
14558
14562
14577
14579
14582
14584
14598
14614
14616
14640
14665
14669
14671
14702
14705
14714
14722
14731
14732
14747
14755
14760
14790
14793
14809
14825
14828
14830
14839
14848
14858
14867
14868
14881
14884
14894
14905
14912
14921
14925
14931
14933
14940
14948
14970
14973
14974
14979
15004
15006
15010
15011
15015
15021
15022
15030
15032
15037
15052
15057
15058
15061
15065
15068
15081
15085
15102
15106
15120
15133
15140
15141
15146
15169
15180
15205
15206
15220
15221
15243
15254
15276
15278
15279
15281
15288
15290
15294
15295
15301
15303
15312
15317
15320
15335
15340
15351
15353
15356
15363
15364
15384
15391
15394
15402
15416
15422
15429
15446
15450
15451
15464
15472
15482
15500
15512
15517
15525
15535
15540
15546
15547
15550
15553
15556
15561
15580
15584
15593
15626
15627
15630
15637
15638
15642
15643
15653
15661
15664
15683
15686
15693
15703
15713
15720
15740
15744
15747
15750
15758
15760
15761
15765
15777
15781
15783
15784
15785
15790
15792
15812
15814
15815
15822
15824
15831
15851
15861
15868
15872
15874
15881
15906
15911
15917
15927
15931
15939
15941
15948
15952
15955
15956
15964
15968
15969
15974
15979
15984
15986
16004
16019
16027
16033
16035
16037
16039
16040
16055
16083
16090
16092
16105
16123
16125
16127
16128
16133
16142
16146
16147
16152
16154
16159
16174
16176
16178
16192
16196
16198
16200
16206
16208
16213
16226
16227
16232
16241
16242
16243
16253
16260
16266
16267
16269
16273
16286
16298
16300
16306
16319
16331
16335
16347
16367
16379
16398
16408
16413
16415
16416
16422
16426
16427
16436
16438
16443
16450
16458
16467
16476
16485
16488
16491
16496
16504
16519
16522
16528
16533
16537
16542
16544
16563
16570
16575
16584
16591
16595
16616
16617
16629
16640
16641
16647
16654
16656
16661
16662
16670
16684
16685
16688
16703
16707
16714
16720
16729
16737
16738
16755
16758
16773
16785
16786
16791
16792
16796
16801
16802
16803
16821
16824
16827
16828
16842
16843
16846
16851
16854
16855
16862
16864
16871
16872
16878
16880
16885
16886
16889
16899
16909
16912
16921
16925
16927
16937
16940
16941
16948
16955
16958
16963
16968
16974
16976
16977
16981
17001
17016
17025
17028
17031
17036
17043
17050
17056
17061
17066
17069
17073
17077
17079
17080
17087
17094
17096
17097
17102
17109
17110
17131
17143
17150
17151
17171
17179
17187
17205
17206
17220
17229
17234
17239
17243
17244
17250
17251
17252
17257
17268
17270
17272
17277
17281
17286
17291
17296
17306
17311
17333
17342
17345
17351
17353
17365
17370
17372
17390
17391
17396
17404
17418
17450
17469
17478
17488
17494
17498
17508
17529
17535
17537
17542
17556
17572
17573
17589
17593
17598
17604
17606
17617
17627
17633
17634
17642
17648
17678
17685
17688
17690
17692
17697
17700
17704
17719
17721
17722
17726
17731
17741
17742
17746
17750
17755
17773
17774
17776
17781
17785
17789
17793
17795
17808
17809
17812
17813
17816
17818
17832
17837
17840
17843
17865
17873
17879
17881
17884
17886
17910
17911
17933
17934
17939
17950
17963
17970
17977
17981
17984
17985
17993
18001
18003
18006
18020
18026
18034
18038
18047
18057
18060
18073
18078
18081
18082
18083
18084
18085
18087
18090
18091
18102
18103
18132
18133
18137
18145
18147
18152
18157
18165
18176
18178
18192
18193
18195
18197
18202
18205
18224
18231
18233
18240
18245
18253
18254
18258
18276
18286
18299
18306
18311
18312
18321
18327
18332
18333
18336
18361
18363
18382
18383
18387
18394
18399
18400
18402
18403
18424
18446
18461
18489
18494
18500
18501
18510
18511
18515
18528
18539
18553
18559
18562
18574
18578
18584
18595
18602
18606
18613
18616
18621
18631
18640
18659
18661
18664
18666
18667
18675
18677
18678
18694
18702
18714
18717
18718
18729
18731
18734
18741
18761
18767
18773
18790
18803
18807
18816
18818
18821
18825
18831
18833
18843
18847
18848
18850
18851
18857
18862
18865
18868
18886
18892
18893
18895
18898
18922
18923
18928
18931
18936
18941
18945
18951
18952
18955
18974
18978
18984
18993
19001
19014
19015
19016
19020
19026
19034
19039
19042
19048
19053
19055
19060
19065
19077
19082
19085
19112
19119
19120
19124
19129
19141
19151
19153
19174
19179
19190
19194
19197
19209
19224
19225
19231
19232
19234
19240
19249
19250
19256
19261
19267
19271
19272
19273
19283
19290
19292
19293
19296
19309
19317
19330
19333
19338
19340
19344
19345
19353
19357
19388
19390
19394
19404
19416
19417
19421
19426
19432
19433
19438
19444
19456
19458
19459
19472
19473
19478
19481
19489
19493
19495
19500
19508
19528
19529
19531
19533
19534
19567
19568
19571
19575
19576
19590
19593
19595
19600
19613
19619
19623
19631
19637
19638
19639
19646
19651
19665
19666
19667
19675
19679
19682
19697
19702
19703
19707
19711
19715
19717
19718
19722
19731
19742
19745
19751
19764
19770
19782
19784
19786
19788
19802
19814
19815
19816
19826
19828
19831
19836
19845
19855
19866
19881
19889
19896
19898
19903
19907
19908
19922
19929
19935
19936
19939
19942
19949
19973
19981
19997
20001
20008
20023
20029
20031
20045
20047
20048
20054
20067
20072
20080
20084
20085
20086
20092
20098
20101
20102
20109
20114
20117
20121
20122
20126
20146
20154
20159
20175
20180
20185
20187
20190
20198
20199
20208
20221
20228
20233
20246
20248
20259
20268
20270
20271
20284
20289
20309
20315
20329
20330
20331
20333
20340
20342
20350
20352
20357
20368
20387
20392
20396
20397
20402
20408
20421
20431
20433
20437
20449
20454
20459
20464
20474
20476
20485
20506
20522
20540
20546
20557
20558
20561
20576
20580
20581
20584
20589
20590
20601
20611
20613
20617
20625
20630
20637
20640
20646
20656
20661
20667
20701
20712
20713
20729
20740
20749
20765
20779
20790
20797
20805
20810
20816
20823
20846
20849
20857
20862
20868
20875
20884
20886
20902
20904
20906
20907
20909
20919
20927
20928
20931
20938
20952
20957
20961
20963
20964
20979
20980
20987
21001
21003
21008
21013
21016
21026
21029
21030
21031
21035
21051
21063
21070
21080
21089
21108
21114
21120
21128
21130
21138
21139
21146
21149
21152
21162
21169
21171
21176
21182
21184
21187
21188
21189
21193
21205
21206
21211
21212
21227
21230
21245
21254
21264
21288
21290
21292
21298
21301
21309
21325
21328
21332
21336
21342
21347
21369
21381
21387
21399
21403
21408
21409
21415
21429
21432
21441
21442
21443
21447
21451
21455
21462
21468
21470
21471
21479
21503
21507
21508
21512
21514
21524
21525
21531
21539
21554
21560
21581
21584
21585
21598
21601
21604
21610
21619
21625
21637
21638
21645
21648
21650
21654
21664
21671
21676
21677
21679
21681
21685
21686
21690
21691
21703
21705
21710
21719
21721
21726
21731
21739
21745
21746
21751
21757
21758
21759
21763
21769
21770
21775
21776
21810
21821
21832
21840
21842
21846
21849
21873
21875
21879
21881
21885
21889
21893
21906
21909
21912
21924
21929
21932
21948
21952
21957
21961
21962
21969
21971
21977
21984
21989
21994
22016
22017
22021
22050
22056
22097
22109
22110
22121
22123
22129
22132
22133
22146
22148
22149
22160
22162
22166
22168
22179
22189
22190
22197
22200
22202
22204
22208
22209
22217
22222
22242
22250
22254
22267
22279
22283
22284
22292
22293
22298
22306
22325
22326
22329
22346
22351
22357
22360
22363
22374
22377
22381
22384
22385
22392
22396
22397
22402
22407
22412
22418
22420
22439
22441
22472
22482
22485
22490
22493
22494
22496
22509
22521
22523
22524
22533
22540
22557
22559
22562
22564
22572
22573
22574
22575
22580
22581
22585
22588
22606
22628
22635
22648
22650
22654
22659
22667
22669
22671
22696
22703
22708
22712
22719
22721
22731
22736
22740
22753
22762
22764
22778
22787
22795
22817
22823
22829
22833
22834
22837
22838
22839
22865
22869
22879
22895
22911
22927
22947
22951
22957
22962
22965
22970
22977
22982
22992
22994
22996
22999
23024
23031
23033
23041
23048
23052
23053
23061
23065
23072
23077
23078
23081
23082
23092
23094
23102
23104
23116
23128
23133
23136
23154
23156
23158
23159
23169
23172
23179
23183
23191
23193
23195
23205
23222
23226
23231
23237
23244
23251
23252
23260
23261
23262
23270
23271
23293
23294
23303
23305
23307
23309
23321
23324
23337
23346
23347
23349
23350
23353
23362
23364
23380
23388
23391
23392
23394
23398
23402
23405
23417
23425
23434
23443
23447
23448
23449
23450
23463
23471
23513
23516
23524
23526
23536
23537
23550
23554
23564
23569
23586
23591
23597
23609
23615
23632
23643
23645
23649
23650
23651
23652
23662
23664
23680
23688
23695
23696
23705
23712
23715
23725
23740
23764
23772
23775
23776
23785
23789
23792
23795
23800
23810
23815
23820
23826
23829
23833
23838
23840
23842
23858
23862
23867
23871
23892
23904
23920
23943
23944
23948
23953
23959
23966
23974
23983
23986
23993
24000
24002
24004
24012
24021
24035
24041
24045
24046
24064
24093
24097
24098
24103
24106
24110
24111
24114
24123
24129
24132
24137
24149
24155
24163
24187
24191
24198
24199
24205
24218
24225
24238
24250
24254
24260
24266
24269
24276
24279
24290
24299
24304
24307
24316
24334
24335
24341
24350
24351
24373
24374
24394
24397
24405
24406
24408
24415
24417
24419
24420
24425
24435
24462
24467
24474
24491
24495
24506
24516
24518
24520
24524
24526
24545
24554
24562
24572
24577
24604
24606
24615
24626
24634
24646
24649
24651
24653
24660
24678
24691
24696
24719
24738
24742
24755
24761
24764
24783
24785
24791
24792
24797
24805
24806
24813
24817
24821
24822
24830
24832
24834
24843
24844
24850
24862
24865
24866
24868
24871
24876
24880
24894
24902
24912
24914
24919
24921
24927
24941
24947
24950
24960
24994
25000
25004
25007
25013
25018
25021
25036
25055
25064
25065
25068
25082
25097
25105
25122
25128
25131
25169
25171
25175
25183
25194
25200
25207
25216
25218
25219
25224
25227
25230
25231
25233
25235
25254
25268
25269
25272
25288
25291
25293
25294
25302
25303
25312
25320
25325
25331
25335
25353
25357
25370
25372
25375
25417
25440
25443
25446
25456
25460
25464
25465
25466
25468
25471
25484
25488
25490
25500
25502
25514
25518
25521
25524
25547
25549
25550
25555
25559
25565
25570
25575
25576
25585
25592
25593
25594
25598
25601
25604
25605
25611
25619
25626
25628
25639
25667
25670
25674
25680
25681
25686
25687
25692
25695
25701
25714
25718
25719
25722
25725
25733
25735
25736
25747
25777
25794
25795
25800
25808
25809
25810
25811
25814
25823
25827
25832
25872
25878
25879
25884
25886
25887
25894
25897
25903
25906
25911
25917
25919
25924
25939
25946
25949
25955
25958
25966
25983
25987
25988
25991
26005
26007
26016
26018
26019
26024
26026
26028
26030
26045
26053
26061
26072
26079
26109
26119
26122
26126
26127
26129
26139
26141
26153
26165
26166
26168
26176
26179
26184
26197
26206
26212
26215
26224
26226
26232
26233
26242
26248
26253
26261
26266
26273
26291
26307
26309
26316
26331
26332
26341
26344
26345
26348
26355
26359
26368
26398
26399
26403
26404
26411
26419
26422
26433
26436
26438
26442
26450
26452
26469
26473
26474
26481
26491
26494
26502
26507
26514
26524
26526
26535
26542
26550
26557
26560
26568
26578
26597
26608
26624
26625
26629
26633
26635
26636
26640
26654
26655
26656
26673
26674
26679
26688
26690
26704
26707
26712
26714
26720
26723
26725
26730
26731
26738
26749
26750
26754
26757
26759
26764
26769
26770
26771
26772
26774
26788
26793
26801
26803
26805
26808
26813
26816
26820
26829
26831
26832
26840
26859
26862
26867
26871
26881
26884
26888
26899
26900
26903
26904
26913
26918
26937
26939
26957
26981
26988
26992
26996
26997
27008
27009
27011
27019
27040
27043
27046
27055
27058
27066
27069
27083
27086
27087
27094
27115
27120
27121
27128
27130
27133
27144
27145
27169
27173
27189
27202
27205
27208
27214
27218
27220
27223
27243
27246
27253
27255
27259
27262
27267
27278
27290
27300
27322
27328
27337
27339
27341
27366
27368
27382
27386
27387
27392
27395
27396
27399
27411
27420
27421
27425
27446
27448
27479
27492
27495
27499
27500
27509
27510
27525
27526
27527
27530
27548
27552
27554
27557
27570
27571
27572
27584
27590
27628
27637
27639
27642
27651
27656
27664
27669
27672
27677
27678
27681
27693
27725
27731
27744
27769
27787
27792
27798
27801
27803
27805
27809
27815
27834
27837
27841
27843
27863
27868
27871
27880
27881
27886
27889
27905
27906
27914
27916
27917
27930
27935
27942
27943
27946
27953
27960
27981
27984
28002
28006
28010
28023
28060
28075
28089
28092
28099
28106
28112
28115
28130
28144
28149
28153
28154
28163
28165
28167
28181
28183
28185
28192
28209
28213
28222
28225
28228
28246
28255
28260
28265
28316
28323
28331
28333
28359
28364
28370
28383
28397
28414
28421
28431
28452
28459
28462
28464
28479
28480
28485
28493
28496
28498
28511
28539
28541
28560
28565
28569
28572
28578
28581
28584
28593
28594
28595
28612
28613
28620
28643
28647
28667
28701
28705
28722
28729
28741
28747
28748
28759
28763
28767
28769
28770
28775
28776
28778
28790
28791
28801
28803
28806
28808
28819
28834
28837
28843
28845
28847
28857
28860
28863
28868
28874
28876
28880
28883
28888
28893
28916
28924
28931
28935
28945
28952
28957
28960
28964
28965
28971
28976
28981
28995
28998
29001
29019
29021
29030
29031
29032
29033
29034
29036
29037
29045
29049
29050
29078
29082
29083
29086
29094
29098
29105
29108
29113
29137
29146
29152
29155
29156
29164
29168
29171
29183
29185
29194
29195
29196
29197
29204
29213
29214
29218
29226
29230
29235
29249
29253
29254
29270
29287
29304
29307
29317
29324
29331
29339
29349
29350
29354
29365
29378
29385
29391
29399
29402
29409
29433
29439
29453
29458
29462
29471
29480
29482
29487
29488
29489
29492
29498
29505
29527
29528
29534
29543
29544
29546
29548
29567
29569
29571
29574
29583
29600
29604
29610
29621
29623
29632
29635
29639
29641
29649
29674
29690
29702
29704
29713
29714
29723
29748
29749
29752
29754
29760
29761
29769
29776
29777
29779
29783
29784
29787
29789
29793
29801
29809
29811
29830
29832
29843
29857
29870
29872
29874
29875
29881
29892
29895
29898
29935
29942
29949
29965
30008
30013
30039
30047
30054
30063
30073
30085
30090
30100
30112
30127
30130
30149
30150
30154
30155
30161
30162
30164
30171
30178
30185
30188
30189
30196
30202
30205
30210
30218
30219
30225
30230
30233
30235
30241
30248
30254
30265
30269
30274
30282
30292
30293
30300
30304
30318
30332
30335
30349
30374
30378
30379
30381
30383
30391
30392
30400
30404
30413
30422
30423
30424
30427
30429
30438
30442
30461
30462
30467
30468
30469
30472
30475
30478
30486
30493
30494
30498
30522
30526
30531
30539
30543
30545
30546
30552
30554
30556
30561
30562
30570
30571
30573
30574
30581
30591
30596
30597
30601
30621
30623
30628
30641
30644
30650
30654
30657
30668
30680
30690
30703
30704
30708
30710
30711
30715
30716
30726
30738
30740
30742
30745
30749
30752
30755
30761
30762
30773
30774
30775
30777
30786
30787
30800
30815
30816
30839
30840
30842
30845
30851
30853
30854
30868
30879
30883
30896
30897
30913
30932
30949
30957
30961
30965
30966
30968
30976
30980
30981
30983
30986
30993
30995
30996
30997
30998
31006
31007
31018
31026
31046
31049
31050
31051
31054
31065
31069
31084
31098
31099
31111
31113
31117
31123
31128
31132
31155
31167
31169
31177
31178
31181
31192
31196
31242
31254
31258
31268
31271
31275
31278
31280
31281
31289
31295
31299
31302
31310
31319
31320
31323
31326
31335
31338
31340
31349
31350
31352
31359
31361
31368
31380
31382
31395
31397
31398
31409
31411
31434
31437
31445
31453
31464
31474
31511
31517
31526
31532
31540
31557
31560
31570
31586
31602
31607
31624
31637
31659
31661
31663
31670
31672
31676
31681
31683
31698
31707
31714
31723
31734
31740
31750
31765
31767
31772
31774
31779
31800
31802
31828
31832
31846
31850
31852
31857
31859
31862
31865
31871
31872
31874
31883
31897
31898
31903
31908
31912
31923
31924
31934
31937
31939
31941
31947
31953
31963
31969
31974
31984
31994
31996
32001
32003
32012
32017
32037
32041
32049
32053
32061
32068
32080
32083
32086
32091
32094
32099
32101
32110
32122
32139
32150
32154
32164
32180
32182
32201
32204
32208
32211
32217
32238
32242
32247
32248
32250
32251
32259
32266
32272
32277
32294
32299
32303
32308
32311
32312
32314
32315
32316
32322
32328
32337
32340
32347
32348
32350
32352
32360
32363
32367
32372
32375
32377
32390
32395
32415
32416
32420
32432
32434
32436
32442
32444
32445
32464
32480
32492
32493
32498
32512
32527
32537
32561
32569
32570
32575
32583
32589
32596
32599
32603
32604
32611
32626
32632
32633
32638
32639
32644
32649
32671
32677
32679
32686
32690
32698
32707
32710
32711
32713
32715
32718
32719
32724
32729
32735
32743
32750
32751
32815
32824
32829
32830
32833
32837
32844
32847
32849
32857
32862
32874
32881
32886
32891
32903
32910
32913
32926
32930
32934
32936
32938
32940
32951
32954
32957
32958
32959
32961
32966
32978
32983
32984
32986
32987
32991
32995
33002
33012
33025
33035
33053
33065
33069
33074
33080
33085
33086
33099
33100
33129
33147
33162
33165
33169
33177
33184
33187
33188
33194
33208
33239
33240
33249
33260
33262
33270
33276
33280
33290
33297
33306
33307
33310
33312
33315
33330
33336
33349
33363
33366
33371
33378
33380
33382
33389
33398
33401
33413
33423
33428
33433
33434
33465
33466
33476
33480
33487
33495
33499
33504
33510
33516
33523
33541
33542
33551
33553
33554
33563
33568
33570
33572
33573
33576
33583
33593
33604
33626
33648
33649
33655
33673
33674
33681
33682
33688
33701
33711
33719
33735
33741
33753
33763
33772
33783
33785
33809
33815
33816
33835
33837
33842
33846
33859
33886
33889
33890
33891
33904
33905
33912
33940
33953
33961
33980
33987
34002
34011
34015
34040
34044
34046
34049
34059
34066
34067
34069
34072
34106
34136
34139
34140
34144
34158
34171
34180
34191
34194
34202
34204
34213
34215
34234
34235
34236
34240
34244
34248
34256
34264
34272
34295
34299
34302
34303
34331
34337
34339
34340
34342
34345
34346
34357
34362
34367
34368
34372
34379
34389
34391
34403
34421
34437
34440
34442
34446
34456
34470
34471
34475
34477
34481
34483
34485
34494
34497
34499
34508
34513
34516
34523
34539
34542
34545
34555
34556
34572
34576
34580
34581
34582
34587
34598
34600
34601
34603
34609
34624
34626
34630
34648
34664
34670
34673
34678
34679
34687
34690
34693
34717
34718
34724
34728
34729
34739
34742
34763
34768
34769
34773
34780
34786
34787
34802
34816
34821
34827
34835
34836
34837
34838
34839
34850
34854
34859
34861
34870
34883
34895
34896
34935
34936
34941
34948
34951
34958
34960
34962
34963
34964
34979
34986
34995
35005
35016
35021
35043
35046
35050
35056
35063
35064
35070
35079
35083
35096
35101
35116
35125
35143
35148
35151
35161
35165
35169
35182
35184
35188
35189
35191
35204
35205
35207
35210
35211
35221
35224
35227
35235
35236
35239
35241
35247
35255
35262
35264
35266
35275
35282
35287
35289
35292
35295
35301
35314
35315
35320
35343
35347
35351
35353
35357
35359
35373
35380
35405
35415
35429
35437
35439
35448
35476
35477
35481
35484
35489
35499
35503
35506
35508
35528
35529
35532
35533
35547
35549
35554
35561
35578
35580
35587
35594
35599
35600
35604
35611
35618
35619
35637
35638
35640
35642
35648
35652
35661
35663
35666
35668
35671
35686
35696
35704
35715
35716
35728
35733
35737
35744
35746
35751
35759
35761
35769
35771
35773
35786
35793
35816
35819
35823
35824
35825
35828
35833
35840
35841
35859
35860
35866
35872
35882
35896
35921
35924
35926
35934
35937
35944
35949
35952
35956
35965
35980
35992
35993
36003
36010
36015
36017
36019
36021
36029
36049
36053
36059
36061
36062
36076
36086
36095
36108
36111
36120
36140
36142
36143
36156
36157
36160
36161
36183
36185
36188
36199
36200
36210
36218
36220
36221
36222
36223
36225
36229
36230
36231
36252
36281
36287
36289
36293
36298
36315
36316
36319
36326
36329
36334
36338
36340
36358
36368
36385
36387
36388
36395
36409
36417
36422
36426
36433
36439
36449
36460
36463
36465
36466
36473
36493
36497
36500
36502
36510
36520
36538
36540
36544
36550
36553
36571
36575
36599
36606
36609
36616
36626
36629
36630
36633
36637
36639
36640
36648
36652
36663
36683
36687
36688
36694
36702
36715
36725
36730
36744
36748
36756
36757
36761
36772
36783
36784
36788
36789
36790
36801
36802
36806
36807
36808
36825
36828
36846
36856
36860
36868
36869
36890
36898
36899
36906
36909
36927
36929
36939
36942
36945
36946
36947
36956
36957
36979
36983
36985
36989
36990
36991
36996
37014
37015
37021
37035
37038
37041
37064
37072
37085
37086
37091
37097
37131
37133
37135
37140
37149
37156
37178
37180
37181
37194
37203
37205
37218
37219
37220
37222
37233
37236
37240
37245
37246
37254
37256
37271
37279
37285
37289
37300
37303
37305
37310
37311
37332
37343
37347
37356
37367
37371
37379
37384
37390
37429
37431
37433
37440
37450
37455
37463
37466
37477
37480
37485
37487
37494
37495
37497
37499
37501
37509
37514
37530
37548
37557
37581
37583
37599
37605
37606
37608
37618
37631
37635
37646
37653
37657
37667
37671
37673
37698
37699
37705
37718
37723
37762
37776
37780
37784
37785
37791
37794
37808
37812
37817
37826
37828
37836
37837
37841
37851
37852
37853
37864
37874
37882
37884
37888
37890
37902
37909
37921
37923
37937
37948
37966
37972
37980
37981
37985
38002
38006
38008
38015
38019
38024
38028
38030
38039
38044
38046
38053
38058
38060
38064
38068
38070
38078
38079
38080
38081
38092
38096
38128
38129
38135
38137
38143
38157
38160
38161
38164
38165
38169
38182
38192
38193
38196
38197
38212
38224
38232
38234
38237
38239
38257
38258
38260
38262
38263
38268
38270
38276
38278
38279
38294
38302
38308
38310
38323
38330
38338
38342
38344
38348
38349
38359
38370
38374
38383
38393
38401
38405
38409
38415
38420
38427
38444
38450
38458
38486
38493
38501
38503
38508
38511
38515
38516
38521
38536
38540
38542
38545
38551
38553
38568
38579
38598
38600
38601
38607
38609
38611
38616
38617
38625
38626
38627
38630
38632
38651
38655
38656
38672
38675
38676
38685
38686
38691
38695
38703
38706
38707
38720
38723
38731
38732
38736
38743
38745
38749
38761
38769
38775
38779
38782
38784
38790
38794
38795
38801
38807
38809
38816
38817
38820
38822
38826
38827
38834
38839
38843
38861
38863
38872
38885
38888
38891
38892
38901
38906
38912
38914
38915
38918
38921
38936
38943
38946
38950
38959
38966
38976
38978
38980
38993
38996
38997
39016
39019
39024
39037
39050
39068
39085
39090
39095
39116
39134
39147
39151
39163
39165
39181
39184
39199
39205
39207
39213
39218
39241
39242
39243
39244
39253
39254
39263
39266
39272
39276
39285
39286
39295
39301
39305
39313
39317
39323
39324
39328
39333
39335
39341
39345
39348
39352
39353
39367
39373
39376
39385
39386
39387
39401
39408
39422
39423
39426
39427
39438
39441
39444
39446
39450
39454
39459
39473
39475
39478
39479
39484
39485
39492
39495
39498
39505
39509
39525
39535
39558
39566
39577
39578
39600
39610
39612
39621
39624
39626
39639
39644
39650
39653
39664
39676
39681
39688
39691
39700
39704
39709
39710
39711
39725
39727
39735
39743
39750
39752
39757
39759
39760
39764
39771
39777
39782
39784
39787
39788
39795
39798
39818
39839
39840
39841
39844
39851
39856
39863
39880
39887
39894
39922
39929
39932
39960
39985
39987
39995
39997
40005
40009
40010
40015
40018
40026
40032
40042
40057
40063
40070
40071
40074
40078
40079
40080
40083
40090
40092
40094
40099
40105
40109
40111
40115
40128
40132
40148
40157
40161
40180
40182
40213
40218
40220
40224
40227
40233
40234
40256
40267
40273
40277
40299
40323
40335
40338
40356
40359
40360
40370
40398
40404
40420
40436
40442
40450
40459
40462
40463
40474
40476
40484
40486
40487
40488
40490
40498
40502
40504
40527
40539
40544
40562
40565
40568
40569
40571
40575
40593
40595
40597
40605
40616
40617
40621
40626
40627
40629
40630
40637
40638
40642
40650
40654
40668
40670
40681
40682
40683
40702
40708
40709
40719
40726
40728
40732
40733
40735
40739
40772
40773
40778
40781
40782
40788
40800
40801
40803
40805
40808
40817
40820
40828
40849
40852
40853
40854
40856
40861
40871
40875
40878
40881
40882
40890
40891
40905
40907
40913
40933
40934
40942
40953
40956
40965
40970
40973
40975
40978
40984
40991
40997
41013
41020
41032
41034
41039
41042
41043
41045
41049
41050
41052
41067
41073
41086
41098
41114
41124
41131
41146
41162
41169
41178
41180
41181
41184
41193
41194
41199
41201
41202
41208
41211
41217
41219
41225
41229
41244
41245
41246
41261
41269
41271
41272
41273
41279
41281
41290
41295
41317
41318
41329
41334
41337
41339
41350
41367
41370
41384
41394
41404
41408
41420
41424
41425
41432
41436
41438
41446
41448
41451
41456
41472
41473
41476
41478
41481
41485
41490
41493
41504
41517
41529
41539
41548
41550
41553
41554
41555
41561
41563
41565
41576
41577
41580
41583
41586
41590
41594
41604
41613
41617
41619
41639
41644
41687
41704
41718
41723
41724
41732
41740
41742
41744
41758
41760
41764
41767
41770
41778
41783
41792
41794
41797
41798
41805
41812
41817
41825
41836
41837
41842
41848
41854
41859
41863
41868
41869
41871
41879
41880
41885
41895
41897
41900
41930
41934
41936
41937
41940
41951
41953
41965
41968
41975
41981
41986
41993
41998
42008
42010
42031
42044
42053
42059
42060
42085
42088
42091
42095
42106
42122
42123
42129
42140
42145
42149
42155
42166
42168
42172
42174
42204
42225
42226
42236
42242
42246
42247
42250
42254
42260
42279
42281
42293
42312
42313
42317
42318
42324
42326
42327
42335
42344
42346
42348
42372
42382
42384
42396
42403
42409
42425
42427
42435
42436
42447
42448
42453
42455
42458
42460
42465
42466
42471
42473
42490
42504
42507
42508
42515
42521
42523
42524
42527
42533
42541
42556
42559
42584
42605
42618
42621
42625
42636
42643
42647
42649
42659
42669
42696
42702
42704
42714
42718
42719
42735
42751
42752
42753
42768
42772
42778
42782
42785
42791
42804
42807
42808
42811
42815
42820
42821
42825
42837
42847
42875
42885
42897
42898
42900
42901
42906
42913
42914
42928
42937
42961
42962
42965
42970
42989
42995
43003
43016
43032
43034
43035
43039
43042
43046
43048
43054
43063
43072
43109
43115
43134
43154
43176
43177
43179
43184
43189
43190
43192
43198
43202
43207
43222
43223
43227
43230
43231
43238
43260
43297
43299
43301
43302
43306
43314
43316
43321
43322
43337
43340
43341
43353
43385
43386
43415
43420
43436
43439
43455
43464
43476
43479
43480
43487
43490
43493
43496
43497
43498
43503
43521
43531
43537
43544
43551
43558
43569
43573
43576
43580
43585
43588
43595
43601
43607
43617
43620
43622
43641
43644
43652
43655
43659
43667
43671
43676
43688
43698
43715
43723
43728
43729
43746
43754
43779
43784
43788
43799
43800
43808
43818
43820
43821
43842
43849
43853
43863
43867
43868
43869
43870
43884
43896
43897
43906
43911
43939
43952
43963
43964
43966
43990
43994
44001
44002
44012
44015
44018
44020
44027
44028
44030
44049
44060
44064
44069
44070
44075
44096
44097
44105
44106
44107
44110
44115
44121
44129
44137
44144
44150
44152
44161
44162
44173
44176
44185
44187
44203
44207
44215
44216
44225
44227
44244
44252
44257
44268
44283
44287
44288
44297
44309
44315
44316
44336
44338
44340
44342
44362
44371
44375
44376
44380
44382
44404
44408
44411
44418
44419
44425
44436
44443
44444
44446
44450
44455
44458
44462
44470
44474
44490
44493
44497
44498
44499
44524
44528
44546
44554
44559
44560
44562
44574
44578
44587
44590
44595
44608
44612
44623
44635
44657
44658
44667
44671
44676
44687
44690
44693
44696
44703
44708
44711
44714
44726
44729
44738
44739
44740
44746
44748
44755
44761
44762
44775
44779
44786
44792
44794
44813
44814
44818
44819
44820
44833
44843
44855
44860
44863
44867
44874
44875
44879
44885
44886
44904
44908
44909
44914
44921
44929
44939
44947
44953
44954
44955
44979
44981
44992
44997
45004
45006
45011
45015
45017
45032
45037
45045
45053
45054
45059
45065
45078
45097
45102
45105
45117
45125
45138
45155
45168
45169
45171
45187
45198
45205
45206
45209
45212
45215
45223
45228
45234
45239
45249
45252
45256
45258
45273
45280
45281
45302
45308
45314
45325
45334
45336
45347
45354
45363
45370
45371
45377
45382
45388
45411
45413
45419
45424
45429
45454
45459
45466
45471
45472
45477
45479
45496
45497
45499
45500
45507
45512
45522
45528
45537
45549
45557
45561
45563
45567
45570
45580
45600
45603
45627
45630
45631
45633
45651
45652
45653
45656
45659
45663
45664
45668
45672
45687
45692
45697
45699
45707
45708
45709
45713
45725
45736
45739
45752
45756
45759
45764
45771
45779
45781
45785
45794
45799
45809
45822
45829
45837
45842
45855
45861
45864
45871
45877
45886
45890
45909
45926
45945
45946
45955
45956
45957
45962
45963
45970
45972
45977
45995
45997
46003
46006
46009
46013
46034
46035
46038
46040
46046
46049
46050
46057
46067
46070
46075
46080
46088
46094
46104
46109
46129
46130
46134
46135
46137
46139
46142
46152
46159
46162
46167
46174
46192
46198
46214
46220
46227
46236
46237
46240
46242
46246
46248
46249
46254
46263
46268
46271
46308
46311
46317
46319
46324
46331
46340
46375
46376
46380
46384
46401
46403
46405
46410
46413
46439
46444
46448
46456
46459
46463
46466
46467
46470
46479
46482
46485
46488
46490
46495
46502
46503
46515
46518
46520
46521
46524
46550
46553
46572
46578
46591
46596
46609
46617
46630
46632
46639
46642
46649
46651
46681
46691
46698
46715
46724
46727
46732
46733
46735
46737
46747
46758
46760
46765
46772
46776
46782
46787
46790
46800
46801
46804
46808
46814
46817
46826
46838
46847
46848
46857
46859
46860
46866
46867
46877
46881
46885
46886
46891
46901
46910
46916
46918
46921
46926
46927
46940
46964
47007
47008
47009
47037
47041
47042
47058
47064
47066
47068
47093
47112
47122
47135
47152
47157
47163
47177
47189
47193
47197
47198
47199
47202
47213
47222
47228
47229
47232
47239
47245
47257
47267
47270
47271
47280
47289
47293
47294
47295
47311
47314
47319
47321
47322
47323
47331
47334
47340
47343
47350
47374
47377
47384
47394
47403
47408
47410
47412
47413
47416
47432
47435
47436
47441
47448
47455
47460
47467
47474
47479
47489
47497
47517
47518
47520
47527
47532
47542
47543
47560
47578
47587
47589
47594
47596
47607
47608
47613
47629
47636
47641
47648
47659
47674
47701
47711
47715
47723
47732
47737
47758
47762
47782
47785
47787
47807
47815
47819
47820
47823
47828
47829
47830
47831
47841
47842
47849
47850
47852
47864
47882
47897
47901
47907
47915
47920
47923
47925
47927
47933
47937
47941
47966
47974
47979
47987
47989
47991
47997
47998
48017
48051
48057
48068
48074
48079
48081
48082
48086
48090
48093
48106
48110
48119
48120
48125
48130
48141
48143
48159
48171
48176
48178
48187
48188
48208
48251
48264
48265
48280
48282
48285
48288
48290
48305
48307
48312
48323
48326
48330
48342
48347
48364
48365
48369
48380
48387
48390
48402
48407
48414
48418
48420
48424
48432
48442
48453
48455
48457
48469
48476
48485
48495
48498
48507
48509
48525
48532
48539
48541
48542
48556
48559
48570
48582
48606
48611
48612
48614
48617
48633
48638
48651
48655
48666
48679
48680
48687
48692
48701
48708
48719
48726
48728
48734
48736
48739
48772
48773
48776
48780
48793
48819
48821
48830
48852
48864
48881
48891
48905
48912
48915
48919
48920
48923
48928
48930
48938
48941
48942
48943
48948
48950
48952
48956
48961
48967
48972
48975
48986
49010
49017
49026
49029
49033
49038
49051
49054
49061
49072
49074
49078
49088
49089
49092
49101
49120
49127
49138
49148
49150
49166
49168
49176
49184
49190
49198
49208
49216
49218
49219
49223
49227
49233
49235
49238
49241
49242
49246
49257
49260
49265
49268
49269
49295
49314
49329
49336
49340
49345
49364
49369
49373
49387
49390
49398
49401
49415
49416
49420
49422
49423
49433
49438
49459
49477
49478
49481
49485
49487
49491
49514
49529
49534
49538
49545
49548
49552
49561
49563
49565
49574
49581
49587
49593
49594
49596
49598
49600
49606
49615
49619
49620
49626
49628
49630
49643
49650
49653
49654
49666
49669
49672
49678
49682
49684
49687
49689
49690
49693
49709
49715
49721
49727
49731
49732
49738
49743
49748
49751
49772
49775
49791
49801
49802
49813
49830
49833
49836
49847
49848
49854
49857
49866
49874
49875
49880
49884
49896
49910
49918
49926
49927
49931
49945
49949
49957
49967
49978
49986
49998
50000
