12
94
162
168
197
211
243
265
317
332
386
387
403
411
492
527
537
583
599
610
614
633
662
678
738
742
773
789
815
818
820
828
831
850
861
913
920
930
952
965
969
970
1012
1015
1029
1053
1056
1064
1070
1073
1176
1196
1217
1259
1266
1282
1291
1296
1318
1336
1342
1383
1421
1455
1466
1476
1491
1501
1502
1531
1616
1628
1644
1654
1660
1665
1710
1718
1762
1768
1782
1849
1856
1875
1911
1920
1934
1940
1947
1953
1954
1959
1963
1967
1968
1991
1994
2003
2011
2013
2051
2060
2119
2126
2128
2149
2164
2194
2199
2216
2218
2244
2245
2300
2308
2319
2324
2335
2370
2387
2438
2445
2448
2473
2487
2515
2517
2518
2521
2556
2599
2601
2616
2638
2642
2646
2647
2664
2708
2711
2720
2748
2768
2797
2821
2858
2883
2929
3046
3060
3065
3070
3075
3109
3117
3236
3240
3265
3270
3316
3333
3341
3352
3367
3400
3478
3487
3494
3500
3502
3508
3519
3529
3540
3557
3565
3577
3585
3593
3606
3615
3624
3636
3639
3643
3645
3649
3683
3701
3716
3718
3721
3726
3741
3792
3809
3823
3834
3845
3852
3893
3897
3912
3958
3965
3967
3968
3990
3998
4004
4012
4044
4056
4077
4082
4092
4101
4111
4129
4142
4143
4161
4167
4170
4171
4191
4199
4209
4219
4259
4261
4307
4317
4320
4321
4352
4416
4448
4475
4478
4498
4559
4587
4594
4653
4658
4664
4669
4670
4675
4681
4709
4725
4727
4738
4739
4740
4743
4758
4764
4789
4802
4849
4859
4862
4882
4936
4942
4963
5012
5023
5037
5040
5042
5067
5105
5118
5155
5196
5214
5222
5239
5252
5278
5286
5303
5328
5370
5400
5402
5412
5415
5452
5455
5469
5473
5492
5499
5500
5530
5532
5561
5566
5584
5585
5634
5637
5644
5693
5744
5768
5793
5821
5839
5846
5847
5851
5858
5874
5877
5890
5931
5939
5975
5988
5990
6002
6010
6015
6024
6032
6059
6090
6110
6148
6177
6183
6222
6231
6282
6291
6304
6310
6319
6320
6335
6350
6361
6387
6394
6395
6414
6418
6430
6435
6439
6446
6449
6462
6465
6471
6495
6505
6523
6531
6534
6554
6561
6605
6666
6709
6715
6752
6769
6798
6815
6846
6856
6860
6869
6884
6913
6917
6939
6947
6983
6999
7033
7044
7057
7082
7097
7108
7120
7162
7236
7239
7243
7292
7296
7301
7307
7310
7312
7396
7430
7434
7461
7463
7468
7471
7472
7492
7532
7549
7557
7562
7567
7578
7582
7625
7628
7634
7670
7677
7685
7687
7692
7694
7713
7719
7755
7757
7766
7767
7780
7858
7878
7884
7909
7921
7929
7936
7958
7981
7989
7999
8038
8089
8092
8111
8115
8119
8173
8182
8194
8244
8251
8307
8316
8337
8388
8418
8473
8482
8505
8521
8528
8571
8575
8582
8646
8649
8654
8662
8684
8712
8734
8736
8750
8790
8792
8835
8842
8888
8898
8904
8939
8954
8970
9022
9074
9087
9113
9123
9131
9238
9241
9245
9249
9261
9262
9266
9272
9353
9406
9407
9423
9439
9451
9473
9477
9485
9510
9517
9537
9538
9540
9546
9550
9571
9594
9595
9618
9622
9631
9685
9765
9766
9768
9819
9826
9832
9848
9857
9861
9897
9898
9902
9913
9921
9924
9926
9974
9991
9999
10002
10044
10050
10090
10098
10102
10190
10193
10237
10238
10245
10290
10291
10302
10303
10443
10452
10488
10553
10576
10581
10582
10593
10624
10630
10637
10667
10673
10690
10723
10727
10748
10756
10765
10771
10784
10793
10802
10822
10824
10828
10906
10908
10933
10939
10944
10961
11036
11048
11059
11067
11073
11078
11081
11084
11126
11143
11227
11246
11251
11255
11273
11282
11304
11343
11376
11392
11436
11450
11478
11500
11511
11522
11540
11552
11592
11605
11651
11674
11685
11719
11728
11733
11777
11800
11829
11831
11837
11844
11859
11867
11874
11884
11906
11918
11922
11939
11957
11978
11986
12004
12016
12025
12053
12055
12061
12066
12089
12103
12104
12149
12152
12162
12183
12196
12208
12217
12244
12262
12264
12268
12271
12294
12295
12297
12316
12326
12335
12352
12362
12366
12434
12456
12486
12521
12525
12527
12568
12569
12586
12591
12600
12617
12618
12621
12634
12644
12667
12672
12693
12697
12714
12758
12802
12823
12827
12842
12846
12861
12870
12874
12899
12910
12917
12924
12955
12982
12983
13021
13050
13059
13076
13083
13115
13120
13143
13166
13202
13206
13210
13217
13235
13242
13248
13257
13278
13284
13345
13361
13372
13401
13422
13426
13470
13484
13520
13547
13607
13622
13652
13657
13668
13686
13690
13761
13773
13801
13826
13836
13844
13851
13855
13878
13894
13897
13912
13913
13923
13944
13956
13960
13966
13973
14005
14013
14024
14059
14121
14134
14143
14152
14159
14164
14176
14184
14216
14221
14227
14266
14280
14286
14293
14294
14296
14325
14332
14368
14375
14386
14428
14441
14447
14460
14483
14499
14502
14523
14525
14554
14584
14607
14666
14683
14726
14741
14743
14768
14777
14851
14855
14858
14873
14921
14938
14977
14982
15006
15064
15079
15138
15160
15201
15206
15274
15285
15293
15309
15315
15352
15440
15464
15481
15497
15511
15534
15535
15546
15598
15609
15625
15629
15635
15637
15647
15648
15656
15686
15690
15697
15722
15732
15736
15739
15748
15752
15760
15801
15850
15853
15947
15952
15991
15996
16040
16042
16045
16082
16136
16138
16181
16189
16202
16249
16266
16276
16284
16288
16327
16330
16357
16377
16381
16386
16389
16403
16423
16424
16432
16434
16450
16455
16483
16488
16498
16535
16537
16543
16571
16586
16595
16665
16695
16702
16723
16727
16736
16741
16753
16757
16886
16923
16924
17025
17039
17041
17043
17047
17050
17081
17091
17103
17113
17118
17126
17158
17203
17217
17222
17224
17229
17249
17254
17274
17308
17329
17363
17374
17386
17394
17395
17401
17414
17417
17434
17456
17475
17483
17511
17514
17515
17530
17565
17576
17587
17605
17609
17610
17633
17638
17647
17674
17699
17711
17712
17730
17744
17746
17765
17772
17776
17791
17794
17799
17818
17830
17848
17881
17899
17945
17947
17953
17982
18008
18055
18068
18106
18122
18129
18139
18182
18189
18197
18205
18250
18291
18302
18329
18350
18356
18369
18381
18405
18431
18452
18459
18536
18545
18551
18591
18625
18640
18677
18697
18734
18738
18765
18778
18804
18807
18813
18824
18836
18853
18867
18877
18895
18896
18921
18971
18993
19036
19113
19162
19197
19234
19250
19257
19273
19296
19309
19326
19329
19345
19363
19366
19380
19393
19395
19421
19447
19502
19516
19522
19577
19580
19594
19608
19611
19654
19656
19663
19668
19670
19693
19727
19731
19763
19767
19783
19800
19811
19816
19845
19885
19910
19930
19932
19945
19946
19948
19959
19983
19990
19997
20019
20032
20033
20041
20072
20077
20082
20138
20143
20145
20154
20166
20168
20178
20183
20209
20243
20321
20345
20392
20419
20425
20467
20477
20507
20548
20563
20575
20590
20600
20617
20635
20639
20651
20653
20660
20691
20700
20722
20723
20736
20785
20799
20801
20812
20813
20837
20842
20903
20935
20944
20958
20961
20976
20982
20991
20999
21005
21018
21028
21054
21070
21183
21200
21228
21244
21263
21273
21281
21290
21355
21356
21358
21361
21386
21423
21436
21438
21446
21453
21466
21472
21486
21506
21511
21518
21538
21555
21603
21613
21616
21617
21625
21638
21660
21676
21723
21767
21772
21786
21838
21867
21908
21928
21947
21995
22031
22046
22070
22073
22090
22092
22136
22174
22295
22311
22317
22328
22332
22343
22347
22350
22360
22363
22382
22418
22473
22490
22522
22528
22623
22627
22629
22633
22636
22658
22677
22678
22684
22711
22722
22741
22746
22747
22753
22755
22801
22812
22848
22850
22857
22859
22865
22878
22892
22935
22936
22944
23001
23011
23020
23053
23063
23074
23081
23100
23119
23171
23176
23182
23191
23193
23199
23203
23205
23211
23212
23221
23234
23244
23336
23344
23368
23396
23407
23474
23483
23485
23514
23528
23545
23548
23558
23567
23575
23609
23632
23714
23718
23720
23747
23752
23759
23794
23798
23804
23852
23868
23877
23881
23902
23946
23951
24031
24090
24136
24221
24257
24262
24304
24305
24307
24356
24374
24392
24407
24417
24432
24451
24484
24498
24506
24515
24525
24531
24533
24589
24603
24647
24651
24667
24677
24697
24715
24746
24768
24791
24793
24818
24885
24901
24915
24916
24920
24924
24927
24939
24949
24967
24987
24990
25001
25002
25014
25016
25022
25024
25047
25063
25068
25086
25110
25137
25143
25145
25153
25169
25193
25196
25231
25262
25268
25279
25294
25296
25301
25303
25315
25349
25350
25379
25391
25397
25401
25438
25441
25462
25486
25492
25495
25502
25518
25528
25535
25575
25611
25696
25749
25770
25781
25794
25820
25821
25832
25860
25872
25884
25901
25926
25927
25961
25975
25989
26103
26104
26112
26113
26135
26148
26178
26180
26183
26187
26191
26216
26233
26262
26281
26283
26293
26295
26311
26347
26457
26500
26577
26585
26615
26640
26664
26704
26728
26774
26784
26800
26801
26819
26823
26830
26847
26852
26859
26907
26942
26944
26967
27015
27026
27038
27084
27090
27102
27107
27111
27116
27150
27166
27217
27221
27228
27230
27272
27284
27302
27322
27356
27404
27415
27442
27448
27452
27463
27469
27494
27495
27496
27529
27561
27564
27565
27566
27572
27624
27661
27682
27703
27714
27718
27719
27722
27729
27732
27751
27795
27809
27827
27848
27888
27896
27909
27940
27944
27991
28011
28044
28046
28058
28063
28076
28093
28113
28123
28152
28175
28221
28233
28279
28285
28300
28314
28337
28371
28407
28425
28436
28463
28469
28503
28508
28516
28517
28539
28549
28550
28572
28583
28585
28610
28611
28653
28702
28726
28735
28753
28756
28761
28781
28792
28851
28852
28859
28894
28906
28912
28921
28928
28936
28962
28964
29005
29077
29079
29097
29107
29165
29185
29229
29241
29244
29292
29296
29329
29330
29333
29339
29342
29358
29365
29382
29393
29397
29413
29444
29446
29473
29487
29505
29507
29512
29513
29554
29555
29594
29597
29625
29639
29668
29692
29694
29738
29742
29750
29774
29781
29791
29798
29799
29823
29830
29845
29854
29860
29875
29913
29931
29946
29953
29961
29967
29977
30011
30023
30040
30052
30098
30101
30114
30126
30130
30131
30143
30156
30166
30178
30205
30249
30268
30280
30302
30308
30315
30328
30370
30382
30388
30409
30461
30510
30535
30553
30555
30556
30563
30615
30640
30657
30677
30683
30706
30721
30735
30738
30763
30783
30792
30801
30816
30860
30875
30882
30911
30921
30975
30980
30991
31046
31050
31077
31130
31132
31142
31172
31208
31211
31214
31231
31247
31282
31283
31286
31298
31307
31319
31328
31355
31356
31373
31386
31397
31407
31444
31472
31477
31500
31518
31535
31536
31540
31549
31555
31564
31574
31579
31583
31589
31598
31617
31622
31740
31751
31754
31780
31784
31789
31794
31799
31826
31843
31846
31861
31881
31891
31913
31950
31978
32018
32022
32054
32073
32094
32106
32119
32135
32165
32205
32218
32239
32242
32267
32269
32321
32337
32346
32371
32412
32429
32475
32494
32496
32497
32498
32500
32524
32551
32564
32599
32610
32629
32680
32715
32727
32733
32743
32753
32775
32789
32793
32801
32840
32845
32850
32859
32893
32902
32922
32941
32965
32989
33055
33147
33211
33248
33262
33274
33278
33281
33326
33334
33344
33356
33389
33390
33399
33412
33503
33514
33523
33602
33651
33663
33674
33695
33697
33703
33712
33713
33716
33746
33749
33797
33806
33809
33813
33818
33829
33867
33888
33903
33934
33986
33988
33999
34009
34016
34033
34036
34073
34117
34119
34142
34165
34174
34176
34182
34191
34197
34231
34250
34262
34271
34282
34297
34304
34308
34329
34396
34401
34419
34422
34435
34506
34568
34616
34638
34642
34649
34662
34739
34754
34757
34778
34797
34890
34893
34904
34914
34920
34927
34929
34935
34974
34987
34994
35002
35014
35043
35050
35054
35057
35088
35090
35096
35123
35141
35153
35154
35157
35180
35204
35205
35223
35252
35297
35298
35330
35332
35337
35338
35381
35392
35399
35409
35423
35445
35463
35474
35479
35482
35484
35562
35584
35602
35614
35624
35656
35663
35682
35684
35699
35708
35731
35773
35784
35789
35807
35819
35823
35827
35841
35865
35883
35923
35933
35981
35987
36030
36056
36065
36067
36071
36093
36146
36155
36189
36204
36219
36229
36232
36237
36251
36277
36285
36324
36327
36340
36344
36380
36414
36416
36437
36484
36515
36526
36556
36560
36566
36570
36599
36617
36637
36651
36666
36673
36680
36681
36722
36756
36799
36804
36817
36819
36824
36830
36872
36874
36902
36910
36952
36964
36972
37004
37019
37047
37080
37085
37091
37108
37132
37143
37145
37164
37168
37174
37221
37271
37283
37289
37290
37327
37328
37362
37367
37405
37409
37434
37497
37500
37503
37512
37546
37583
37592
37594
37615
37623
37625
37644
37648
37692
37725
37727
37729
37731
37745
37753
37758
37768
37785
37808
37817
37836
37856
37863
37880
37904
37930
37971
37983
38007
38010
38043
38048
38052
38068
38086
38091
38107
38140
38141
38152
38165
38166
38182
38185
38192
38199
38222
38239
38272
38282
38326
38327
38334
38377
38382
38400
38405
38412
38416
38424
38431
38439
38451
38452
38464
38477
38481
38485
38492
38521
38522
38540
38625
38661
38677
38704
38735
38760
38788
38835
38852
38858
38874
38878
38881
38888
38901
38920
38937
38955
38978
38996
39006
39009
39032
39037
39050
39098
39156
39209
39212
39251
39254
39261
39269
39279
39316
39328
39334
39357
39427
39432
39484
39487
39488
39492
39519
39535
39547
39552
39556
39574
39602
39666
39668
39687
39765
39772
39776
39780
39781
39807
39833
39843
39844
39861
39862
39887
39903
39907
39909
39919
39922
39935
39971
39996
40025
40046
40082
40093
40096
40109
40116
40121
40136
40137
40151
40173
40176
40196
40202
40212
40230
40234
40266
40286
40291
40321
40323
40361
40377
40389
40406
40425
40426
40430
40431
40502
40526
40568
40593
40626
40636
40675
40710
40718
40728
40729
40764
40786
40794
40805
40810
40841
40851
40859
40913
40926
40934
40938
40942
41003
41037
41049
41064
41092
41099
41105
41141
41161
41175
41180
41183
41190
41191
41201
41218
41248
41290
41316
41326
41330
41371
41417
41418
41530
41531
41578
41584
41600
41640
41651
41678
41697
41699
41700
41706
41713
41738
41757
41764
41779
41780
41821
41844
41859
41904
41907
41934
41936
41942
41947
41948
41962
41988
42007
42011
42027
42052
42053
42072
42121
42169
42187
42200
42253
42274
42316
42342
42344
42373
42397
42402
42407
42408
42417
42449
42453
42480
42484
42514
42517
42538
42549
42591
42601
42621
42622
42629
42642
42672
42675
42677
42687
42702
42753
42777
42844
42902
42915
42925
42936
42951
42981
42982
42988
43009
43023
43073
43095
43138
43154
43164
43166
43169
43198
43199
43208
43214
43215
43216
43223
43257
43258
43268
43271
43283
43293
43331
43380
43381
43382
43433
43453
43458
43459
43473
43474
43505
43550
43551
43562
43564
43580
43593
43605
43620
43642
43654
43656
43658
43665
43694
43710
43721
43724
43766
43800
43807
43816
43823
43839
43870
43874
43941
44000
44033
44036
44037
44078
44082
44100
44110
44117
44120
44133
44134
44171
44183
44209
44242
44274
44282
44297
44301
44304
44354
44396
44430
44435
44491
44532
44549
44599
44613
44683
44700
44711
44725
44756
44757
44788
44796
44799
44804
44869
44908
45006
45011
45031
45068
45070
45084
45092
45130
45139
45163
45172
45190
45194
45198
45224
45317
45327
45335
45336
45345
45366
45416
45426
45437
45447
45496
45499
45518
45549
45569
45571
45588
45612
45650
45659
45668
45678
45679
45690
45708
45740
45765
45798
45835
45847
45860
45868
45869
45883
45905
45917
45921
45927
45938
45944
45956
45962
45972
45980
46013
46020
46031
46032
46033
46041
46057
46107
46118
46119
46144
46155
46158
46210
46211
46256
46259
46279
46301
46330
46334
46348
46374
46403
46406
46414
46430
46439
46451
46469
46479
46493
46503
46505
46538
46546
46552
46636
46641
46654
46659
46660
46675
46681
46698
46703
46724
46757
46760
46806
46832
46877
46889
46892
46917
46943
47012
47036
47042
47057
47059
47073
47085
47095
47149
47164
47165
47170
47216
47222
47263
47269
47320
47328
47330
47342
47393
47416
47420
47456
47469
47483
47498
47519
47529
47536
47578
47584
47605
47627
47649
47654
47675
47679
47717
47725
47744
47807
47833
47872
47900
47924
47928
47939
47971
47974
47978
48004
48005
48050
48060
48080
48098
48100
48119
48138
48142
48158
48159
48181
48199
48206
48220
48224
48251
48256
48265
48283
48292
48303
48304
48308
48320
48329
48336
48381
48419
48438
48449
48450
48469
48479
48480
48500
48502
48505
48508
48511
48512
48526
48550
48594
48600
48613
48640
48651
48676
48704
48710
48711
48718
48723
48734
48751
48792
48799
48804
48837
48840
48866
48873
48889
48897
48919
48927
48988
48989
49012
49024
49031
49049
49068
49073
49076
49077
49134
49166
49187
49228
49232
49301
49311
49312
49315
49332
49337
49338
49340
49342
49364
49380
49398
49401
49409
49446
49476
49491
49516
49539
49546
49578
49603
49629
49630
49637
49645
49687
49711
49712
49731
49738
49745
49759
49783
49802
49868
49892
49894
49911
49991
--------
9
12
20
31
40
83
94
97
114
156
162
168
185
193
197
211
243
246
255
265
285
287
317
332
374
386
387
403
411
419
445
487
492
506
527
537
580
583
599
610
614
615
631
633
641
662
678
680
688
690
692
712
738
742
767
773
788
789
806
811
815
818
820
828
831
841
843
850
853
854
855
861
870
883
911
913
920
930
932
938
952
953
965
968
969
970
996
1012
1015
1022
1029
1049
1053
1054
1056
1064
1067
1070
1073
1091
1151
1176
1186
1196
1209
1214
1217
1252
1259
1266
1276
1280
1282
1287
1291
1296
1318
1319
1327
1336
1342
1365
1381
1383
1400
1402
1412
1421
1435
1438
1443
1455
1466
1476
1477
1491
1501
1502
1507
1531
1565
1613
1616
1628
1642
1644
1654
1660
1663
1665
1667
1676
1687
1694
1699
1703
1710
1718
1725
1727
1730
1733
1751
1759
1762
1768
1772
1782
1799
1815
1849
1856
1861
1875
1896
1898
1910
1911
1920
1934
1940
1942
1943
1947
1953
1954
1959
1963
1967
1968
1991
1994
2003
2011
2013
2051
2052
2060
2074
2084
2086
2103
2108
2119
2125
2126
2128
2146
2149
2158
2164
2165
2175
2179
2194
2196
2199
2202
2204
2210
2213
2216
2217
2218
2225
2228
2244
2245
2246
2255
2275
2293
2300
2308
2319
2320
2321
2324
2335
2370
2387
2392
2406
2438
2445
2448
2449
2461
2469
2473
2487
2501
2515
2517
2518
2521
2524
2529
2532
2541
2556
2573
2599
2601
2616
2624
2638
2642
2646
2647
2658
2664
2670
2687
2692
2699
2708
2711
2720
2728
2731
2748
2768
2791
2797
2800
2807
2821
2829
2853
2858
2859
2878
2883
2889
2904
2922
2929
2934
2992
3024
3030
3046
3060
3065
3067
3070
3075
3097
3103
3109
3112
3114
3117
3155
3171
3199
3210
3225
3227
3236
3240
3245
3251
3252
3265
3270
3288
3289
3291
3316
3321
3333
3341
3350
3352
3359
3367
3368
3371
3378
3397
3400
3432
3470
3471
3474
3478
3486
3487
3494
3500
3502
3503
3508
3512
3519
3529
3539
3540
3546
3557
3564
3565
3567
3577
3585
3586
3593
3605
3606
3615
3624
3634
3636
3639
3643
3645
3649
3683
3700
3701
3713
3716
3718
3721
3726
3741
3743
3775
3779
3780
3792
3809
3823
3828
3834
3835
3845
3852
3878
3893
3897
3905
3912
3956
3958
3965
3967
3968
3986
3990
3998
4004
4012
4016
4027
4028
4043
4044
4051
4056
4070
4077
4082
4092
4094
4101
4111
4129
4138
4142
4143
4161
4167
4170
4171
4172
4174
4176
4191
4199
4209
4219
4234
4237
4246
4259
4261
4274
4292
4299
4307
4317
4320
4321
4338
4348
4352
4355
4375
4377
4380
4396
4409
4416
4419
4448
4455
4470
4475
4478
4483
4498
4506
4517
4544
4559
4561
4564
4572
4574
4586
4587
4591
4594
4597
4627
4653
4658
4664
4669
4670
4675
4681
4685
4692
4697
4700
4709
4710
4715
4722
4725
4727
4736
4738
4739
4740
4743
4758
4764
4772
4776
4789
4802
4833
4841
4849
4854
4859
4862
4870
4872
4882
4915
4918
4929
4933
4936
4942
4956
4963
4982
4992
4993
5012
5020
5023
5030
5035
5037
5040
5042
5067
5084
5104
5105
5118
5119
5123
5155
5178
5190
5196
5211
5214
5219
5222
5232
5239
5252
5255
5264
5278
5283
5286
5303
5328
5357
5370
5375
5383
5388
5400
5401
5402
5412
5415
5430
5447
5452
5455
5469
5473
5485
5492
5499
5500
5505
5530
5532
5541
5559
5561
5566
5575
5576
5584
5585
5623
5634
5635
5637
5644
5661
5693
5722
5739
5744
5768
5787
5793
5821
5829
5835
5839
5846
5847
5851
5858
5860
5874
5875
5877
5890
5896
5922
5931
5939
5945
5955
5968
5975
5988
5990
6002
6010
6015
6016
6019
6024
6032
6059
6062
6069
6084
6090
6100
6110
6113
6114
6117
6123
6146
6148
6151
6162
6177
6183
6187
6194
6220
6222
6226
6231
6242
6249
6257
6282
6291
6299
6304
6306
6310
6317
6319
6320
6335
6350
6355
6359
6361
6364
6380
6387
6394
6395
6396
6406
6409
6412
6414
6418
6430
6435
6437
6439
6446
6449
6462
6465
6471
6478
6480
6483
6495
6502
6505
6523
6531
6534
6540
6548
6554
6561
6573
6585
6590
6605
6639
6642
6646
6647
6662
6666
6675
6677
6697
6701
6706
6709
6715
6723
6726
6734
6752
6757
6766
6769
6779
6798
6799
6806
6811
6815
6822
6846
6856
6858
6860
6869
6871
6884
6904
6913
6917
6927
6937
6939
6947
6983
6997
6999
7000
7010
7016
7033
7044
7055
7057
7074
7082
7086
7090
7097
7098
7105
7108
7118
7120
7153
7162
7191
7210
7216
7236
7238
7239
7243
7248
7270
7272
7292
7296
7301
7307
7310
7312
7325
7362
7367
7368
7369
7372
7389
7396
7422
7423
7430
7433
7434
7438
7441
7443
7448
7461
7462
7463
7467
7468
7469
7471
7472
7475
7487
7492
7532
7539
7549
7557
7561
7562
7567
7573
7574
7578
7582
7583
7606
7620
7625
7628
7634
7645
7661
7662
7669
7670
7677
7685
7687
7692
7694
7699
7710
7713
7719
7747
7751
7755
7757
7766
7767
7780
7782
7783
7791
7798
7806
7813
7827
7845
7848
7858
7868
7875
7878
7884
7909
7916
7921
7929
7935
7936
7945
7954
7958
7961
7970
7973
7981
7989
7999
8011
8022
8035
8038
8041
8088
8089
8092
8111
8115
8119
8160
8173
8175
8178
8182
8187
8189
8194
8206
8209
8235
8244
8251
8264
8274
8287
8293
8300
8302
8307
8316
8337
8356
8374
8378
8388
8393
8399
8401
8418
8419
8424
8433
8434
8435
8438
8442
8460
8472
8473
8482
8490
8504
8505
8521
8522
8528
8546
8553
8558
8567
8569
8571
8575
8582
8620
8646
8649
8651
8654
8662
8672
8674
8684
8693
8698
8703
8712
8718
8731
8734
8736
8750
8756
8767
8772
8790
8792
8824
8835
8836
8842
8882
8888
8898
8904
8921
8928
8934
8936
8939
8945
8954
8955
8961
8968
8970
8990
9002
9007
9022
9024
9074
9077
9087
9093
9095
9105
9113
9123
9131
9150
9169
9182
9189
9223
9234
9238
9241
9245
9249
9251
9261
9262
9266
9267
9272
9291
9302
9324
9329
9344
9353
9363
9370
9405
9406
9407
9415
9423
9439
9451
9459
9465
9473
9477
9485
9496
9509
9510
9514
9517
9524
9529
9533
9534
9537
9538
9539
9540
9546
9550
9567
9569
9571
9572
9575
9594
9595
9612
9618
9622
9631
9635
9672
9675
9677
9685
9730
9733
9739
9758
9765
9766
9768
9811
9819
9820
9824
9826
9832
9841
9843
9848
9857
9861
9883
9893
9897
9898
9902
9913
9921
9922
9924
9925
9926
9965
9974
9976
9991
9999
10002
10036
10044
10050
10070
10089
10090
10096
10098
10101
10102
10117
10122
10126
10162
10190
10193
10210
10224
10226
10237
10238
10245
10270
10276
10277
10290
10291
10302
10303
10319
10341
10357
10375
10380
10394
10418
10422
10438
10443
10447
10452
10453
10456
10470
10483
10488
10509
10511
10553
10556
10565
10576
10581
10582
10587
10593
10595
10597
10609
10624
10628
10629
10630
10636
10637
10638
10642
10645
10646
10654
10667
10668
10672
10673
10678
10689
10690
10715
10723
10724
10727
10748
10755
10756
10765
10771
10784
10791
10793
10800
10802
10822
10824
10828
10848
10849
10860
10862
10867
10879
10887
10888
10889
10906
10908
10915
10932
10933
10939
10944
10961
10973
11025
11026
11030
11036
11048
11059
11064
11067
11070
11072
11073
11078
11081
11083
11084
11100
11106
11115
11122
11126
11143
11157
11158
11161
11215
11227
11246
11248
11251
11255
11259
11273
11279
11282
11285
11304
11315
11328
11343
11359
11361
11362
11376
11384
11392
11393
11415
11427
11436
11438
11450
11459
11473
11478
11484
11494
11500
11511
11522
11540
11552
11586
11592
11600
11605
11618
11626
11641
11651
11674
11683
11685
11707
11713
11719
11728
11733
11755
11764
11777
11783
11800
11804
11815
11825
11829
11830
11831
11837
11844
11850
11859
11866
11867
11874
11884
11906
11918
11919
11922
11929
11939
11944
11952
11957
11978
11986
11999
12004
12016
12025
12050
12053
12054
12055
12061
12066
12068
12075
12078
12084
12087
12089
12092
12103
12104
12108
12115
12130
12149
12152
12156
12161
12162
12182
12183
12193
12196
12199
12208
12211
12212
12215
12217
12224
12225
12244
12255
12262
12264
12268
12271
12294
12295
12297
12306
12316
12325
12326
12335
12352
12353
12362
12366
12413
12432
12434
12456
12461
12486
12488
12521
12525
12527
12529
12539
12544
12546
12568
12569
12579
12580
12582
12586
12591
12600
12617
12618
12621
12634
12637
12644
12645
12647
12658
12661
12667
12668
12672
12674
12677
12679
12693
12697
12714
12758
12760
12765
12766
12769
12781
12800
12802
12806
12817
12823
12826
12827
12829
12842
12846
12848
12861
12869
12870
12874
12875
12899
12910
12917
12924
12925
12946
12955
12960
12965
12981
12982
12983
12994
13009
13017
13021
13022
13037
13046
13050
13059
13062
13075
13076
13083
13103
13112
13115
13120
13122
13135
13143
13161
13166
13170
13202
13206
13210
13217
13223
13235
13238
13240
13242
13248
13257
13266
13274
13278
13279
13280
13284
13301
13325
13345
13361
13372
13374
13389
13397
13401
13417
13422
13426
13430
13432
13456
13466
13470
13484
13519
13520
13522
13547
13562
13594
13600
13607
13622
13636
13652
13657
13658
13660
13668
13686
13690
13731
13753
13761
13769
13773
13797
13801
13816
13825
13826
13829
13836
13837
13844
13851
13855
13859
13878
13892
13893
13894
13897
13903
13904
13905
13906
13911
13912
13913
13923
13934
13937
13944
13956
13957
13959
13960
13963
13966
13973
14005
14013
14024
14030
14046
14049
14059
14065
14080
14083
14091
14104
14107
14114
14121
14134
14140
14143
14152
14156
14159
14164
14176
14184
14212
14216
14221
14227
14242
14252
14257
14266
14280
14283
14286
14291
14293
14294
14296
14314
14325
14332
14339
14351
14368
14375
14377
14378
14386
14390
14410
14428
14441
14447
14460
14475
14483
14485
14489
14495
14497
14499
14502
14507
14518
14523
14525
14533
14541
14554
14574
14584
14601
14607
14617
14621
14631
14653
14666
14668
14683
14688
14701
14726
14727
14740
14741
14743
14768
14777
14797
14812
14814
14827
14851
14855
14858
14873
14878
14901
14903
14908
14920
14921
14938
14946
14951
14966
14969
14975
14977
14980
14982
15006
15064
15079
15080
15087
15133
15137
15138
15141
15149
15160
15190
15201
15206
15223
15241
15251
15260
15265
15267
15274
15285
15293
15294
15305
15309
15311
15312
15315
15330
15352
15360
15372
15381
15407
15432
15435
15440
15454
15464
15481
15493
15497
15501
15511
15515
15534
15535
15546
15551
15597
15598
15603
15609
15624
15625
15629
15635
15637
15647
15648
15653
15656
15684
15686
15690
15697
15721
15722
15723
15732
15736
15739
15748
15752
15758
15759
15760
15780
15794
15801
15809
15810
15850
15853
15861
15870
15880
15885
15929
15947
15952
15955
15970
15991
15996
16014
16018
16026
16031
16037
16039
16040
16042
16043
16045
16062
16082
16086
16088
16114
16130
16134
16136
16138
16148
16181
16189
16202
16229
16249
16261
16266
16273
16276
16284
16288
16309
16316
16327
16330
16333
16352
16357
16363
16377
16381
16382
16384
16386
16389
16396
16402
16403
16408
16409
16412
16423
16424
16432
16434
16442
16444
16450
16455
16456
16461
16462
16483
16488
16498
16520
16535
16537
16543
16557
16571
16586
16595
16624
16639
16647
16657
16662
16665
16667
16680
16685
16695
16702
16723
16727
16736
16741
16746
16752
16753
16757
16760
16766
16770
16782
16786
16823
16830
16832
16846
16854
16861
16868
16873
16886
16889
16915
16922
16923
16924
16926
16936
16962
16965
16978
16979
16988
16997
17021
17025
17028
17039
17041
17043
17047
17050
17052
17081
17090
17091
17097
17103
17112
17113
17118
17120
17126
17158
17159
17180
17190
17195
17201
17203
17205
17217
17218
17222
17224
17229
17249
17254
17260
17262
17274
17308
17316
17317
17329
17338
17343
17356
17363
17367
17374
17386
17394
17395
17396
17401
17402
17414
17417
17422
17427
17434
17456
17471
17475
17483
17509
17511
17514
17515
17523
17529
17530
17542
17555
17565
17576
17578
17579
17587
17599
17604
17605
17609
17610
17632
17633
17638
17642
17647
17657
17674
17679
17687
17696
17699
17711
17712
17715
17727
17730
17735
17744
17746
17752
17765
17772
17776
17791
17794
17799
17800
17802
17810
17818
17820
17821
17830
17840
17848
17877
17881
17883
17899
17945
17947
17953
17960
17977
17978
17982
17985
17998
17999
18001
18008
18009
18014
18049
18055
18063
18068
18077
18078
18079
18085
18095
18106
18111
18116
18122
18129
18139
18182
18189
18197
18205
18219
18236
18245
18247
18250
18291
18302
18311
18326
18329
18350
18356
18366
18369
18372
18381
18382
18390
18405
18414
18422
18424
18431
18435
18441
18452
18458
18459
18476
18480
18489
18495
18517
18536
18545
18551
18563
18570
18591
18592
18625
18639
18640
18650
18653
18660
18663
18665
18677
18684
18697
18727
18734
18738
18739
18751
18752
18754
18765
18776
18778
18782
18787
18798
18804
18807
18813
18823
18824
18836
18842
18853
18867
18877
18895
18896
18911
18921
18922
18923
18956
18958
18961
18965
18966
18971
18993
18998
19036
19060
19072
19079
19095
19113
19132
19155
19162
19164
19168
19177
19195
19197
19223
19232
19234
19250
19255
19257
19273
19279
19286
19296
19297
19299
19309
19326
19329
19333
19338
19340
19345
19363
19365
19366
19379
19380
19385
19393
19395
19417
19421
19429
19443
19447
19471
19478
19502
19506
19510
19515
19516
19522
19555
19572
19577
19580
19590
19594
19608
19611
19613
19630
19645
19651
19654
19656
19663
19668
19670
19687
19693
19727
19731
19753
19762
19763
19767
19770
19776
19779
19783
19800
19808
19811
19816
19821
19827
19845
19847
19849
19866
19879
19885
19892
19910
19913
19930
19932
19933
19945
19946
19948
19959
19983
19990
19993
19997
19998
20000
20007
20010
20013
20019
20027
20032
20033
20041
20053
20070
20072
20077
20079
20082
20096
20124
20138
20143
20145
20154
20166
20168
20176
20178
20183
20203
20209
20225
20243
20284
20286
20316
20321
20345
20372
20392
20406
20419
20425
20429
20445
20467
20477
20479
20484
20493
20498
20507
20510
20532
20548
20563
20564
20566
20575
20588
20590
20600
20607
20609
20617
20635
20636
20639
20644
20651
20653
20660
20691
20700
20705
20707
20722
20723
20725
20734
20736
20739
20740
20742
20747
20748
20785
20799
20801
20812
20813
20834
20837
20842
20871
20883
20895
20903
20935
20937
20943
20944
20952
20958
20961
20976
20977
20982
20991
20994
20999
21005
21012
21018
21020
21025
21028
21033
21042
21054
21056
21058
21070
21072
21173
21183
21200
21211
21212
21228
21244
21248
21263
21273
21281
21290
21307
21335
21345
21351
21355
21356
21358
21361
21366
21386
21409
21423
21433
21436
21438
21446
21453
21466
21472
21475
21486
21500
21506
21511
21518
21531
21538
21545
21555
21564
21575
21577
21586
21588
21594
21595
21596
21603
21613
21616
21617
21625
21633
21636
21638
21639
21640
21646
21660
21661
21663
21676
21682
21684
21691
21703
21710
21723
21742
21753
21757
21764
21767
21768
21772
21773
21780
21782
21786
21806
21828
21838
21855
21867
21876
21878
21888
21892
21893
21897
21903
21908
21909
21921
21928
21934
21947
21969
21986
21987
21995
22006
22013
22023
22024
22027
22031
22046
22047
22061
22070
22073
22075
22090
22092
22134
22136
22160
22174
22205
22207
22225
22232
22234
22246
22262
22265
22295
22296
22311
22317
22328
22332
22343
22347
22350
22360
22363
22365
22382
22387
22392
22414
22418
22419
22433
22451
22473
22482
22488
22490
22491
22501
22504
22518
22522
22528
22549
22553
22556
22623
22627
22629
22633
22636
22641
22658
22677
22678
22684
22685
22711
22714
22715
22722
22741
22746
22747
22753
22755
22756
22768
22790
22800
22801
22812
22829
22833
22848
22850
22852
22857
22859
22862
22865
22878
22889
22892
22926
22935
22936
22944
22949
22987
22991
22997
23001
23005
23011
23020
23025
23043
23053
23063
23074
23081
23082
23084
23090
23098
23100
23119
23140
23158
23171
23176
23182
23184
23191
23193
23199
23203
23205
23211
23212
23221
23222
23226
23234
23244
23256
23294
23322
23336
23344
23346
23366
23368
23377
23381
23396
23404
23407
23447
23463
23470
23472
23473
23474
23476
23483
23485
23514
23528
23534
23537
23545
23548
23558
23567
23572
23574
23575
23605
23609
23627
23632
23636
23642
23650
23675
23676
23678
23714
23718
23719
23720
23723
23730
23747
23752
23759
23768
23770
23776
23794
23798
23803
23804
23806
23811
23850
23852
23868
23874
23877
23879
23881
23901
23902
23918
23943
23946
23951
24001
24012
24017
24019
24031
24040
24059
24064
24065
24072
24085
24087
24090
24098
24115
24126
24127
24136
24137
24160
24162
24163
24164
24178
24180
24221
24253
24257
24262
24292
24302
24304
24305
24307
24311
24328
24332
24333
24350
24356
24374
24392
24397
24398
24407
24417
24421
24432
24439
24451
24459
24484
24486
24498
24500
24506
24515
24516
24525
24531
24533
24549
24571
24589
24603
24620
24641
24647
24651
24654
24665
24667
24671
24676
24677
24678
24682
24697
24708
24710
24715
24720
24729
24736
24743
24746
24750
24764
24768
24772
24791
24793
24795
24802
24818
24858
24859
24863
24866
24885
24899
24901
24909
24915
24916
24920
24923
24924
24927
24930
24939
24941
24949
24958
24964
24967
24987
24990
25001
25002
25014
25016
25022
25024
25039
25047
25063
25068
25086
25110
25115
25129
25134
25137
25142
25143
25144
25145
25153
25157
25159
25163
25169
25172
25178
25186
25193
25196
25199
25211
25231
25236
25255
25262
25263
25268
25270
25279
25288
25294
25296
25301
25303
25306
25315
25341
25349
25350
25356
25378
25379
25391
25397
25401
25414
25438
25441
25450
25462
25478
25482
25486
25492
25495
25500
25501
25502
25504
25518
25528
25535
25561
25575
25606
25611
25648
25681
25684
25696
25704
25712
25726
25728
25749
25756
25770
25781
25793
25794
25812
25820
25821
25832
25845
25855
25860
25872
25876
25884
25901
25926
25927
25934
25944
25961
25968
25975
25977
25983
25989
26020
26051
26072
26073
26079
26081
26088
26089
26103
26104
26112
26113
26135
26148
26150
26178
26180
26183
26186
26187
26191
26196
26201
26214
26216
26230
26233
26246
26262
26272
26275
26281
26283
26293
26295
26311
26325
26344
26347
26352
26371
26457
26473
26480
26495
26498
26499
26500
26513
26537
26540
26543
26560
26564
26565
26567
26570
26577
26585
26591
26595
26615
26617
26633
26636
26640
26658
26664
26667
26704
26709
26728
26738
26739
26756
26758
26774
26784
26789
26796
26799
26800
26801
26811
26819
26821
26823
26830
26847
26850
26852
26859
26867
26869
26876
26907
26915
26928
26939
26942
26944
26967
26988
26994
27015
27019
27021
27026
27038
27044
27084
27087
27090
27102
27107
27111
27116
27139
27150
27155
27166
27176
27177
27207
27213
27217
27221
27228
27230
27242
27257
27272
27284
27289
27302
27322
27356
27383
27385
27387
27404
27415
27417
27425
27442
27448
27452
27457
27463
27469
27474
27485
27494
27495
27496
27527
27529
27533
27542
27550
27551
27557
27561
27563
27564
27565
27566
27571
27572
27582
27586
27612
27614
27624
27630
27642
27661
27664
27666
27682
27696
27703
27714
27718
27719
27722
27724
27729
27732
27751
27752
27784
27795
27802
27809
27822
27827
27840
27847
27848
27888
27890
27892
27895
27896
27909
27912
27914
27915
27929
27940
27943
27944
27954
27979
27991
28003
28011
28027
28040
28044
28046
28058
28061
28063
28076
28086
28093
28104
28109
28113
28122
28123
28131
28139
28141
28152
28158
28163
28164
28172
28175
28194
28210
28221
28224
28225
28228
28233
28273
28279
28285
28295
28300
28314
28329
28337
28371
28373
28387
28394
28396
28397
28398
28407
28425
28429
28436
28443
28452
28463
28464
28467
28469
28471
28503
28508
28509
28513
28516
28517
28539
28549
28550
28572
28583
28585
28610
28611
28626
28627
28628
28630
28634
28640
28653
28658
28702
28706
28726
28735
28753
28756
28757
28760
28761
28781
28792
28808
28811
28812
28835
28836
28848
28851
28852
28859
28865
28875
28894
28895
28906
28912
28921
28928
28931
28936
28943
28953
28957
28958
28962
28964
28978
28984
29005
29011
29015
29034
29051
29077
29079
29097
29104
29107
29118
29123
29131
29144
29162
29164
29165
29185
29204
29207
29229
29233
29236
29239
29241
29244
29256
29262
29287
29292
29296
29300
29321
29329
29330
29333
29339
29342
29345
29347
29348
29358
29365
29381
29382
29393
29397
29399
29400
29413
29444
29446
29469
29473
29476
29487
29505
29507
29512
29513
29530
29548
29554
29555
29570
29594
29597
29625
29639
29645
29648
29668
29685
29692
29694
29719
29723
29729
29731
29738
29742
29745
29750
29766
29774
29781
29784
29791
29798
29799
29803
29823
29825
29830
29845
29854
29860
29861
29863
29875
29882
29905
29913
29914
29925
29931
29935
29946
29953
29961
29967
29970
29972
29975
29977
29988
29994
29997
30011
30023
30040
30045
30051
30052
30053
30088
30098
30101
30114
30125
30126
30130
30131
30134
30143
30156
30163
30164
30166
30178
30198
30205
30220
30249
30267
30268
30276
30280
30288
30302
30304
30308
30309
30315
30328
30334
30346
30370
30382
30388
30393
30397
30409
30414
30417
30440
30456
30461
30476
30501
30505
30510
30514
30535
30541
30549
30553
30555
30556
30558
30563
30575
30596
30598
30607
30615
30629
30633
30637
30639
30640
30657
30671
30677
30683
30694
30706
30716
30721
30728
30735
30737
30738
30763
30780
30783
30791
30792
30801
30811
30816
30833
30852
30860
30875
30882
30883
30909
30911
30920
30921
30929
30959
30962
30975
30980
30991
31011
31017
31018
31029
31046
31050
31076
31077
31110
31112
31123
31130
31132
31142
31172
31174
31208
31211
31214
31231
31235
31242
31243
31247
31259
31282
31283
31286
31298
31307
31315
31319
31321
31328
31355
31356
31373
31381
31386
31390
31397
31407
31414
31435
31444
31451
31472
31477
31500
31504
31518
31535
31536
31540
31549
31555
31564
31569
31574
31579
31583
31589
31598
31599
31611
31617
31622
31629
31650
31651
31658
31686
31716
31740
31751
31754
31765
31780
31784
31789
31791
31794
31799
31806
31808
31811
31815
31824
31826
31834
31835
31836
31843
31845
31846
31861
31881
31882
31885
31891
31894
31913
31950
31953
31966
31978
31983
31993
32002
32018
32022
32025
32026
32027
32033
32044
32050
32054
32073
32094
32104
32106
32109
32119
32135
32146
32157
32163
32165
32167
32202
32205
32218
32224
32227
32239
32242
32245
32267
32269
32292
32313
32321
32329
32337
32339
32346
32359
32371
32396
32405
32412
32420
32429
32463
32466
32468
32470
32475
32478
32494
32496
32497
32498
32500
32514
32517
32524
32536
32549
32551
32559
32564
32585
32592
32597
32599
32610
32616
32626
32629
32638
32645
32656
32680
32700
32711
32713
32715
32727
32733
32736
32743
32750
32753
32760
32764
32775
32779
32783
32786
32789
32793
32801
32821
32826
32829
32840
32845
32850
32859
32887
32891
32893
32902
32915
32922
32938
32941
32965
32971
32979
32989
32990
33043
33055
33063
33096
33098
33111
33131
33146
33147
33154
33156
33208
33211
33218
33223
33231
33237
33240
33248
33260
33262
33263
33274
33278
33280
33281
33285
33288
33326
33334
33344
33353
33356
33373
33389
33390
33395
33399
33412
33429
33467
33482
33483
33484
33503
33514
33515
33518
33523
33561
33600
33602
33609
33650
33651
33656
33663
33668
33670
33674
33682
33684
33694
33695
33697
33703
33710
33712
33713
33716
33746
33749
33753
33754
33762
33772
33775
33777
33791
33797
33806
33809
33813
33815
33817
33818
33829
33837
33849
33867
33877
33884
33888
33901
33903
33909
33910
33934
33940
33946
33951
33955
33974
33979
33984
33986
33988
33999
34009
34011
34016
34033
34036
34039
34044
34045
34073
34105
34117
34119
34134
34142
34151
34156
34165
34174
34176
34182
34183
34184
34191
34197
34205
34208
34214
34231
34237
34241
34244
34250
34262
34271
34282
34297
34304
34308
34311
34317
34329
34363
34367
34396
34401
34405
34419
34422
34432
34435
34442
34443
34449
34454
34455
34464
34473
34492
34494
34497
34506
34516
34547
34561
34568
34610
34614
34616
34638
34642
34646
34649
34662
34665
34668
34686
34705
34716
34729
34739
34754
34757
34762
34767
34777
34778
34784
34797
34823
34854
34858
34867
34890
34893
34899
34904
34914
34920
34927
34929
34935
34945
34960
34966
34974
34987
34994
35002
35004
35014
35043
35044
35050
35054
35057
35062
35066
35070
35076
35088
35090
35096
35109
35123
35128
35141
35153
35154
35157
35174
35180
35204
35205
35223
35252
35260
35283
35297
35298
35317
35328
35330
35332
35335
35337
35338
35347
35348
35352
35353
35381
35391
35392
35398
35399
35409
35423
35424
35430
35440
35445
35452
35463
35474
35479
35482
35484
35495
35498
35508
35525
35545
35546
35562
35584
35589
35602
35614
35624
35633
35645
35656
35663
35679
35682
35684
35697
35699
35700
35708
35731
35773
35784
35789
35801
35807
35814
35816
35819
35823
35827
35838
35841
35865
35870
35880
35883
35897
35905
35907
35910
35921
35923
35932
35933
35935
35940
35960
35981
35986
35987
35997
36016
36030
36056
36058
36065
36067
36071
36093
36121
36123
36146
36147
36153
36155
36189
36204
36219
36227
36229
36232
36237
36251
36272
36277
36285
36306
36314
36319
36324
36327
36340
36344
36350
36366
36380
36395
36411
36413
36414
36416
36423
36424
36432
36436
36437
36446
36449
36458
36484
36485
36490
36497
36515
36521
36526
36530
36543
36555
36556
36560
36566
36570
36599
36609
36617
36637
36651
36663
36666
36673
36679
36680
36681
36694
36722
36727
36728
36756
36793
36796
36799
36804
36811
36817
36819
36824
36830
36835
36869
36872
36874
36886
36890
36902
36907
36910
36943
36952
36957
36964
36972
36979
36981
37004
37008
37019
37020
37047
37066
37068
37080
37085
37091
37101
37107
37108
37113
37119
37129
37132
37143
37145
37162
37164
37168
37174
37187
37188
37192
37195
37221
37231
37232
37251
37253
37270
37271
37278
37283
37288
37289
37290
37293
37294
37297
37327
37328
37338
37342
37356
37362
37363
37365
37367
37389
37405
37409
37434
37440
37481
37497
37500
37503
37505
37512
37540
37546
37552
37574
37576
37578
37583
37585
37592
37594
37613
37615
37623
37625
37629
37631
37644
37648
37677
37692
37696
37707
37725
37727
37728
37729
37731
37734
37740
37745
37753
37758
37764
37768
37784
37785
37787
37808
37817
37836
37837
37847
37856
37863
37880
37893
37904
37920
37930
37934
37945
37971
37978
37983
37995
37997
38007
38010
38017
38043
38048
38052
38057
38064
38068
38072
38078
38086
38091
38100
38107
38128
38129
38140
38141
38152
38159
38165
38166
38182
38183
38185
38192
38193
38199
38222
38238
38239
38241
38246
38248
38269
38270
38272
38281
38282
38322
38326
38327
38329
38334
38356
38363
38372
38377
38381
38382
38400
38402
38405
38412
38416
38421
38424
38431
38436
38439
38451
38452
38464
38475
38477
38481
38485
38492
38494
38495
38521
38522
38523
38526
38536
38540
38551
38556
38570
38584
38590
38605
38616
38620
38625
38626
38651
38652
38661
38676
38677
38680
38687
38704
38710
38711
38729
38735
38737
38743
38760
38762
38769
38771
38788
38823
38835
38842
38852
38858
38865
38874
38878
38881
38888
38896
38901
38902
38904
38912
38914
38920
38921
38931
38936
38937
38946
38955
38978
38992
38996
39003
39005
39006
39007
39009
39023
39032
39036
39037
39039
39045
39048
39050
39073
39098
39144
39156
39173
39184
39190
39199
39201
39202
39209
39212
39251
39254
39261
39269
39279
39293
39303
39316
39326
39328
39334
39338
39344
39357
39362
39371
39427
39429
39432
39442
39454
39461
39472
39484
39487
39488
39492
39519
39525
39535
39547
39552
39556
39558
39560
39574
39598
39602
39605
39606
39607
39624
39637
39640
39661
39662
39666
39668
39669
39687
39688
39722
39752
39763
39765
39766
39772
39776
39778
39780
39781
39807
39833
39837
39841
39843
39844
39846
39861
39862
39887
39903
39907
39908
39909
39919
39922
39935
39936
39957
39971
39979
39996
40008
40011
40019
40020
40025
40027
40040
40046
40051
40060
40078
40082
40092
40093
40096
40109
40116
40121
40136
40137
40151
40173
40176
40182
40184
40189
40196
40202
40212
40224
40230
40234
40237
40240
40244
40253
40266
40270
40276
40283
40286
40291
40299
40302
40321
40323
40335
40350
40358
40361
40365
40372
40377
40389
40406
40409
40425
40426
40430
40431
40432
40493
40502
40510
40526
40554
40558
40568
40569
40570
40593
40603
40615
40626
40627
40631
40634
40636
40659
40669
40672
40675
40678
40706
40710
40718
40728
40729
40731
40747
40764
40779
40786
40794
40804
40805
40810
40817
40818
40824
40832
40841
40851
40859
40891
40912
40913
40914
40926
40934
40935
40938
40942
40958
40964
41003
41019
41037
41049
41050
41058
41059
41064
41076
41079
41092
41095
41097
41099
41105
41141
41161
41175
41180
41183
41190
41191
41200
41201
41218
41248
41251
41253
41263
41275
41283
41285
41290
41291
41301
41315
41316
41323
41324
41326
41330
41340
41356
41371
41413
41417
41418
41426
41428
41477
41522
41530
41531
41547
41578
41584
41591
41592
41600
41630
41631
41632
41640
41641
41651
41654
41675
41676
41678
41680
41689
41697
41699
41700
41706
41713
41738
41751
41757
41764
41773
41779
41780
41790
41795
41813
41816
41821
41844
41853
41859
41861
41863
41878
41892
41904
41905
41907
41930
41934
41936
41942
41947
41948
41962
41988
42007
42011
42020
42027
42030
42033
42041
42049
42052
42053
42057
42072
42090
42091
42121
42132
42138
42160
42169
42175
42187
42191
42195
42200
42252
42253
42266
42274
42279
42304
42310
42312
42314
42316
42326
42337
42342
42344
42348
42364
42373
42397
42402
42407
42408
42417
42442
42449
42453
42480
42484
42485
42494
42503
42514
42517
42519
42538
42549
42565
42591
42601
42612
42613
42621
42622
42623
42629
42642
42665
42672
42675
42677
42679
42685
42687
42702
42705
42706
42711
42722
42740
42749
42753
42764
42777
42788
42791
42793
42800
42815
42838
42844
42852
42856
42859
42860
42864
42867
42868
42882
42885
42895
42896
42902
42914
42915
42925
42927
42932
42936
42951
42960
42975
42981
42982
42988
42993
42996
43009
43012
43023
43036
43051
43056
43073
43095
43101
43105
43128
43138
43139
43147
43154
43160
43164
43166
43169
43184
43198
43199
43208
43214
43215
43216
43223
43247
43257
43258
43264
43268
43271
43276
43283
43293
43306
43309
43321
43331
43335
43355
43378
43380
43381
43382
43388
43420
43430
43433
43438
43440
43442
43446
43453
43458
43459
43473
43474
43490
43497
43505
43512
43519
43520
43548
43550
43551
43562
43564
43565
43577
43580
43593
43595
43598
43605
43620
43627
43642
43654
43656
43658
43665
43691
43694
43710
43716
43721
43724
43751
43766
43785
43800
43803
43807
43816
43823
43839
43861
43864
43867
43870
43872
43874
43888
43934
43941
43946
43952
43964
43973
43975
43978
43994
44000
44033
44036
44037
44038
44065
44070
44078
44082
44083
44100
44110
44117
44120
44128
44133
44134
44150
44171
44183
44186
44200
44209
44239
44242
44249
44265
44274
44279
44282
44290
44297
44301
44304
44307
44317
44322
44335
44351
44352
44354
44379
44396
44412
44413
44430
44431
44435
44457
44475
44491
44532
44549
44574
44595
44596
44599
44613
44620
44648
44651
44664
44666
44675
44676
44680
44683
44700
44706
44711
44716
44725
44728
44738
44756
44757
44758
44760
44767
44781
44788
44795
44796
44799
44804
44806
44820
44824
44839
44853
44858
44869
44884
44891
44907
44908
44920
44931
44955
44957
44986
44988
44993
45002
45005
45006
45011
45021
45031
45034
45044
45068
45070
45082
45083
45084
45092
45098
45123
45130
45139
45163
45172
45190
45194
45198
45202
45205
45224
45269
45277
45317
45327
45328
45335
45336
45345
45366
45388
45389
45416
45426
45437
45447
45457
45469
45471
45496
45499
45518
45520
45531
45537
45538
45548
45549
45558
45569
45571
45579
45588
45589
45612
45618
45620
45634
45645
45650
45653
45659
45668
45678
45679
45690
45697
45699
45708
45716
45723
45740
45765
45772
45779
45788
45798
45804
45815
45835
45840
45843
45847
45849
45853
45860
45864
45868
45869
45883
45885
45887
45888
45901
45905
45917
45921
45924
45927
45932
45935
45938
45944
45956
45962
45963
45964
45972
45980
45982
45986
46013
46020
46031
46032
46033
46036
46041
46045
46050
46057
46070
46090
46107
46113
46118
46119
46139
46144
46155
46158
46195
46198
46202
46209
46210
46211
46214
46218
46236
46256
46259
46261
46279
46291
46294
46299
46301
46330
46334
46339
46342
46348
46372
46374
46383
46386
46403
46406
46409
46414
46420
46421
46429
46430
46433
46439
46443
46451
46468
46469
46479
46481
46490
46493
46495
46503
46505
46513
46517
46529
46538
46546
46552
46555
46560
46567
46581
46587
46598
46624
46625
46633
46636
46641
46645
46654
46656
46659
46660
46673
46675
46681
46695
46698
46703
46705
46709
46717
46721
46724
46726
46757
46760
46787
46801
46806
46828
46832
46857
46866
46876
46877
46889
46892
46917
46934
46940
46943
46955
46983
46990
47012
47020
47036
47040
47042
47051
47057
47059
47073
47085
47095
47106
47109
47118
47119
47124
47141
47146
47149
47155
47164
47165
47170
47181
47201
47216
47222
47231
47259
47260
47263
47269
47287
47320
47328
47329
47330
47338
47342
47363
47368
47383
47393
47398
47409
47416
47420
47444
47454
47456
47469
47481
47483
47498
47519
47529
47536
47541
47542
47552
47578
47583
47584
47605
47616
47627
47632
47649
47654
47662
47675
47679
47689
47717
47718
47725
47744
47748
47769
47778
47779
47791
47807
47819
47825
47833
47836
47840
47847
47856
47857
47858
47862
47872
47875
47886
47891
47898
47900
47914
47924
47928
47939
47950
47968
47971
47974
47978
47987
47996
48004
48005
48016
48018
48022
48037
48046
48050
48060
48080
48083
48098
48100
48111
48119
48130
48138
48142
48158
48159
48162
48178
48179
48181
48192
48199
48206
48210
48220
48224
48228
48231
48251
48256
48265
48281
48282
48283
48292
48303
48304
48308
48320
48329
48336
48351
48381
48389
48406
48419
48438
48449
48450
48469
48473
48477
48479
48480
48486
48495
48500
48502
48505
48508
48511
48512
48526
48537
48542
48547
48550
48594
48597
48600
48605
48611
48612
48613
48633
48640
48641
48651
48655
48672
48676
48683
48704
48710
48711
48717
48718
48723
48734
48749
48751
48756
48761
48792
48798
48799
48804
48837
48840
48852
48866
48873
48888
48889
48896
48897
48919
48927
48953
48965
48973
48978
48983
48988
48989
49007
49012
49022
49024
49031
49041
49049
49060
49068
49073
49076
49077
49111
49130
49134
49148
49166
49187
49192
49196
49206
49211
49214
49217
49228
49232
49246
49255
49273
49276
49286
49293
49298
49301
49311
49312
49315
49322
49332
49336
49337
49338
49340
49342
49364
49379
49380
49398
49399
49401
49409
49423
49435
49446
49458
49476
49491
49503
49516
49539
49543
49545
49546
49565
49578
49596
49603
49617
49629
49630
49637
49642
49645
49687
49694
49701
49711
49712
49729
49731
49738
49745
49749
49750
49759
49770
49775
49779
49783
49800
49802
49835
49861
49868
49885
49892
49894
49911
49918
49939
49946
49960
49991
