30
43
102
134
141
153
161
168
175
191
206
208
224
240
243
245
261
263
284
292
304
309
316
321
331
366
380
398
425
482
484
486
512
528
544
552
565
591
599
622
624
627
653
662
665
689
724
728
730
736
774
785
841
844
846
869
909
918
954
956
959
965
974
978
979
983
1018
1027
1030
1031
1042
1046
1049
1057
1063
1066
1070
1077
1082
1097
1102
1121
1128
1132
1138
1156
1175
1203
1204
1210
1235
1238
1239
1249
1252
1295
1313
1327
1335
1337
1357
1360
1363
1369
1381
1385
1389
1391
1394
1407
1408
1411
1412
1433
1440
1444
1452
1471
1472
1473
1474
1478
1485
1491
1500
1513
1525
1556
1604
1615
1622
1629
1635
1639
1640
1651
1686
1699
1709
1714
1715
1717
1718
1719
1723
1724
1726
1731
1738
1753
1759
1773
1781
1798
1813
1818
1833
1836
1838
1854
1874
1888
1898
1905
1909
1918
1937
1955
1964
1972
1973
1975
1986
1995
1998
1999
2016
2024
2025
2030
2031
2052
2078
2079
2091
2095
2098
2104
2105
2108
2127
2129
2135
2141
2149
2152
2157
2164
2169
2192
2211
2212
2236
2238
2239
2267
2271
2281
2302
2322
2329
2343
2355
2372
2399
2401
2427
2434
2446
2476
2484
2533
2541
2544
2548
2589
2610
2645
2691
2693
2709
2715
2727
2729
2754
2772
2773
2784
2789
2791
2798
2800
2807
2825
2832
2856
2873
2883
2899
2903
2938
2945
2948
2949
2952
3011
3016
3046
3048
3064
3065
3071
3074
3077
3085
3097
3128
3140
3152
3166
3181
3192
3223
3224
3235
3252
3268
3306
3310
3321
3336
3342
3359
3372
3385
3410
3417
3435
3453
3456
3460
3477
3487
3489
3499
3507
3526
3527
3535
3559
3577
3584
3595
3598
3601
3605
3633
3644
3653
3654
3670
3677
3685
3690
3710
3717
3721
3725
3731
3740
3741
3777
3789
3792
3794
3814
3824
3827
3832
3837
3885
3886
3905
3932
3940
3943
3952
3976
3978
3998
4026
4028
4050
4084
4118
4124
4135
4157
4166
4179
4182
4183
4201
4223
4226
4241
4252
4254
4264
4266
4268
4277
4315
4345
4378
4380
4407
4412
4421
4432
4441
4443
4448
4465
4466
4477
4483
4490
4516
4530
4551
4554
4569
4587
4588
4592
4617
4629
4634
4641
4644
4645
4646
4650
4673
4678
4752
4771
4774
4775
4777
4783
4793
4797
4804
4810
4818
4864
4881
4887
4896
4930
4938
4942
4962
5000
5065
5109
5113
5120
5135
5142
5147
5151
5169
5171
5172
5206
5215
5217
5224
5238
5255
5262
5277
5305
5307
5308
5318
5324
5336
5337
5347
5352
5355
5367
5378
5388
5412
5416
5418
5443
5456
5458
5472
5531
5532
5537
5545
5549
5555
5568
5601
5623
5630
5645
5670
5677
5694
5698
5706
5714
5720
5728
5731
5737
5742
5791
5805
5826
5832
5853
5873
5893
5896
5903
5909
5919
5934
5940
5943
5954
5971
5981
5984
5985
5993
5996
6002
6019
6029
6040
6065
6076
6108
6116
6117
6118
6135
6142
6147
6154
6157
6170
6176
6177
6186
6190
6201
6205
6207
6211
6222
6226
6251
6264
6265
6266
6267
6274
6282
6336
6350
6369
6372
6408
6422
6457
6460
6476
6486
6495
6500
6502
6508
6539
6541
6542
6573
6575
6576
6591
6596
6605
6621
6630
6633
6645
6654
6665
6669
6672
6674
6677
6679
6688
6729
6734
6748
6765
6783
6800
6824
6860
6862
6878
6904
6906
6911
6933
6991
7022
7026
7059
7077
7080
7091
7099
7103
7123
7150
7167
7195
7205
7214
7237
7242
7257
7268
7277
7287
7289
7304
7317
7343
7350
7367
7373
7386
7391
7397
7401
7408
7421
7427
7443
7445
7448
7458
7461
7482
7494
7538
7540
7578
7596
7597
7599
7604
7606
7608
7613
7623
7655
7657
7659
7677
7682
7696
7698
7706
7720
7721
7729
7732
7735
7737
7741
7764
7765
7774
7780
7787
7791
7817
7839
7849
7856
7857
7864
7866
7872
7911
7915
7916
7917
7922
7927
7931
7936
7954
7959
7975
7993
7994
8009
8010
8015
8023
8033
8034
8038
8040
8056
8066
8076
8095
8096
8109
8115
8119
8121
8126
8138
8144
8181
8183
8197
8206
8213
8225
8230
8241
8242
8247
8275
8304
8318
8323
8336
8337
8364
8384
8396
8398
8400
8402
8407
8421
8425
8442
8445
8447
8453
8460
8462
8472
8483
8492
8507
8512
8526
8527
8540
8547
8551
8554
8591
8596
8610
8616
8618
8638
8642
8652
8661
8671
8683
8693
8695
8702
8717
8718
8729
8737
8742
8765
8779
8797
8815
8820
8834
8853
8854
8864
8867
8882
8888
8889
8929
8930
8939
8949
8974
8988
9020
9032
9036
9053
9062
9089
9090
9123
9125
9128
9137
9143
9165
9175
9181
9190
9197
9203
9209
9226
9229
9232
9238
9296
9322
9332
9342
9368
9389
9392
9410
9414
9420
9431
9455
9476
9484
9485
9495
9500
9504
9506
9530
9542
9585
9588
9590
9594
9595
9617
9625
9639
9642
9649
9657
9687
9699
9710
9717
9732
9741
9749
9760
9769
9773
9782
9792
9794
9804
9807
9814
9827
9828
9842
9864
9870
9891
9895
9902
9911
9916
9925
9929
9938
9941
9950
9959
9964
9968
9976
9982
9994
10023
10038
10039
10051
10053
10055
10062
10080
10087
10102
10112
10122
10138
10140
10144
10153
10159
10163
10175
10189
10198
10200
10207
10208
10223
10224
10229
10256
10264
10320
10330
10355
10366
10374
10380
10391
10401
10404
10430
10432
10433
10451
10483
10484
10494
10529
10536
10540
10542
10559
10563
10582
10588
10599
10606
10646
10652
10669
10671
10674
10678
10686
10689
10696
10700
10702
10731
10734
10810
10854
10884
10897
10912
10919
10920
10926
10944
10946
10954
10959
10964
10992
11020
11034
11084
11097
11145
11153
11155
11160
11163
11169
11183
11184
11185
11201
11207
11230
11233
11263
11273
11280
11286
11287
11301
11302
11313
11318
11326
11338
11355
11356
11371
11403
11415
11419
11429
11452
11455
11468
11488
11490
11500
11510
11517
11543
11555
11572
11575
11599
11611
11627
11653
11654
11663
11664
11677
11686
11688
11701
11705
11720
11722
11724
11732
11740
11749
11750
11763
11765
11770
11773
11780
11797
11841
11860
11886
11893
11907
11918
11935
11936
11942
11955
11969
11995
12002
12005
12008
12014
12021
12026
12043
12081
12101
12104
12128
12134
12143
12146
12165
12167
12178
12184
12194
12201
12210
12211
12214
12223
12232
12238
12241
12245
12247
12281
12289
12294
12305
12317
12324
12328
12334
12337
12341
12349
12354
12355
12362
12363
12371
12401
12411
12422
12423
12432
12441
12443
12445
12479
12482
12486
12505
12518
12539
12552
12565
12567
12572
12584
12603
12615
12647
12664
12669
12672
12679
12687
12690
12691
12696
12697
12711
12722
12735
12739
12747
12760
12775
12776
12779
12788
12799
12807
12841
12844
12858
12859
12879
12931
12945
12954
12958
12985
12987
12990
12995
12996
13053
13069
13080
13119
13120
13124
13151
13175
13180
13193
13202
13232
13236
13271
13282
13296
13299
13306
13310
13316
13349
13374
13380
13405
13410
13416
13417
13475
13480
13491
13509
13515
13526
13539
13543
13558
13563
13566
13589
13599
13616
13623
13653
13654
13663
13664
13672
13673
13680
13685
13689
13691
13718
13720
13731
13732
13740
13753
13755
13756
13763
13768
13779
13780
13792
13811
13818
13835
13877
13884
13890
13893
13918
13928
13956
13968
13983
13990
14001
14008
14022
14044
14046
14062
14131
14137
14165
14176
14185
14190
14194
14197
14209
14212
14218
14226
14238
14243
14248
14253
14269
14271
14277
14289
14298
14358
14363
14387
14391
14394
14402
14408
14418
14440
14458
14459
14461
14476
14491
14498
14502
14508
14528
14531
14556
14561
14573
14578
14590
14598
14629
14641
14662
14691
14698
14705
14707
14734
14741
14748
14779
14790
14807
14809
14817
14823
14828
14854
14886
14889
14959
14960
14962
14963
14965
14968
14982
15019
15031
15036
15062
15096
15102
15124
15130
15135
15144
15180
15225
15228
15229
15238
15239
15250
15251
15260
15269
15287
15290
15291
15333
15341
15346
15349
15363
15385
15392
15395
15401
15410
15470
15479
15484
15489
15502
15505
15506
15507
15524
15545
15549
15558
15563
15564
15568
15604
15608
15615
15634
15650
15651
15671
15673
15683
15717
15720
15728
15737
15755
15756
15796
15809
15852
15871
15882
15891
15903
15914
15917
15929
15946
15973
15976
15989
15992
16035
16064
16077
16083
16091
16095
16102
16132
16139
16151
16156
16169
16190
16213
16220
16228
16239
16263
16265
16266
16272
16276
16291
16292
16318
16322
16344
16378
16388
16399
16407
16416
16432
16449
16504
16507
16512
16532
16589
16604
16612
16624
16628
16655
16657
16661
16662
16695
16706
16764
16774
16788
16798
16826
16859
16866
16876
16884
16899
16907
16931
16938
16944
16957
16959
16962
16981
16984
16990
17008
17015
17020
17026
17038
17055
17070
17114
17116
17140
17164
17178
17186
17202
17219
17238
17240
17241
17252
17257
17266
17282
17301
17306
17309
17317
17319
17328
17329
17331
17364
17380
17384
17396
17403
17419
17434
17452
17501
17511
17512
17520
17526
17529
17533
17539
17545
17553
17556
17578
17613
17616
17617
17629
17648
17649
17651
17663
17675
17684
17685
17689
17722
17741
17746
17763
17764
17766
17781
17800
17809
17815
17817
17818
17828
17832
17837
17865
17882
17894
17900
17905
17906
17910
17920
17938
17942
17957
17970
17992
18012
18037
18049
18056
18064
18077
18116
18117
18141
18147
18160
18165
18180
18187
18198
18205
18226
18234
18285
18293
18310
18312
18339
18387
18407
18411
18416
18436
18447
18483
18488
18519
18537
18547
18554
18557
18560
18581
18584
18620
18653
18656
18674
18680
18685
18701
18703
18708
18723
18753
18754
18764
18766
18767
18773
18779
18793
18811
18820
18842
18843
18868
18878
18889
18890
18902
18906
18910
18913
18920
18931
18941
18966
18984
18987
18989
18990
18991
19000
19013
19046
19050
19104
19108
19115
19119
19142
19146
19187
19189
19190
19199
19201
19208
19219
19228
19231
19279
19281
19282
19318
19325
19347
19351
19352
19371
19394
19402
19403
19416
19432
19437
19443
19459
19463
19470
19471
19478
19483
19488
19492
19495
19498
19521
19525
19557
19575
19576
19598
19605
19639
19677
19679
19721
19736
19741
19745
19748
19759
19770
19778
19779
19781
19817
19818
19868
19885
19898
19899
19907
19914
19915
19916
19919
19939
19945
19946
19959
19969
19970
19989
19995
20006
20009
20023
20033
20046
20052
20053
20060
20065
20067
20070
20072
20113
20124
20132
20153
20154
20174
20177
20235
20237
20244
20246
20261
20311
20362
20363
20377
20378
20387
20388
20396
20414
20431
20459
20466
20474
20475
20476
20487
20493
20494
20503
20505
20518
20520
20529
20558
20567
20594
20600
20614
20632
20640
20680
20683
20691
20692
20693
20700
20718
20732
20750
20752
20753
20788
20838
20843
20866
20929
20935
20954
20958
20959
20964
20972
20985
20988
21006
21009
21020
21036
21077
21096
21109
21120
21135
21146
21150
21160
21174
21206
21214
21216
21225
21243
21256
21275
21284
21289
21296
21298
21308
21338
21343
21349
21357
21358
21359
21363
21389
21425
21456
21460
21475
21494
21513
21515
21522
21531
21534
21536
21540
21565
21576
21583
21620
21625
21657
21664
21671
21694
21695
21722
21727
21737
21777
21782
21793
21835
21843
21876
21879
21883
21922
21933
21956
21969
21981
21992
22005
22025
22037
22052
22054
22067
22085
22088
22096
22099
22132
22147
22151
22191
22204
22215
22227
22228
22229
22243
22253
22259
22263
22266
22276
22284
22300
22305
22315
22318
22328
22350
22351
22357
22378
22384
22385
22417
22425
22428
22442
22452
22459
22471
22532
22534
22553
22569
22574
22603
22636
22647
22657
22662
22676
22696
22698
22727
22737
22742
22746
22755
22756
22766
22773
22789
22793
22801
22805
22813
22815
22841
22845
22888
22889
22892
22918
22924
22927
22931
22933
22939
22942
22957
22961
22974
22994
23023
23025
23027
23034
23050
23054
23070
23086
23092
23100
23139
23154
23156
23165
23199
23203
23208
23212
23217
23223
23231
23259
23260
23275
23277
23280
23288
23293
23298
23300
23301
23311
23323
23361
23370
23414
23443
23449
23453
23456
23476
23478
23483
23493
23501
23535
23536
23544
23553
23575
23577
23587
23596
23615
23637
23641
23654
23670
23676
23698
23746
23748
23757
23772
23783
23787
23791
23830
23837
23857
23875
23892
23893
23903
23919
23927
23929
23964
23966
23971
23998
23999
24001
24009
24012
24021
24029
24049
24062
24088
24104
24105
24123
24139
24180
24184
24190
24225
24226
24229
24231
24247
24259
24267
24271
24281
24286
24293
24305
24336
24340
24341
24356
24357
24363
24374
24398
24399
24407
24417
24420
24443
24452
24457
24479
24481
24507
24535
24544
24546
24570
24576
24579
24585
24586
24604
24611
24613
24614
24620
24625
24636
24648
24657
24684
24703
24704
24720
24722
24745
24760
24773
24785
24803
24836
24843
24861
24868
24873
24886
24892
24901
24916
24920
24929
24932
24942
24944
24974
24980
25021
25034
25037
25041
25042
25048
25051
25071
25072
25079
25093
25094
25101
25111
25115
25116
25120
25124
25134
25162
25188
25189
25204
25238
25239
25264
25265
25291
25294
25295
25298
25317
25351
25359
25368
25404
25409
25414
25478
25495
25497
25499
25500
25504
25510
25514
25558
25584
25600
25641
25667
25715
25716
25735
25755
25760
25765
25766
25769
25776
25796
25816
25829
25838
25853
25858
25883
25884
25889
25909
25915
25917
25918
25931
25939
26007
26028
26037
26048
26052
26068
26090
26101
26105
26122
26137
26150
26180
26200
26225
26228
26232
26234
26290
26338
26341
26352
26358
26361
26364
26366
26395
26412
26427
26440
26442
26450
26451
26475
26486
26514
26523
26530
26551
26553
26555
26565
26570
26589
26605
26619
26638
26647
26690
26691
26699
26710
26711
26717
26722
26723
26724
26733
26734
26759
26760
26786
26796
26820
26833
26835
26843
26915
26921
26954
26972
26973
27007
27013
27014
27024
27026
27030
27040
27046
27055
27065
27067
27076
27082
27092
27144
27146
27159
27163
27175
27176
27184
27196
27208
27230
27231
27241
27250
27273
27274
27275
27303
27326
27358
27364
27373
27401
27464
27470
27479
27480
27486
27497
27504
27531
27537
27539
27556
27557
27579
27584
27611
27668
27692
27698
27737
27750
27754
27786
27790
27819
27833
27838
27869
27886
27888
27890
27893
27906
27907
27924
27954
27963
27971
27973
27977
27982
27988
27997
27999
28008
28031
28040
28054
28055
28060
28069
28100
28115
28138
28141
28150
28191
28192
28195
28222
28232
28245
28249
28256
28267
28281
28297
28300
28311
28326
28333
28336
28338
28348
28355
28381
28394
28402
28413
28428
28430
28437
28446
28455
28458
28471
28473
28483
28486
28503
28513
28528
28532
28535
28554
28557
28564
28579
28595
28602
28624
28625
28628
28641
28654
28661
28666
28699
28706
28722
28732
28737
28746
28747
28761
28766
28769
28771
28775
28779
28785
28787
28790
28791
28792
28799
28801
28820
28838
28871
28917
28929
28931
28949
28963
28964
28977
29004
29005
29024
29046
29056
29061
29081
29087
29100
29111
29141
29163
29166
29176
29186
29189
29194
29197
29198
29222
29224
29237
29240
29254
29288
29301
29317
29328
29349
29350
29357
29375
29378
29383
29400
29423
29432
29439
29447
29453
29457
29469
29485
29486
29492
29523
29529
29531
29555
29572
29597
29600
29614
29615
29627
29639
29653
29654
29682
29690
29701
29738
29742
29753
29771
29779
29784
29785
29807
29813
29852
29863
29890
29900
29909
29912
29915
29918
29922
29951
29967
29968
29989
29991
30025
30043
30048
30074
30078
30083
30092
30104
30114
30127
30140
30141
30148
30159
30165
30166
30170
30186
30187
30196
30197
30198
30200
30204
30213
30236
30254
30262
30274
30279
30284
30296
30299
30310
30318
30322
30323
30325
30333
30343
30356
30368
30370
30376
30377
30398
30403
30412
30420
30423
30431
30433
30449
30559
30563
30572
30574
30578
30608
30616
30636
30656
30676
30683
30686
30689
30696
30704
30712
30729
30744
30767
30778
30800
30806
30850
30864
30867
30868
30869
30875
30897
30902
30915
30920
30941
30965
30967
30987
30996
30997
31014
31019
31077
31079
31082
31097
31112
31115
31136
31137
31160
31164
31178
31182
31194
31200
31205
31221
31262
31276
31300
31323
31332
31341
31366
31383
31389
31392
31409
31415
31416
31459
31460
31476
31519
31533
31549
31584
31586
31587
31623
31627
31630
31639
31645
31663
31665
31667
31687
31690
31703
31715
31767
31770
31772
31774
31779
31783
31801
31805
31846
31859
31874
31884
31920
31949
31956
31957
31979
31985
31992
31995
31998
32004
32010
32017
32038
32042
32044
32062
32064
32074
32082
32085
32097
32107
32110
32119
32138
32156
32160
32165
32173
32176
32183
32191
32195
32196
32210
32223
32265
32282
32285
32291
32294
32296
32302
32304
32306
32321
32340
32347
32368
32370
32385
32388
32434
32452
32483
32488
32508
32528
32533
32539
32555
32583
32588
32605
32607
32613
32615
32631
32641
32646
32665
32677
32689
32693
32707
32718
32731
32741
32752
32763
32778
32785
32806
32810
32857
32859
32868
32871
32884
32890
32895
32898
32907
32932
32951
32957
32979
33007
33022
33024
33027
33036
33044
33053
33055
33073
33095
33112
33133
33147
33177
33185
33195
33221
33268
33269
33278
33300
33314
33317
33352
33371
33372
33374
33386
33401
33402
33414
33463
33465
33503
33520
33521
33524
33543
33549
33575
33584
33600
33624
33628
33633
33641
33648
33653
33666
33668
33681
33683
33712
33722
33725
33737
33742
33748
33757
33758
33769
33779
33781
33793
33804
33805
33809
33824
33828
33829
33832
33833
33842
33852
33864
33883
33891
33911
33931
33933
33949
33962
33966
33993
33995
33996
34002
34015
34017
34018
34061
34072
34075
34118
34135
34139
34146
34150
34172
34185
34188
34193
34200
34224
34226
34240
34248
34253
34260
34277
34283
34295
34317
34318
34334
34344
34345
34353
34377
34386
34388
34419
34423
34426
34441
34443
34476
34487
34488
34495
34505
34523
34527
34528
34547
34549
34560
34563
34576
34604
34621
34624
34638
34639
34653
34711
34741
34776
34782
34786
34793
34811
34815
34839
34860
34872
34878
34896
34909
34927
34940
34954
34959
34961
34967
34971
34978
34984
34985
34991
35011
35029
35030
35036
35040
35042
35047
35058
35060
35061
35063
35095
35102
35109
35112
35115
35144
35148
35166
35175
35187
35189
35203
35209
35238
35259
35262
35291
35329
35334
35346
35351
35354
35362
35376
35386
35388
35396
35413
35417
35430
35431
35438
35439
35452
35476
35490
35492
35493
35495
35520
35542
35545
35556
35568
35571
35596
35604
35612
35614
35633
35641
35645
35646
35653
35679
35682
35689
35700
35710
35712
35721
35736
35742
35759
35760
35763
35766
35767
35801
35805
35819
35857
35879
35935
35943
35946
35951
35961
35972
35992
36003
36038
36039
36059
36069
36071
36085
36090
36094
36102
36104
36151
36167
36180
36187
36199
36205
36212
36254
36270
36288
36295
36297
36328
36333
36336
36337
36349
36354
36377
36382
36389
36391
36392
36393
36415
36435
36440
36458
36472
36481
36485
36494
36496
36504
36528
36540
36558
36563
36566
36599
36602
36612
36628
36630
36646
36655
36674
36682
36710
36714
36719
36721
36749
36751
36752
36780
36788
36807
36813
36815
36819
36881
36884
36896
36897
36903
36905
36909
36914
36925
36926
36933
36947
36956
36968
36984
37021
37023
37028
37034
37049
37050
37055
37061
37098
37113
37140
37149
37171
37193
37228
37249
37263
37268
37330
37333
37334
37343
37357
37369
37380
37397
37399
37413
37414
37420
37423
37433
37442
37444
37462
37463
37466
37490
37501
37504
37507
37529
37532
37544
37576
37588
37613
37629
37633
37638
37642
37647
37664
37682
37710
37712
37779
37795
37796
37810
37822
37866
37890
37900
37943
37960
37973
37976
37978
37985
37986
37988
37992
37995
38007
38014
38037
38041
38078
38080
38089
38103
38104
38133
38156
38169
38203
38217
38223
38225
38249
38252
38254
38259
38281
38296
38330
38350
38351
38354
38362
38363
38372
38400
38404
38429
38432
38458
38459
38465
38490
38492
38501
38505
38519
38543
38555
38558
38572
38618
38629
38635
38637
38638
38657
38669
38702
38716
38744
38762
38763
38765
38767
38769
38779
38782
38796
38811
38822
38830
38843
38847
38855
38888
38915
38916
38954
38969
38989
38990
38998
39012
39031
39036
39050
39069
39071
39076
39098
39117
39135
39152
39153
39168
39194
39219
39249
39251
39255
39279
39284
39322
39368
39380
39386
39391
39395
39404
39416
39423
39426
39451
39461
39465
39466
39471
39474
39501
39502
39512
39546
39552
39563
39580
39581
39584
39604
39611
39617
39618
39643
39655
39670
39676
39692
39704
39709
39715
39745
39746
39757
39794
39796
39815
39819
39826
39830
39840
39852
39853
39854
39932
39955
39967
39987
39990
39999
40031
40044
40084
40085
40086
40091
40140
40164
40184
40207
40208
40217
40239
40244
40248
40255
40261
40270
40272
40279
40288
40318
40326
40336
40360
40368
40382
40386
40389
40406
40414
40444
40465
40472
40477
40483
40496
40506
40520
40522
40535
40567
40569
40592
40640
40643
40644
40645
40646
40669
40692
40709
40740
40746
40753
40757
40789
40790
40793
40808
40818
40833
40848
40875
40904
40917
40930
40931
40948
40955
40964
40986
40995
41012
41016
41020
41026
41031
41032
41041
41050
41061
41096
41098
41103
41119
41125
41141
41158
41173
41175
41180
41192
41193
41205
41238
41267
41283
41286
41313
41323
41326
41357
41370
41375
41377
41384
41387
41391
41407
41416
41430
41431
41447
41459
41460
41469
41478
41482
41516
41517
41523
41541
41542
41559
41561
41568
41576
41580
41624
41627
41638
41661
41676
41679
41690
41695
41707
41719
41722
41779
41782
41798
41835
41848
41851
41864
41865
41875
41876
41890
41893
41909
41950
41955
41957
41966
41974
41977
41986
41987
41997
42007
42028
42058
42063
42074
42097
42102
42111
42123
42124
42134
42135
42150
42175
42209
42229
42232
42238
42245
42280
42315
42345
42346
42347
42352
42354
42357
42361
42367
42376
42391
42412
42425
42448
42451
42452
42497
42506
42522
42524
42537
42547
42552
42566
42605
42608
42609
42614
42641
42656
42657
42662
42667
42688
42689
42695
42702
42720
42721
42749
42764
42765
42771
42778
42784
42800
42815
42816
42835
42840
42854
42871
42915
42918
42948
42972
42977
42980
42997
43008
43011
43024
43037
43068
43074
43078
43082
43098
43114
43126
43129
43139
43162
43166
43177
43218
43220
43222
43233
43234
43237
43243
43255
43257
43259
43263
43269
43281
43284
43288
43292
43304
43314
43318
43338
43382
43384
43392
43396
43397
43406
43433
43445
43449
43472
43478
43488
43505
43517
43523
43524
43525
43529
43532
43542
43550
43574
43577
43593
43597
43605
43608
43626
43636
43639
43654
43669
43701
43702
43706
43730
43740
43766
43776
43791
43814
43823
43824
43842
43851
43876
43882
43883
43885
43886
43888
43890
43921
43949
43957
43964
43969
43997
44008
44044
44065
44070
44074
44087
44098
44102
44125
44142
44152
44164
44176
44178
44203
44209
44220
44223
44227
44231
44241
44271
44275
44293
44308
44311
44312
44329
44352
44367
44368
44371
44379
44416
44434
44440
44458
44462
44474
44477
44487
44498
44551
44555
44572
44579
44582
44594
44619
44620
44624
44628
44632
44635
44638
44644
44672
44679
44683
44693
44695
44706
44740
44742
44755
44769
44788
44807
44838
44873
44877
44886
44910
44926
44930
44937
44942
44979
44983
44994
44997
45018
45030
45038
45039
45040
45062
45070
45084
45092
45105
45109
45110
45132
45146
45183
45195
45206
45216
45220
45230
45234
45235
45239
45243
45249
45258
45272
45309
45322
45345
45346
45349
45388
45391
45398
45399
45402
45403
45412
45433
45437
45465
45473
45494
45500
45501
45504
45519
45526
45528
45534
45535
45536
45537
45546
45554
45566
45575
45592
45603
45633
45635
45642
45653
45667
45681
45692
45702
45706
45716
45723
45727
45730
45749
45769
45781
45827
45831
45832
45857
45873
45889
45909
45926
45953
45957
45974
45982
45998
46017
46048
46049
46052
46055
46057
46072
46110
46115
46116
46170
46174
46176
46186
46189
46201
46218
46232
46234
46244
46245
46249
46251
46254
46263
46271
46291
46299
46312
46319
46320
46336
46342
46362
46371
46382
46420
46421
46442
46448
46457
46473
46485
46489
46509
46524
46534
46545
46556
46594
46601
46602
46613
46632
46634
46644
46648
46651
46661
46664
46682
46719
46737
46740
46741
46746
46754
46760
46777
46779
46803
46812
46842
46848
46849
46862
46874
46879
46902
46907
46936
46943
46960
46962
46964
46968
46979
46989
47016
47018
47019
47023
47062
47068
47075
47096
47099
47116
47124
47140
47146
47154
47157
47163
47168
47196
47215
47244
47250
47264
47276
47286
47295
47311
47343
47357
47373
47381
47387
47401
47408
47413
47420
47430
47452
47458
47467
47472
47498
47506
47516
47519
47522
47536
47556
47557
47564
47565
47569
47580
47594
47612
47625
47629
47633
47636
47662
47695
47712
47725
47739
47765
47791
47793
47798
47818
47820
47839
47869
47870
47874
47889
47901
47908
47914
47924
47961
47973
47979
47989
48002
48009
48011
48033
48037
48066
48069
48076
48085
48091
48095
48107
48124
48139
48149
48160
48161
48188
48210
48221
48224
48231
48233
48235
48248
48262
48267
48294
48309
48338
48356
48369
48375
48383
48385
48387
48389
48394
48401
48403
48410
48511
48527
48528
48538
48540
48546
48558
48559
48581
48629
48633
48634
48641
48646
48660
48669
48670
48677
48682
48702
48706
48750
48759
48781
48791
48815
48817
48818
48827
48837
48842
48849
48855
48860
48876
48905
48926
48937
48956
49003
49005
49011
49022
49027
49030
49038
49039
49040
49051
49052
49053
49060
49125
49144
49160
49167
49180
49192
49194
49203
49212
49218
49224
49241
49245
49249
49252
49254
49261
49283
49285
49293
49312
49314
49317
49323
49325
49340
49366
49380
49395
49403
49410
49424
49430
49436
49438
49475
49488
49493
49495
49504
49515
49526
49548
49571
49573
49589
49594
49607
49630
49639
49651
49673
49703
49708
49741
49746
49755
49765
49769
49786
49787
49799
49809
49840
49842
49860
49885
49909
49919
49921
49959
--------
30
43
102
134
141
153
161
168
175
191
206
208
224
240
243
245
261
263
284
292
304
309
316
321
331
366
380
398
425
482
484
486
512
528
544
552
565
591
599
622
624
627
653
662
665
689
724
728
730
736
774
785
841
844
846
869
909
918
954
956
959
965
974
978
979
983
1018
1027
1030
1031
1042
1046
1049
1057
1063
1066
1070
1077
1082
1097
1102
1121
1128
1132
1138
1156
1175
1203
1204
1210
1235
1238
1239
1249
1252
1295
1313
1327
1335
1337
1357
1360
1363
1369
1381
1385
1389
1391
1394
1407
1408
1411
1412
1433
1440
1444
1452
1471
1472
1473
1474
1478
1485
1491
1500
1513
1525
1556
1604
1615
1622
1629
1635
1639
1640
1651
1686
1699
1709
1714
1715
1717
1718
1719
1723
1724
1726
1731
1738
1753
1759
1773
1781
1798
1813
1818
1833
1836
1838
1854
1874
1888
1898
1905
1909
1918
1937
1955
1964
1972
1973
1975
1986
1995
1998
1999
2016
2024
2025
2030
2031
2052
2078
2079
2091
2095
2098
2104
2105
2108
2127
2129
2135
2141
2149
2152
2157
2164
2169
2192
2211
2212
2236
2238
2239
2267
2271
2281
2302
2322
2329
2343
2355
2372
2399
2401
2427
2434
2446
2476
2484
2533
2541
2544
2548
2589
2610
2645
2691
2693
2709
2715
2727
2729
2754
2772
2773
2784
2789
2791
2798
2800
2807
2825
2832
2856
2873
2883
2899
2903
2938
2945
2948
2949
2952
3011
3016
3046
3048
3064
3065
3071
3074
3077
3085
3097
3128
3140
3152
3166
3181
3192
3223
3224
3235
3252
3268
3306
3310
3321
3336
3342
3359
3372
3385
3410
3417
3435
3453
3456
3460
3477
3487
3489
3499
3507
3526
3527
3535
3559
3577
3584
3595
3598
3601
3605
3633
3644
3653
3654
3670
3677
3685
3690
3710
3717
3721
3725
3731
3740
3741
3777
3789
3792
3794
3814
3824
3827
3832
3837
3885
3886
3905
3932
3940
3943
3952
3976
3978
3998
4026
4028
4050
4084
4118
4124
4135
4157
4166
4179
4182
4183
4201
4223
4226
4241
4252
4254
4264
4266
4268
4277
4315
4345
4378
4380
4407
4412
4421
4432
4441
4443
4448
4465
4466
4477
4483
4490
4516
4530
4551
4554
4569
4587
4588
4592
4617
4629
4634
4641
4644
4645
4646
4650
4673
4678
4752
4771
4774
4775
4777
4783
4793
4797
4804
4810
4818
4864
4881
4887
4896
4930
4938
4942
4962
5000
5065
5109
5113
5120
5135
5142
5147
5151
5169
5171
5172
5206
5215
5217
5224
5238
5255
5262
5277
5305
5307
5308
5318
5324
5336
5337
5347
5352
5355
5367
5378
5388
5412
5416
5418
5443
5456
5458
5472
5531
5532
5537
5545
5549
5555
5568
5601
5623
5630
5645
5670
5677
5694
5698
5706
5714
5720
5728
5731
5737
5742
5791
5805
5826
5832
5853
5873
5893
5896
5903
5909
5919
5934
5940
5943
5954
5971
5981
5984
5985
5993
5996
6002
6019
6029
6040
6065
6076
6108
6116
6117
6118
6135
6142
6147
6154
6157
6170
6176
6177
6186
6190
6201
6205
6207
6211
6222
6226
6251
6264
6265
6266
6267
6274
6282
6336
6350
6369
6372
6408
6422
6457
6460
6476
6486
6495
6500
6502
6508
6539
6541
6542
6573
6575
6576
6591
6596
6605
6621
6630
6633
6645
6654
6665
6669
6672
6674
6677
6679
6688
6729
6734
6748
6765
6783
6800
6824
6860
6862
6878
6904
6906
6911
6933
6991
7022
7026
7059
7077
7080
7091
7099
7103
7123
7150
7167
7195
7205
7214
7237
7242
7257
7268
7277
7287
7289
7304
7317
7343
7350
7367
7373
7386
7391
7397
7401
7408
7421
7427
7443
7445
7448
7458
7461
7482
7494
7538
7540
7578
7596
7597
7599
7604
7606
7608
7613
7623
7655
7657
7659
7677
7682
7696
7698
7706
7720
7721
7729
7732
7735
7737
7741
7764
7765
7774
7780
7787
7791
7817
7839
7849
7856
7857
7864
7866
7872
7911
7915
7916
7917
7922
7927
7931
7936
7954
7959
7975
7993
7994
8009
8010
8015
8023
8033
8034
8038
8040
8056
8066
8076
8095
8096
8109
8115
8119
8121
8126
8138
8144
8181
8183
8197
8206
8213
8225
8230
8241
8242
8247
8275
8304
8318
8323
8336
8337
8364
8384
8396
8398
8400
8402
8407
8421
8425
8442
8445
8447
8453
8460
8462
8472
8483
8492
8507
8512
8526
8527
8540
8547
8551
8554
8591
8596
8610
8616
8618
8638
8642
8652
8661
8671
8683
8693
8695
8702
8717
8718
8729
8737
8742
8765
8779
8797
8815
8820
8834
8853
8854
8864
8867
8882
8888
8889
8929
8930
8939
8949
8974
8988
9020
9032
9036
9053
9062
9089
9090
9123
9125
9128
9137
9143
9165
9175
9181
9190
9197
9203
9209
9226
9229
9232
9238
9296
9322
9332
9342
9368
9389
9392
9410
9414
9420
9431
9455
9476
9484
9485
9495
9500
9504
9506
9530
9542
9585
9588
9590
9594
9595
9617
9625
9639
9642
9649
9657
9687
9699
9710
9717
9732
9741
9749
9760
9769
9773
9782
9792
9794
9804
9807
9814
9827
9828
9842
9864
9870
9891
9895
9902
9911
9916
9925
9929
9938
9941
9950
9959
9964
9968
9976
9982
9994
10023
10038
10039
10051
10053
10055
10062
10080
10087
10102
10112
10122
10138
10140
10144
10153
10159
10163
10175
10189
10198
10200
10207
10208
10223
10224
10229
10256
10264
10320
10330
10355
10366
10374
10380
10391
10401
10404
10430
10432
10433
10451
10483
10484
10494
10529
10536
10540
10542
10559
10563
10582
10588
10599
10606
10646
10652
10669
10671
10674
10678
10686
10689
10696
10700
10702
10731
10734
10810
10854
10884
10897
10912
10919
10920
10926
10944
10946
10954
10959
10964
10992
11020
11034
11084
11097
11145
11153
11155
11160
11163
11169
11183
11184
11185
11201
11207
11230
11233
11263
11273
11280
11286
11287
11301
11302
11313
11318
11326
11338
11355
11356
11371
11403
11415
11419
11429
11452
11455
11468
11488
11490
11500
11510
11517
11543
11555
11572
11575
11599
11611
11627
11653
11654
11663
11664
11677
11686
11688
11701
11705
11720
11722
11724
11732
11740
11749
11750
11763
11765
11770
11773
11780
11797
11841
11860
11886
11893
11907
11918
11935
11936
11942
11955
11969
11995
12002
12005
12008
12014
12021
12026
12043
12081
12101
12104
12128
12134
12143
12146
12165
12167
12178
12184
12194
12201
12210
12211
12214
12223
12232
12238
12241
12245
12247
12281
12289
12294
12305
12317
12324
12328
12334
12337
12341
12349
12354
12355
12362
12363
12371
12401
12411
12422
12423
12432
12441
12443
12445
12479
12482
12486
12505
12518
12539
12552
12565
12567
12572
12584
12603
12615
12647
12664
12669
12672
12679
12687
12690
12691
12696
12697
12711
12722
12735
12739
12747
12760
12775
12776
12779
12788
12799
12807
12841
12844
12858
12859
12879
12931
12945
12954
12958
12985
12987
12990
12995
12996
13053
13069
13080
13119
13120
13124
13151
13175
13180
13193
13202
13232
13236
13271
13282
13296
13299
13306
13310
13316
13349
13374
13380
13405
13410
13416
13417
13475
13480
13491
13509
13515
13526
13539
13543
13558
13563
13566
13589
13599
13616
13623
13653
13654
13663
13664
13672
13673
13680
13685
13689
13691
13718
13720
13731
13732
13740
13753
13755
13756
13763
13768
13779
13780
13792
13811
13818
13835
13877
13884
13890
13893
13918
13928
13956
13968
13983
13990
14001
14008
14022
14044
14046
14062
14131
14137
14165
14176
14185
14190
14194
14197
14209
14212
14218
14226
14238
14243
14248
14253
14269
14271
14277
14289
14298
14358
14363
14387
14391
14394
14402
14408
14418
14440
14458
14459
14461
14476
14491
14498
14502
14508
14528
14531
14556
14561
14573
14578
14590
14598
14629
14641
14662
14691
14698
14705
14707
14734
14741
14748
14779
14790
14807
14809
14817
14823
14828
14854
14886
14889
14959
14960
14962
14963
14965
14968
14982
15019
15031
15036
15062
15096
15102
15124
15130
15135
15144
15180
15225
15228
15229
15238
15239
15250
15251
15260
15269
15287
15290
15291
15333
15341
15346
15349
15363
15385
15392
15395
15401
15410
15470
15479
15484
15489
15502
15505
15506
15507
15524
15545
15549
15558
15563
15564
15568
15604
15608
15615
15634
15650
15651
15671
15673
15683
15717
15720
15728
15737
15755
15756
15796
15809
15852
15871
15882
15891
15903
15914
15917
15929
15946
15973
15976
15989
15992
16035
16064
16077
16083
16091
16095
16102
16132
16139
16151
16156
16169
16190
16213
16220
16228
16239
16263
16265
16266
16272
16276
16291
16292
16318
16322
16344
16378
16388
16399
16407
16416
16432
16449
16504
16507
16512
16532
16589
16604
16612
16624
16628
16655
16657
16661
16662
16695
16706
16764
16774
16788
16798
16826
16859
16866
16876
16884
16899
16907
16931
16938
16944
16957
16959
16962
16981
16984
16990
17008
17015
17020
17026
17038
17055
17070
17114
17116
17140
17164
17178
17186
17202
17219
17238
17240
17241
17252
17257
17266
17282
17301
17306
17309
17317
17319
17328
17329
17331
17364
17380
17384
17396
17403
17419
17434
17452
17501
17511
17512
17520
17526
17529
17533
17539
17545
17553
17556
17578
17613
17616
17617
17629
17648
17649
17651
17663
17675
17684
17685
17689
17722
17741
17746
17763
17764
17766
17781
17800
17809
17815
17817
17818
17828
17832
17837
17865
17882
17894
17900
17905
17906
17910
17920
17938
17942
17957
17970
17992
18012
18037
18049
18056
18064
18077
18116
18117
18141
18147
18160
18165
18180
18187
18198
18205
18226
18234
18285
18293
18310
18312
18339
18387
18407
18411
18416
18436
18447
18483
18488
18519
18537
18547
18554
18557
18560
18581
18584
18620
18653
18656
18674
18680
18685
18701
18703
18708
18723
18753
18754
18764
18766
18767
18773
18779
18793
18811
18820
18842
18843
18868
18878
18889
18890
18902
18906
18910
18913
18920
18931
18941
18966
18984
18987
18989
18990
18991
19000
19013
19046
19050
19104
19108
19115
19119
19142
19146
19187
19189
19190
19199
19201
19208
19219
19228
19231
19279
19281
19282
19318
19325
19347
19351
19352
19371
19394
19402
19403
19416
19432
19437
19443
19459
19463
19470
19471
19478
19483
19488
19492
19495
19498
19521
19525
19557
19575
19576
19598
19605
19639
19677
19679
19721
19736
19741
19745
19748
19759
19770
19778
19779
19781
19817
19818
19868
19885
19898
19899
19907
19914
19915
19916
19919
19939
19945
19946
19959
19969
19970
19989
19995
20006
20009
20023
20033
20046
20052
20053
20060
20065
20067
20070
20072
20113
20124
20132
20153
20154
20174
20177
20235
20237
20244
20246
20261
20311
20362
20363
20377
20378
20387
20388
20396
20414
20431
20459
20466
20474
20475
20476
20487
20493
20494
20503
20505
20518
20520
20529
20558
20567
20594
20600
20614
20632
20640
20680
20683
20691
20692
20693
20700
20718
20732
20750
20752
20753
20788
20838
20843
20866
20929
20935
20954
20958
20959
20964
20972
20985
20988
21006
21009
21020
21036
21077
21096
21109
21120
21135
21146
21150
21160
21174
21206
21214
21216
21225
21243
21256
21275
21284
21289
21296
21298
21308
21338
21343
21349
21357
21358
21359
21363
21389
21425
21456
21460
21475
21494
21513
21515
21522
21531
21534
21536
21540
21565
21576
21583
21620
21625
21657
21664
21671
21694
21695
21722
21727
21737
21777
21782
21793
21835
21843
21876
21879
21883
21922
21933
21956
21969
21981
21992
22005
22025
22037
22052
22054
22067
22085
22088
22096
22099
22132
22147
22151
22191
22204
22215
22227
22228
22229
22243
22253
22259
22263
22266
22276
22284
22300
22305
22315
22318
22328
22350
22351
22357
22378
22384
22385
22417
22425
22428
22442
22452
22459
22471
22532
22534
22553
22569
22574
22603
22636
22647
22657
22662
22676
22696
22698
22727
22737
22742
22746
22755
22756
22766
22773
22789
22793
22801
22805
22813
22815
22841
22845
22888
22889
22892
22918
22924
22927
22931
22933
22939
22942
22957
22961
22974
22994
23023
23025
23027
23034
23050
23054
23070
23086
23092
23100
23139
23154
23156
23165
23199
23203
23208
23212
23217
23223
23231
23259
23260
23275
23277
23280
23288
23293
23298
23300
23301
23311
23323
23361
23370
23414
23443
23449
23453
23456
23476
23478
23483
23493
23501
23535
23536
23544
23553
23575
23577
23587
23596
23615
23637
23641
23654
23670
23676
23698
23746
23748
23757
23772
23783
23787
23791
23830
23837
23857
23875
23892
23893
23903
23919
23927
23929
23964
23966
23971
23998
23999
24001
24009
24012
24021
24029
24049
24062
24088
24104
24105
24123
24139
24180
24184
24190
24225
24226
24229
24231
24247
24259
24267
24271
24281
24286
24293
24305
24336
24340
24341
24356
24357
24363
24374
24398
24399
24407
24417
24420
24443
24452
24457
24479
24481
24507
24535
24544
24546
24570
24576
24579
24585
24586
24604
24611
24613
24614
24620
24625
24636
24648
24657
24684
24703
24704
24720
24722
24745
24760
24773
24785
24803
24836
24843
24861
24868
24873
24886
24892
24901
24916
24920
24929
24932
24942
24944
24974
24980
25021
25034
25037
25041
25042
25048
25051
25071
25072
25079
25093
25094
25101
25111
25115
25116
25120
25124
25134
25162
25188
25189
25204
25238
25239
25264
25265
25291
25294
25295
25298
25317
25351
25359
25368
25404
25409
25414
25478
25495
25497
25499
25500
25504
25510
25514
25558
25584
25600
25641
25667
25715
25716
25735
25755
25760
25765
25766
25769
25776
25796
25816
25829
25838
25853
25858
25883
25884
25889
25909
25915
25917
25918
25931
25939
26007
26028
26037
26048
26052
26068
26090
26101
26105
26122
26137
26150
26180
26200
26225
26228
26232
26234
26290
26338
26341
26352
26358
26361
26364
26366
26395
26412
26427
26440
26442
26450
26451
26475
26486
26514
26523
26530
26551
26553
26555
26565
26570
26589
26605
26619
26638
26647
26690
26691
26699
26710
26711
26717
26722
26723
26724
26733
26734
26759
26760
26786
26796
26820
26833
26835
26843
26915
26921
26954
26972
26973
27007
27013
27014
27024
27026
27030
27040
27046
27055
27065
27067
27076
27082
27092
27144
27146
27159
27163
27175
27176
27184
27196
27208
27230
27231
27241
27250
27273
27274
27275
27303
27326
27358
27364
27373
27401
27464
27470
27479
27480
27486
27497
27504
27531
27537
27539
27556
27557
27579
27584
27611
27668
27692
27698
27737
27750
27754
27786
27790
27819
27833
27838
27869
27886
27888
27890
27893
27906
27907
27924
27954
27963
27971
27973
27977
27982
27988
27997
27999
28008
28031
28040
28054
28055
28060
28069
28100
28115
28138
28141
28150
28191
28192
28195
28222
28232
28245
28249
28256
28267
28281
28297
28300
28311
28326
28333
28336
28338
28348
28355
28381
28394
28402
28413
28428
28430
28437
28446
28455
28458
28471
28473
28483
28486
28503
28513
28528
28532
28535
28554
28557
28564
28579
28595
28602
28624
28625
28628
28641
28654
28661
28666
28699
28706
28722
28732
28737
28746
28747
28761
28766
28769
28771
28775
28779
28785
28787
28790
28791
28792
28799
28801
28820
28838
28871
28917
28929
28931
28949
28963
28964
28977
29004
29005
29024
29046
29056
29061
29081
29087
29100
29111
29141
29163
29166
29176
29186
29189
29194
29197
29198
29222
29224
29237
29240
29254
29288
29301
29317
29328
29349
29350
29357
29375
29378
29383
29400
29423
29432
29439
29447
29453
29457
29469
29485
29486
29492
29523
29529
29531
29555
29572
29597
29600
29614
29615
29627
29639
29653
29654
29682
29690
29701
29738
29742
29753
29771
29779
29784
29785
29807
29813
29852
29863
29890
29900
29909
29912
29915
29918
29922
29951
29967
29968
29989
29991
30025
30043
30048
30074
30078
30083
30092
30104
30114
30127
30140
30141
30148
30159
30165
30166
30170
30186
30187
30196
30197
30198
30200
30204
30213
30236
30254
30262
30274
30279
30284
30296
30299
30310
30318
30322
30323
30325
30333
30343
30356
30368
30370
30376
30377
30398
30403
30412
30420
30423
30431
30433
30449
30559
30563
30572
30574
30578
30608
30616
30636
30656
30676
30683
30686
30689
30696
30704
30712
30729
30744
30767
30778
30800
30806
30850
30864
30867
30868
30869
30875
30897
30902
30915
30920
30941
30965
30967
30987
30996
30997
31014
31019
31077
31079
31082
31097
31112
31115
31136
31137
31160
31164
31178
31182
31194
31200
31205
31221
31262
31276
31300
31323
31332
31341
31366
31383
31389
31392
31409
31415
31416
31459
31460
31476
31519
31533
31549
31584
31586
31587
31623
31627
31630
31639
31645
31663
31665
31667
31687
31690
31703
31715
31767
31770
31772
31774
31779
31783
31801
31805
31846
31859
31874
31884
31920
31949
31956
31957
31979
31985
31992
31995
31998
32004
32010
32017
32038
32042
32044
32062
32064
32074
32082
32085
32097
32107
32110
32119
32138
32156
32160
32165
32173
32176
32183
32191
32195
32196
32210
32223
32265
32282
32285
32291
32294
32296
32302
32304
32306
32321
32340
32347
32368
32370
32385
32388
32434
32452
32483
32488
32508
32528
32533
32539
32555
32583
32588
32605
32607
32613
32615
32631
32641
32646
32665
32677
32689
32693
32707
32718
32731
32741
32752
32763
32778
32785
32806
32810
32857
32859
32868
32871
32884
32890
32895
32898
32907
32932
32951
32957
32979
33007
33022
33024
33027
33036
33044
33053
33055
33073
33095
33112
33133
33147
33177
33185
33195
33221
33268
33269
33278
33300
33314
33317
33352
33371
33372
33374
33386
33401
33402
33414
33463
33465
33503
33520
33521
33524
33543
33549
33575
33584
33600
33624
33628
33633
33641
33648
33653
33666
33668
33681
33683
33712
33722
33725
33737
33742
33748
33757
33758
33769
33779
33781
33793
33804
33805
33809
33824
33828
33829
33832
33833
33842
33852
33864
33883
33891
33911
33931
33933
33949
33962
33966
33993
33995
33996
34002
34015
34017
34018
34061
34072
34075
34118
34135
34139
34146
34150
34172
34185
34188
34193
34200
34224
34226
34240
34248
34253
34260
34277
34283
34295
34317
34318
34334
34344
34345
34353
34377
34386
34388
34419
34423
34426
34441
34443
34476
34487
34488
34495
34505
34523
34527
34528
34547
34549
34560
34563
34576
34604
34621
34624
34638
34639
34653
34711
34741
34776
34782
34786
34793
34811
34815
34839
34860
34872
34878
34896
34909
34927
34940
34954
34959
34961
34967
34971
34978
34984
34985
34991
35011
35029
35030
35036
35040
35042
35047
35058
35060
35061
35063
35095
35102
35109
35112
35115
35144
35148
35166
35175
35187
35189
35203
35209
35238
35259
35262
35291
35329
35334
35346
35351
35354
35362
35376
35386
35388
35396
35413
35417
35430
35431
35438
35439
35452
35476
35490
35492
35493
35495
35520
35542
35545
35556
35568
35571
35596
35604
35612
35614
35633
35641
35645
35646
35653
35679
35682
35689
35700
35710
35712
35721
35736
35742
35759
35760
35763
35766
35767
35801
35805
35819
35857
35879
35935
35943
35946
35951
35961
35972
35992
36003
36038
36039
36059
36069
36071
36085
36090
36094
36102
36104
36151
36167
36180
36187
36199
36205
36212
36254
36270
36288
36295
36297
36328
36333
36336
36337
36349
36354
36377
36382
36389
36391
36392
36393
36415
36435
36440
36458
36472
36481
36485
36494
36496
36504
36528
36540
36558
36563
36566
36599
36602
36612
36628
36630
36646
36655
36674
36682
36710
36714
36719
36721
36749
36751
36752
36780
36788
36807
36813
36815
36819
36881
36884
36896
36897
36903
36905
36909
36914
36925
36926
36933
36947
36956
36968
36984
37021
37023
37028
37034
37049
37050
37055
37061
37098
37113
37140
37149
37171
37193
37228
37249
37263
37268
37330
37333
37334
37343
37357
37369
37380
37397
37399
37413
37414
37420
37423
37433
37442
37444
37462
37463
37466
37490
37501
37504
37507
37529
37532
37544
37576
37588
37613
37629
37633
37638
37642
37647
37664
37682
37710
37712
37779
37795
37796
37810
37822
37866
37890
37900
37943
37960
37973
37976
37978
37985
37986
37988
37992
37995
38007
38014
38037
38041
38078
38080
38089
38103
38104
38133
38156
38169
38203
38217
38223
38225
38249
38252
38254
38259
38281
38296
38330
38350
38351
38354
38362
38363
38372
38400
38404
38429
38432
38458
38459
38465
38490
38492
38501
38505
38519
38543
38555
38558
38572
38618
38629
38635
38637
38638
38657
38669
38702
38716
38744
38762
38763
38765
38767
38769
38779
38782
38796
38811
38822
38830
38843
38847
38855
38888
38915
38916
38954
38969
38989
38990
38998
39012
39031
39036
39050
39069
39071
39076
39098
39117
39135
39152
39153
39168
39194
39219
39249
39251
39255
39279
39284
39322
39368
39380
39386
39391
39395
39404
39416
39423
39426
39451
39461
39465
39466
39471
39474
39501
39502
39512
39546
39552
39563
39580
39581
39584
39604
39611
39617
39618
39643
39655
39670
39676
39692
39704
39709
39715
39745
39746
39757
39794
39796
39815
39819
39826
39830
39840
39852
39853
39854
39932
39955
39967
39987
39990
39999
40031
40044
40084
40085
40086
40091
40140
40164
40184
40207
40208
40217
40239
40244
40248
40255
40261
40270
40272
40279
40288
40318
40326
40336
40360
40368
40382
40386
40389
40406
40414
40444
40465
40472
40477
40483
40496
40506
40520
40522
40535
40567
40569
40592
40640
40643
40644
40645
40646
40669
40692
40709
40740
40746
40753
40757
40789
40790
40793
40808
40818
40833
40848
40875
40904
40917
40930
40931
40948
40955
40964
40986
40995
41012
41016
41020
41026
41031
41032
41041
41050
41061
41096
41098
41103
41119
41125
41141
41158
41173
41175
41180
41192
41193
41205
41238
41267
41283
41286
41313
41323
41326
41357
41370
41375
41377
41384
41387
41391
41407
41416
41430
41431
41447
41459
41460
41469
41478
41482
41516
41517
41523
41541
41542
41559
41561
41568
41576
41580
41624
41627
41638
41661
41676
41679
41690
41695
41707
41719
41722
41779
41782
41798
41835
41848
41851
41864
41865
41875
41876
41890
41893
41909
41950
41955
41957
41966
41974
41977
41986
41987
41997
42007
42028
42058
42063
42074
42097
42102
42111
42123
42124
42134
42135
42150
42175
42209
42229
42232
42238
42245
42280
42315
42345
42346
42347
42352
42354
42357
42361
42367
42376
42391
42412
42425
42448
42451
42452
42497
42506
42522
42524
42537
42547
42552
42566
42605
42608
42609
42614
42641
42656
42657
42662
42667
42688
42689
42695
42702
42720
42721
42749
42764
42765
42771
42778
42784
42800
42815
42816
42835
42840
42854
42871
42915
42918
42948
42972
42977
42980
42997
43008
43011
43024
43037
43068
43074
43078
43082
43098
43114
43126
43129
43139
43162
43166
43177
43218
43220
43222
43233
43234
43237
43243
43255
43257
43259
43263
43269
43281
43284
43288
43292
43304
43314
43318
43338
43382
43384
43392
43396
43397
43406
43433
43445
43449
43472
43478
43488
43505
43517
43523
43524
43525
43529
43532
43542
43550
43574
43577
43593
43597
43605
43608
43626
43636
43639
43654
43669
43701
43702
43706
43730
43740
43766
43776
43791
43814
43823
43824
43842
43851
43876
43882
43883
43885
43886
43888
43890
43921
43949
43957
43964
43969
43997
44008
44044
44065
44070
44074
44087
44098
44102
44125
44142
44152
44164
44176
44178
44203
44209
44220
44223
44227
44231
44241
44271
44275
44293
44308
44311
44312
44329
44352
44367
44368
44371
44379
44416
44434
44440
44458
44462
44474
44477
44487
44498
44551
44555
44572
44579
44582
44594
44619
44620
44624
44628
44632
44635
44638
44644
44672
44679
44683
44693
44695
44706
44740
44742
44755
44769
44788
44807
44838
44873
44877
44886
44910
44926
44930
44937
44942
44979
44983
44994
44997
45018
45030
45038
45039
45040
45062
45070
45084
45092
45105
45109
45110
45132
45146
45183
45195
45206
45216
45220
45230
45234
45235
45239
45243
45249
45258
45272
45309
45322
45345
45346
45349
45388
45391
45398
45399
45402
45403
45412
45433
45437
45465
45473
45494
45500
45501
45504
45519
45526
45528
45534
45535
45536
45537
45546
45554
45566
45575
45592
45603
45633
45635
45642
45653
45667
45681
45692
45702
45706
45716
45723
45727
45730
45749
45769
45781
45827
45831
45832
45857
45873
45889
45909
45926
45953
45957
45974
45982
45998
46017
46048
46049
46052
46055
46057
46072
46110
46115
46116
46170
46174
46176
46186
46189
46201
46218
46232
46234
46244
46245
46249
46251
46254
46263
46271
46291
46299
46312
46319
46320
46336
46342
46362
46371
46382
46420
46421
46442
46448
46457
46473
46485
46489
46509
46524
46534
46545
46556
46594
46601
46602
46613
46632
46634
46644
46648
46651
46661
46664
46682
46719
46737
46740
46741
46746
46754
46760
46777
46779
46803
46812
46842
46848
46849
46862
46874
46879
46902
46907
46936
46943
46960
46962
46964
46968
46979
46989
47016
47018
47019
47023
47062
47068
47075
47096
47099
47116
47124
47140
47146
47154
47157
47163
47168
47196
47215
47244
47250
47264
47276
47286
47295
47311
47343
47357
47373
47381
47387
47401
47408
47413
47420
47430
47452
47458
47467
47472
47498
47506
47516
47519
47522
47536
47556
47557
47564
47565
47569
47580
47594
47612
47625
47629
47633
47636
47662
47695
47712
47725
47739
47765
47791
47793
47798
47818
47820
47839
47869
47870
47874
47889
47901
47908
47914
47924
47961
47973
47979
47989
48002
48009
48011
48033
48037
48066
48069
48076
48085
48091
48095
48107
48124
48139
48149
48160
48161
48188
48210
48221
48224
48231
48233
48235
48248
48262
48267
48294
48309
48338
48356
48369
48375
48383
48385
48387
48389
48394
48401
48403
48410
48511
48527
48528
48538
48540
48546
48558
48559
48581
48629
48633
48634
48641
48646
48660
48669
48670
48677
48682
48702
48706
48750
48759
48781
48791
48815
48817
48818
48827
48837
48842
48849
48855
48860
48876
48905
48926
48937
48956
49003
49005
49011
49022
49027
49030
49038
49039
49040
49051
49052
49053
49060
49125
49144
49160
49167
49180
49192
49194
49203
49212
49218
49224
49241
49245
49249
49252
49254
49261
49283
49285
49293
49312
49314
49317
49323
49325
49340
49366
49380
49395
49403
49410
49424
49430
49436
49438
49475
49488
49493
49495
49504
49515
49526
49548
49571
49573
49589
49594
49607
49630
49639
49651
49673
49703
49708
49741
49746
49755
49765
49769
49786
49787
49799
49809
49840
49842
49860
49885
49909
49919
49921
49959
