134
180
287
315
388
417
514
601
609
654
708
783
788
904
935
992
996
1066
1125
1212
1244
1364
1433
1457
1490
1539
1653
1678
1699
1765
1789
1945
1976
2028
2031
2055
2106
2122
2175
2211
2239
2274
2293
2299
2322
2422
2472
2476
2492
2506
2614
2660
2666
2742
2759
2849
2885
2923
3087
3120
3178
3188
3229
3273
3404
3535
3551
3587
3588
3592
3627
3680
3815
3892
3903
3907
3950
3998
4103
4123
4160
4198
4239
4267
4276
4343
4431
4503
4549
4656
4686
4716
4776
4832
4845
4885
4890
4940
4954
5057
5110
5122
5225
5293
5322
5356
5364
5375
5380
5405
5483
5526
5544
5553
5607
5627
5647
5829
5851
5861
5945
5973
5982
6063
6114
6125
6219
6221
6253
6285
6304
6327
6350
6364
6388
6411
6470
6496
6506
6552
6579
6601
6602
6649
6653
6664
6676
6695
6713
6720
6784
6791
6905
6921
6968
7051
7108
7234
7255
7308
7327
7366
7398
7616
7652
7772
7799
7837
7849
7984
8027
8064
8105
8127
8145
8182
8183
8239
8242
8272
8396
8416
8422
8439
8481
8497
8502
8563
8622
8653
8692
8728
8763
8782
8790
8855
8859
8925
8993
9002
9105
9122
9125
9173
9353
9373
9433
9448
9519
9599
9741
9750
9752
9790
9875
9904
10012
10070
10111
10151
10232
10283
10379
10426
10430
10433
10535
10583
10646
10672
10693
10706
10726
10751
11046
11104
11110
11152
11210
11302
11455
11472
11502
11551
11574
11641
11730
11813
11896
11938
11950
11982
12000
12013
12122
12201
12207
12209
12254
12255
12269
12273
12305
12360
12452
12468
12534
12536
12614
12652
12697
12702
12707
12757
12776
12889
12970
13000
13021
13061
13215
13341
13379
13406
13441
13479
13534
13599
13606
13649
13672
13693
13752
13759
13773
13807
13811
13825
13863
13895
13954
13966
13984
13989
14032
14072
14146
14156
14211
14225
14322
14326
14360
14394
14406
14440
14521
14587
14636
14650
14651
14716
14720
14722
14744
14804
14911
14936
14946
14980
15049
15107
15170
15297
15316
15317
15368
15409
15412
15582
15599
15632
15641
15697
15713
15741
15750
15883
15898
15917
15932
15956
16145
16165
16261
16289
16290
16292
16314
16324
16325
16402
16477
16557
16597
16619
16644
16668
16686
16689
16731
16742
16824
16873
16910
17029
17050
17064
17241
17247
17287
17304
17366
17387
17401
17425
17458
17469
17474
17499
17524
17559
17619
17624
17636
17678
17682
17695
17777
17792
17800
17819
17841
18008
18013
18019
18029
18050
18070
18088
18117
18129
18137
18156
18262
18282
18475
18482
18498
18648
18675
18676
18683
18713
18743
18788
18846
18901
18910
18923
18938
18975
19032
19065
19119
19127
19136
19151
19273
19311
19326
19433
19440
19471
19561
19606
19785
19797
19862
19868
19882
19928
20092
20100
20131
20153
20295
20336
20363
20367
20385
20457
20501
20586
20595
20618
20631
20634
20675
20685
20859
20892
20989
21015
21039
21109
21179
21215
21224
21231
21249
21254
21256
21262
21270
21272
21273
21284
21337
21411
21413
21431
21446
21469
21493
21541
21557
21618
21623
21637
21676
21678
21692
21745
21812
21815
21816
21887
21898
21911
21913
21934
21961
22088
22153
22329
22349
22354
22363
22548
22553
22584
22603
22636
22655
22687
22708
22756
22771
22775
22839
22892
22983
22986
23064
23077
23122
23141
23185
23235
23272
23304
23353
23396
23415
23447
23717
23723
23778
23836
23841
23844
23853
23854
23931
23949
23950
23968
23976
23983
24018
24026
24056
24057
24174
24201
24233
24252
24279
24518
24546
24555
24612
24657
24710
24783
24814
24847
24872
24929
24960
25046
25066
25079
25087
25203
25249
25283
25311
25463
25483
25544
25547
25592
25594
25613
25646
25709
25716
25724
25785
25838
25892
25982
26044
26053
26105
26171
26267
26283
26284
26288
26321
26332
26336
26372
26434
26447
26458
26507
26548
26584
26653
26721
26745
26795
26826
26932
26974
26978
27009
27069
27080
27099
27103
27104
27107
27148
27169
27252
27373
27429
27457
27497
27540
27838
27840
27881
27887
27908
28066
28126
28138
28175
28245
28262
28269
28284
28301
28323
28367
28376
28398
28411
28438
28453
28576
28629
28632
28703
28705
28717
28799
28833
28855
28871
28878
28911
28927
28933
28952
29029
29083
29090
29137
29165
29236
29298
29310
29342
29346
29347
29361
29374
29498
29504
29525
29682
29702
29734
29809
29864
29958
29967
29970
29974
29995
30006
30010
30058
30143
30154
30194
30199
30214
30311
30319
30331
30339
30351
30398
30433
30557
30564
30567
30600
30639
30734
30773
30809
30810
30841
30867
30938
30948
31063
31116
31137
31162
31213
31260
31274
31310
31323
31437
31438
31484
31497
31687
31785
31790
31792
32012
32016
32040
32063
32162
32212
32248
32254
32321
32329
32334
32395
32474
32482
32522
32538
32565
32591
32638
32663
32667
32748
32827
32837
32875
33013
33059
33102
33133
33208
33235
33293
33372
33396
33432
33512
33545
33577
33586
33639
33678
33712
33740
33749
33763
33816
33867
33885
33914
33927
33947
34030
34051
34105
34164
34199
34244
34296
34392
34412
34453
34586
34651
34692
34721
34806
34824
34839
34963
34979
34998
35003
35041
35166
35230
35242
35308
35309
35363
35365
35391
35408
35438
35459
35583
35598
35614
35624
35746
35754
35755
35797
35814
35885
35894
35986
36008
36052
36072
36157
36205
36207
36225
36242
36302
36315
36341
36394
36449
36465
36549
36585
36608
36637
36651
36680
36703
36730
36737
36787
36827
36919
36991
37019
37147
37188
37191
37193
37227
37231
37251
37300
37301
37342
37352
37358
37437
37453
37456
37457
37763
37867
37968
38017
38049
38150
38180
38190
38232
38248
38380
38428
38489
38493
38527
38574
38685
38789
38876
38889
38917
38983
38987
38990
39057
39092
39140
39177
39294
39367
39403
39417
39426
39437
39468
39523
39624
39654
39656
39657
39826
39876
39966
40005
40008
40043
40052
40081
40090
40172
40215
40230
40234
40243
40245
40270
40384
40393
40421
40500
40580
40583
40711
40729
40786
40819
40847
40896
40916
40956
40957
40963
41009
41094
41146
41221
41253
41270
41274
41301
41307
41317
41339
41341
41357
41414
41417
41442
41454
41462
41478
41487
41577
41624
41721
41844
41856
41863
41914
41971
42003
42116
42122
42140
42156
42201
42259
42317
42330
42344
42358
42364
42388
42394
42408
42425
42563
42650
42741
42776
42829
42883
42941
42963
43055
43074
43100
43138
43172
43182
43253
43343
43402
43481
43526
43548
43578
43677
43712
43741
43747
43756
43801
43890
44061
44104
44180
44230
44271
44332
44349
44444
44493
44494
44616
44621
44660
44675
44683
44684
44687
44710
44725
44895
44910
44969
45020
45026
45049
45095
45114
45166
45180
45191
45198
45259
45261
45268
45321
45349
45378
45676
45729
45759
45760
45772
45818
45829
45837
45841
45852
45856
45863
45872
45914
45930
45940
45957
46047
46090
46095
46115
46320
46376
46432
46436
46477
46551
46573
46582
46654
46709
46734
46827
46877
47024
47045
47096
47124
47154
47160
47265
47270
47314
47401
47411
47412
47436
47518
47523
47551
47562
47572
47620
47719
47729
47735
47758
47804
47823
47882
47887
47915
47945
48035
48107
48112
48241
48269
48339
48383
48406
48430
48437
48485
48658
48694
48725
48731
48817
48926
48943
49022
49023
49046
49058
49068
49141
49148
49231
49248
49273
49280
49439
49465
49487
49580
49597
49636
49727
49732
49748
49758
49792
49885
--------
22
30
31
43
51
58
63
66
68
78
84
95
108
115
117
124
125
131
134
135
148
150
164
165
166
172
180
187
188
193
194
221
228
233
237
245
246
248
259
261
268
277
279
287
290
293
294
299
307
315
316
318
326
336
361
373
378
379
386
388
404
410
416
417
427
479
482
488
489
497
499
514
521
533
534
544
566
571
576
578
579
601
609
627
631
634
639
650
654
662
668
677
681
690
693
696
701
707
708
711
727
731
732
744
754
756
757
758
783
788
789
793
794
796
797
799
803
815
822
833
840
844
853
869
876
884
889
901
904
919
935
938
939
946
949
961
971
978
992
996
1014
1020
1045
1051
1066
1088
1095
1098
1102
1111
1112
1125
1154
1160
1164
1189
1191
1192
1200
1208
1212
1218
1224
1225
1229
1230
1239
1240
1244
1258
1266
1267
1275
1287
1290
1298
1306
1310
1311
1331
1343
1351
1364
1368
1377
1396
1405
1412
1420
1423
1425
1433
1438
1439
1441
1453
1457
1458
1483
1485
1490
1497
1498
1502
1504
1507
1513
1525
1529
1539
1543
1548
1553
1557
1564
1565
1569
1578
1585
1592
1598
1601
1603
1605
1620
1638
1649
1653
1656
1667
1668
1672
1678
1681
1684
1699
1705
1710
1722
1723
1724
1730
1732
1737
1741
1755
1758
1765
1788
1789
1796
1797
1816
1820
1821
1823
1832
1837
1843
1848
1859
1874
1898
1901
1907
1909
1916
1919
1927
1930
1931
1939
1941
1945
1955
1958
1961
1976
1989
1996
1999
2028
2031
2037
2039
2052
2054
2055
2068
2072
2087
2094
2096
2102
2104
2106
2122
2124
2133
2139
2157
2162
2175
2188
2189
2191
2209
2211
2219
2225
2231
2236
2239
2248
2260
2274
2280
2293
2297
2299
2302
2318
2319
2321
2322
2324
2329
2334
2335
2338
2345
2351
2353
2357
2358
2364
2370
2391
2392
2394
2404
2405
2408
2410
2416
2422
2428
2429
2437
2445
2464
2466
2469
2472
2476
2478
2481
2482
2492
2503
2506
2542
2545
2551
2553
2559
2564
2594
2597
2614
2625
2628
2629
2642
2643
2644
2649
2659
2660
2666
2674
2675
2688
2692
2704
2705
2706
2714
2716
2721
2736
2738
2739
2742
2747
2759
2771
2777
2779
2781
2802
2813
2819
2821
2836
2847
2849
2853
2855
2858
2860
2862
2869
2885
2886
2901
2905
2923
2926
2929
2932
2936
2950
2961
2968
2976
2978
2992
3003
3006
3010
3015
3017
3019
3021
3031
3032
3033
3048
3052
3059
3068
3070
3081
3087
3088
3089
3091
3102
3105
3120
3130
3149
3157
3162
3165
3166
3178
3188
3196
3200
3215
3229
3234
3241
3243
3252
3255
3265
3273
3274
3279
3280
3282
3284
3304
3319
3337
3344
3354
3357
3359
3367
3375
3396
3404
3406
3430
3440
3451
3458
3464
3495
3499
3530
3535
3551
3554
3556
3572
3574
3578
3587
3588
3592
3608
3610
3627
3634
3642
3661
3670
3677
3680
3684
3685
3687
3689
3691
3698
3709
3714
3715
3717
3718
3719
3724
3727
3734
3735
3737
3740
3766
3768
3775
3776
3786
3793
3810
3815
3816
3819
3821
3823
3825
3832
3837
3839
3840
3843
3864
3876
3880
3889
3892
3899
3903
3907
3926
3933
3938
3948
3950
3956
3957
3958
3964
3973
3975
3976
3977
3995
3996
3998
4000
4006
4013
4019
4027
4030
4038
4039
4058
4067
4072
4074
4080
4081
4086
4103
4110
4121
4123
4130
4132
4141
4144
4145
4149
4160
4161
4163
4170
4183
4198
4206
4214
4230
4239
4246
4247
4252
4254
4255
4260
4267
4276
4285
4287
4293
4298
4302
4314
4315
4329
4330
4334
4343
4356
4365
4368
4370
4378
4401
4408
4431
4438
4443
4453
4456
4476
4489
4492
4493
4497
4503
4515
4536
4538
4540
4546
4549
4551
4554
4556
4560
4561
4582
4587
4590
4599
4614
4616
4627
4638
4639
4641
4656
4686
4692
4713
4716
4721
4726
4734
4745
4752
4768
4775
4776
4785
4796
4798
4799
4816
4817
4825
4832
4845
4850
4851
4853
4879
4884
4885
4887
4890
4897
4907
4917
4921
4923
4925
4937
4938
4940
4942
4949
4954
4961
4966
4974
4981
4983
4986
4992
5005
5018
5026
5035
5045
5051
5057
5058
5059
5068
5081
5084
5089
5102
5110
5117
5118
5122
5125
5128
5137
5141
5149
5151
5162
5168
5169
5174
5183
5200
5202
5205
5209
5214
5225
5228
5237
5239
5252
5255
5257
5284
5292
5293
5294
5298
5302
5314
5316
5317
5322
5324
5329
5330
5331
5336
5356
5358
5364
5370
5373
5375
5380
5381
5385
5392
5405
5417
5418
5422
5425
5427
5431
5433
5436
5441
5443
5447
5448
5455
5462
5468
5471
5472
5474
5477
5483
5487
5489
5496
5502
5507
5508
5514
5517
5518
5526
5533
5544
5545
5546
5550
5553
5558
5570
5575
5579
5607
5613
5616
5627
5628
5647
5659
5679
5682
5683
5688
5691
5692
5698
5700
5703
5714
5716
5719
5720
5721
5741
5757
5764
5775
5785
5790
5793
5800
5804
5813
5814
5821
5824
5827
5829
5831
5834
5840
5849
5851
5853
5861
5872
5875
5916
5919
5927
5943
5945
5953
5964
5973
5982
5985
5986
5994
5996
6023
6032
6047
6059
6063
6085
6090
6094
6109
6110
6114
6118
6125
6134
6135
6146
6148
6149
6152
6153
6157
6161
6183
6187
6191
6206
6211
6215
6219
6220
6221
6230
6242
6246
6248
6251
6252
6253
6256
6263
6279
6280
6285
6289
6304
6313
6316
6327
6340
6346
6350
6364
6368
6373
6378
6379
6388
6395
6396
6410
6411
6412
6419
6422
6441
6442
6455
6456
6461
6470
6479
6488
6492
6496
6506
6509
6524
6525
6526
6538
6549
6552
6555
6560
6562
6564
6579
6583
6586
6601
6602
6609
6612
6613
6614
6616
6625
6632
6638
6641
6642
6649
6653
6664
6673
6674
6675
6676
6687
6695
6713
6720
6727
6732
6755
6760
6773
6774
6784
6791
6810
6813
6832
6860
6862
6867
6871
6874
6878
6885
6905
6921
6945
6949
6952
6954
6955
6965
6968
6974
6978
6981
6990
6994
7006
7008
7019
7029
7036
7041
7051
7069
7075
7093
7098
7108
7121
7124
7128
7133
7136
7149
7150
7156
7159
7162
7164
7183
7203
7211
7215
7230
7233
7234
7235
7239
7245
7246
7247
7249
7250
7255
7279
7284
7305
7307
7308
7327
7334
7337
7353
7354
7356
7357
7359
7364
7366
7383
7386
7391
7395
7398
7400
7411
7422
7424
7425
7428
7431
7443
7444
7452
7455
7476
7480
7485
7491
7499
7504
7506
7523
7532
7534
7535
7549
7551
7552
7554
7558
7576
7581
7583
7595
7616
7626
7630
7638
7643
7646
7648
7651
7652
7672
7677
7684
7695
7703
7711
7733
7734
7741
7750
7752
7764
7766
7771
7772
7779
7794
7799
7807
7808
7819
7835
7836
7837
7849
7858
7860
7869
7894
7916
7925
7931
7934
7936
7945
7968
7971
7973
7984
7990
7995
8002
8004
8005
8008
8010
8012
8019
8024
8027
8028
8029
8036
8039
8051
8064
8073
8075
8083
8084
8098
8100
8104
8105
8127
8128
8131
8145
8156
8161
8170
8180
8182
8183
8185
8188
8191
8200
8203
8205
8220
8222
8224
8230
8232
8239
8240
8241
8242
8253
8261
8272
8280
8285
8289
8294
8296
8301
8312
8314
8340
8351
8364
8381
8382
8384
8387
8389
8394
8396
8416
8418
8422
8436
8439
8451
8461
8468
8479
8481
8491
8496
8497
8501
8502
8505
8518
8526
8528
8548
8552
8555
8557
8563
8573
8581
8587
8592
8601
8611
8614
8620
8622
8626
8627
8645
8653
8654
8659
8660
8671
8673
8692
8703
8715
8719
8728
8732
8742
8747
8753
8757
8760
8761
8763
8772
8782
8790
8801
8802
8827
8831
8842
8847
8851
8855
8856
8858
8859
8869
8878
8893
8895
8898
8911
8925
8928
8933
8941
8942
8943
8945
8961
8963
8965
8966
8972
8973
8990
8993
8998
9000
9002
9016
9023
9040
9042
9071
9077
9094
9101
9102
9105
9116
9120
9122
9125
9126
9128
9130
9158
9162
9167
9173
9175
9198
9201
9205
9209
9210
9229
9232
9233
9240
9247
9254
9255
9259
9274
9277
9278
9279
9281
9286
9291
9293
9298
9304
9306
9329
9333
9334
9336
9353
9367
9369
9370
9371
9372
9373
9377
9380
9392
9394
9396
9400
9413
9424
9433
9434
9448
9459
9477
9483
9484
9507
9519
9520
9530
9544
9554
9559
9560
9562
9572
9588
9592
9599
9614
9617
9633
9636
9647
9650
9668
9670
9685
9691
9694
9717
9718
9719
9728
9736
9737
9741
9750
9752
9753
9757
9763
9773
9779
9780
9783
9785
9790
9791
9809
9824
9842
9844
9846
9861
9870
9875
9880
9882
9886
9903
9904
9907
9919
9926
9927
9928
9935
9939
9943
9956
9980
10003
10004
10009
10012
10013
10030
10031
10032
10049
10063
10069
10070
10084
10089
10091
10101
10102
10107
10111
10112
10127
10128
10129
10140
10151
10152
10185
10187
10188
10189
10210
10214
10215
10221
10232
10235
10238
10250
10254
10257
10259
10272
10283
10285
10290
10293
10305
10316
10326
10334
10350
10364
10378
10379
10385
10389
10391
10400
10408
10409
10424
10426
10429
10430
10433
10457
10471
10482
10521
10522
10529
10532
10535
10536
10553
10557
10560
10579
10583
10587
10599
10609
10615
10640
10646
10647
10659
10663
10672
10679
10693
10698
10703
10706
10707
10721
10726
10737
10739
10743
10751
10755
10763
10765
10771
10777
10795
10806
10811
10814
10815
10817
10822
10830
10837
10841
10847
10850
10853
10861
10866
10867
10871
10872
10884
10889
10902
10929
10935
10943
10947
10949
10952
10953
10961
10972
10973
10975
10985
10987
11009
11012
11040
11043
11045
11046
11047
11060
11092
11095
11104
11110
11111
11122
11124
11135
11152
11155
11162
11165
11173
11176
11189
11204
11210
11235
11238
11248
11257
11274
11275
11277
11279
11281
11282
11285
11296
11299
11302
11304
11309
11312
11329
11345
11361
11362
11375
11384
11428
11444
11448
11455
11460
11468
11472
11475
11483
11484
11498
11502
11517
11518
11520
11530
11531
11545
11547
11551
11552
11559
11574
11575
11585
11589
11610
11636
11640
11641
11655
11665
11674
11675
11676
11679
11686
11694
11698
11704
11723
11730
11737
11751
11753
11756
11761
11775
11776
11781
11782
11794
11798
11808
11813
11814
11815
11816
11828
11829
11833
11838
11849
11863
11865
11882
11883
11895
11896
11904
11932
11938
11939
11941
11950
11951
11952
11960
11961
11982
11994
11997
12000
12003
12006
12007
12009
12010
12013
12018
12045
12047
12051
12060
12076
12078
12082
12098
12099
12106
12110
12120
12122
12136
12138
12165
12168
12170
12185
12187
12198
12200
12201
12207
12209
12212
12213
12226
12228
12230
12250
12254
12255
12260
12265
12269
12271
12273
12291
12292
12295
12296
12302
12305
12306
12316
12319
12320
12322
12328
12330
12336
12342
12344
12352
12360
12368
12386
12387
12388
12389
12447
12452
12461
12468
12469
12480
12503
12508
12534
12536
12544
12545
12550
12558
12566
12579
12587
12592
12605
12614
12618
12624
12627
12628
12631
12636
12639
12645
12652
12658
12659
12660
12691
12696
12697
12702
12706
12707
12722
12733
12738
12750
12756
12757
12766
12767
12769
12771
12773
12776
12778
12787
12789
12805
12807
12826
12834
12837
12841
12846
12849
12850
12866
12869
12871
12889
12903
12905
12909
12922
12933
12934
12946
12970
12975
12977
12981
12988
13000
13011
13021
13029
13031
13048
13054
13057
13061
13062
13071
13080
13085
13087
13093
13095
13098
13103
13115
13123
13135
13145
13146
13148
13180
13183
13188
13189
13215
13221
13226
13229
13232
13268
13275
13277
13281
13282
13289
13301
13305
13310
13331
13334
13339
13341
13342
13353
13360
13369
13379
13389
13391
13393
13399
13402
13406
13414
13418
13424
13430
13437
13440
13441
13447
13458
13465
13467
13473
13479
13480
13486
13496
13502
13505
13506
13507
13511
13516
13520
13534
13557
13580
13584
13599
13606
13614
13619
13642
13648
13649
13655
13672
13688
13689
13693
13712
13717
13730
13736
13738
13744
13745
13747
13751
13752
13755
13757
13759
13768
13773
13777
13778
13780
13782
13783
13789
13792
13800
13807
13808
13811
13823
13825
13839
13846
13847
13849
13854
13857
13858
13863
13865
13871
13885
13890
13891
13892
13893
13895
13919
13922
13929
13933
13936
13938
13946
13951
13952
13953
13954
13956
13966
13982
13984
13988
13989
13991
13996
13998
14016
14021
14026
14032
14033
14041
14049
14066
14070
14072
14096
14102
14106
14119
14135
14146
14156
14173
14175
14183
14194
14208
14211
14225
14228
14238
14240
14244
14249
14253
14257
14264
14266
14268
14274
14278
14296
14299
14302
14309
14322
14326
14327
14329
14330
14335
14336
14339
14347
14360
14367
14374
14383
14385
14389
14394
14395
14405
14406
14417
14425
14429
14440
14443
14453
14491
14494
14496
14497
14503
14517
14521
14527
14530
14534
14537
14540
14544
14549
14558
14559
14566
14571
14581
14585
14586
14587
14592
14599
14610
14616
14636
14637
14648
14650
14651
14664
14668
14693
14698
14714
14716
14720
14722
14725
14733
14742
14744
14745
14754
14766
14776
14784
14796
14804
14807
14814
14840
14846
14848
14851
14852
14857
14861
14873
14877
14891
14901
14903
14905
14911
14912
14920
14930
14936
14937
14946
14954
14976
14980
14981
15009
15014
15015
15020
15023
15027
15029
15031
15039
15049
15051
15061
15064
15071
15084
15094
15101
15107
15112
15115
15116
15125
15139
15162
15163
15170
15179
15180
15194
15200
15207
15214
15219
15230
15231
15232
15240
15255
15260
15282
15291
15297
15301
15312
15316
15317
15329
15330
15336
15345
15351
15353
15363
15365
15368
15380
15385
15394
15402
15408
15409
15412
15415
15416
15417
15421
15425
15437
15463
15469
15492
15504
15530
15531
15542
15555
15561
15564
15582
15589
15591
15596
15599
15610
15614
15622
15632
15636
15639
15641
15644
15668
15676
15682
15685
15686
15689
15695
15697
15702
15713
15716
15717
15718
15724
15725
15727
15737
15741
15742
15744
15748
15750
15751
15760
15763
15765
15767
15781
15782
15848
15862
15883
15884
15888
15890
15898
15903
15906
15917
15920
15928
15932
15933
15934
15937
15944
15954
15956
15957
15961
15966
15968
16002
16004
16005
16021
16027
16029
16040
16050
16052
16054
16055
16078
16107
16114
16117
16120
16129
16138
16145
16150
16163
16165
16169
16172
16177
16182
16191
16197
16203
16214
16231
16233
16239
16247
16250
16254
16261
16262
16265
16279
16289
16290
16292
16298
16306
16310
16313
16314
16316
16324
16325
16336
16343
16346
16373
16374
16379
16386
16390
16395
16397
16402
16404
16421
16442
16449
16450
16458
16465
16474
16477
16490
16492
16508
16524
16535
16550
16554
16557
16558
16576
16580
16586
16595
16597
16619
16621
16637
16644
16646
16648
16649
16661
16668
16674
16677
16686
16688
16689
16694
16698
16712
16724
16730
16731
16732
16735
16742
16744
16752
16761
16762
16768
16782
16796
16797
16807
16809
16814
16816
16824
16832
16840
16844
16845
16848
16853
16859
16873
16878
16882
16894
16897
16899
16910
16925
16931
16941
16951
16960
16963
16981
16984
16988
16998
17000
17004
17010
17029
17038
17044
17046
17050
17051
17054
17064
17070
17072
17075
17078
17082
17096
17105
17107
17110
17118
17119
17124
17138
17150
17152
17158
17161
17168
17169
17171
17177
17180
17207
17208
17218
17219
17233
17234
17236
17237
17241
17243
17246
17247
17251
17257
17273
17276
17281
17287
17292
17293
17299
17303
17304
17307
17313
17316
17319
17330
17342
17356
17357
17360
17366
17369
17370
17387
17401
17425
17429
17433
17443
17447
17450
17458
17463
17469
17474
17499
17503
17507
17509
17517
17522
17524
17538
17554
17559
17570
17582
17601
17619
17624
17626
17627
17636
17637
17643
17666
17678
17680
17682
17687
17695
17700
17715
17724
17726
17747
17748
17764
17766
17775
17776
17777
17781
17786
17788
17792
17799
17800
17803
17809
17819
17824
17833
17838
17841
17852
17857
17861
17870
17877
17889
17900
17908
17912
17920
17930
17941
17957
17960
17962
17965
17970
17975
17994
18004
18008
18013
18019
18029
18042
18044
18047
18049
18050
18051
18052
18054
18056
18058
18064
18069
18070
18079
18088
18094
18098
18109
18110
18117
18118
18129
18137
18150
18152
18156
18159
18169
18173
18175
18176
18189
18201
18223
18224
18228
18243
18248
18259
18262
18263
18264
18267
18276
18279
18282
18288
18294
18296
18300
18302
18331
18344
18347
18350
18374
18378
18382
18383
18393
18396
18405
18426
18431
18441
18445
18446
18447
18451
18454
18455
18462
18465
18475
18476
18482
18486
18488
18489
18498
18500
18526
18528
18534
18542
18550
18573
18582
18587
18624
18629
18632
18640
18641
18642
18646
18648
18651
18655
18658
18661
18665
18669
18671
18675
18676
18677
18683
18704
18713
18716
18727
18735
18738
18743
18747
18748
18751
18753
18754
18755
18762
18765
18772
18776
18777
18783
18786
18788
18796
18801
18832
18836
18846
18869
18879
18888
18890
18901
18904
18905
18908
18910
18923
18928
18929
18930
18938
18963
18975
19022
19032
19041
19044
19053
19065
19078
19084
19090
19091
19107
19117
19119
19127
19136
19141
19142
19144
19151
19152
19153
19174
19187
19213
19221
19228
19234
19249
19264
19267
19271
19273
19275
19287
19295
19299
19303
19308
19311
19312
19314
19326
19329
19336
19339
19342
19350
19352
19355
19375
19419
19420
19422
19423
19424
19433
19440
19443
19445
19471
19476
19477
19483
19484
19488
19491
19514
19522
19530
19531
19545
19547
19553
19558
19561
19569
19581
19587
19588
19593
19597
19598
19602
19606
19607
19610
19627
19628
19643
19671
19691
19694
19709
19710
19711
19730
19733
19735
19752
19755
19769
19785
19790
19794
19797
19806
19814
19823
19837
19839
19844
19862
19868
19878
19880
19882
19894
19908
19910
19912
19914
19916
19925
19928
19937
19939
19952
19961
19970
19977
19981
19983
19990
19997
19998
20000
20001
20002
20003
20033
20040
20044
20046
20058
20075
20080
20092
20093
20095
20098
20100
20109
20131
20132
20146
20153
20161
20174
20179
20182
20184
20198
20203
20205
20208
20236
20246
20250
20269
20270
20283
20286
20294
20295
20301
20310
20314
20327
20329
20336
20337
20343
20363
20365
20367
20368
20385
20386
20395
20404
20408
20415
20423
20430
20432
20439
20444
20453
20457
20458
20472
20476
20477
20480
20483
20492
20494
20496
20501
20503
20504
20515
20524
20526
20547
20557
20562
20571
20578
20584
20586
20587
20595
20600
20603
20605
20618
20629
20631
20633
20634
20653
20656
20659
20665
20672
20675
20677
20685
20691
20698
20701
20713
20718
20731
20735
20736
20752
20763
20786
20796
20802
20816
20840
20843
20853
20857
20859
20869
20879
20883
20885
20892
20899
20908
20939
20944
20946
20967
20981
20989
20990
20991
20993
20996
21006
21014
21015
21019
21032
21039
21044
21048
21059
21061
21067
21082
21083
21085
21090
21097
21109
21114
21123
21133
21150
21171
21179
21213
21215
21224
21231
21232
21236
21238
21243
21248
21249
21254
21256
21259
21260
21262
21265
21270
21272
21273
21278
21284
21286
21298
21306
21313
21320
21337
21343
21344
21346
21349
21359
21360
21362
21368
21382
21390
21397
21401
21402
21404
21409
21411
21413
21418
21420
21425
21427
21431
21439
21441
21446
21448
21459
21464
21469
21474
21478
21484
21485
21489
21493
21496
21499
21512
21522
21528
21530
21537
21541
21547
21550
21553
21557
21568
21582
21591
21597
21600
21605
21609
21610
21611
21612
21618
21622
21623
21637
21643
21646
21651
21654
21657
21658
21660
21664
21670
21672
21676
21678
21679
21684
21689
21692
21698
21704
21710
21711
21741
21744
21745
21748
21773
21784
21793
21794
21809
21812
21815
21816
21824
21827
21844
21877
21887
21898
21907
21911
21913
21920
21933
21934
21948
21954
21959
21961
21967
21969
21986
21988
21995
21999
22000
22011
22013
22019
22027
22032
22058
22061
22073
22084
22088
22089
22096
22105
22109
22110
22120
22125
22127
22129
22141
22146
22153
22162
22163
22164
22167
22171
22186
22197
22201
22203
22207
22228
22232
22243
22245
22262
22278
22292
22300
22314
22324
22329
22333
22334
22339
22344
22345
22346
22347
22349
22354
22363
22390
22398
22404
22416
22421
22438
22444
22453
22475
22478
22501
22512
22515
22520
22535
22541
22544
22548
22553
22571
22572
22582
22583
22584
22586
22603
22607
22609
22611
22624
22626
22636
22651
22653
22655
22656
22659
22660
22668
22677
22679
22684
22687
22688
22704
22707
22708
22710
22714
22717
22722
22727
22735
22737
22749
22750
22754
22756
22761
22763
22770
22771
22775
22796
22798
22816
22829
22830
22839
22843
22845
22863
22875
22879
22880
22889
22892
22908
22919
22930
22952
22964
22972
22983
22986
22993
23011
23041
23064
23069
23077
23085
23088
23092
23096
23106
23108
23115
23122
23124
23139
23141
23142
23158
23166
23178
23182
23184
23185
23192
23195
23200
23202
23211
23217
23220
23229
23235
23242
23250
23255
23272
23284
23296
23297
23304
23306
23311
23324
23326
23327
23332
23346
23350
23353
23365
23366
23373
23377
23378
23381
23385
23388
23396
23408
23409
23415
23416
23417
23424
23431
23442
23444
23447
23472
23473
23474
23480
23486
23490
23509
23525
23531
23549
23552
23557
23564
23569
23576
23596
23600
23603
23621
23638
23643
23648
23649
23661
23667
23693
23717
23719
23723
23731
23751
23759
23766
23778
23800
23806
23809
23816
23828
23829
23831
23834
23836
23841
23842
23844
23847
23849
23852
23853
23854
23856
23873
23886
23904
23907
23909
23931
23937
23946
23949
23950
23953
23962
23967
23968
23969
23974
23976
23980
23983
23989
23994
23999
24004
24009
24013
24015
24018
24026
24031
24056
24057
24080
24097
24099
24125
24128
24131
24132
24160
24164
24167
24172
24174
24177
24186
24193
24194
24201
24207
24222
24229
24233
24238
24241
24242
24249
24252
24260
24265
24268
24275
24278
24279
24295
24298
24299
24305
24306
24309
24315
24320
24326
24327
24341
24358
24370
24373
24378
24393
24395
24406
24409
24421
24430
24440
24450
24457
24481
24487
24494
24511
24514
24518
24520
24532
24538
24540
24546
24555
24558
24566
24578
24588
24596
24606
24610
24612
24636
24649
24651
24654
24657
24658
24672
24673
24685
24688
24691
24708
24710
24712
24717
24718
24726
24728
24729
24735
24740
24748
24751
24758
24763
24770
24777
24778
24782
24783
24785
24795
24803
24813
24814
24831
24834
24847
24850
24872
24874
24877
24886
24889
24890
24894
24899
24917
24929
24934
24941
24943
24948
24951
24960
24966
24967
24971
24974
24975
24998
25001
25007
25008
25019
25027
25046
25052
25066
25068
25072
25076
25079
25086
25087
25090
25091
25095
25099
25102
25108
25114
25118
25133
25135
25138
25155
25171
25191
25196
25203
25209
25214
25227
25231
25244
25249
25256
25261
25267
25283
25293
25301
25307
25311
25314
25324
25339
25341
25352
25365
25369
25370
25372
25375
25393
25397
25398
25404
25408
25412
25431
25432
25441
25442
25456
25460
25463
25469
25474
25480
25483
25509
25512
25532
25541
25542
25544
25547
25553
25561
25562
25563
25564
25572
25588
25589
25592
25594
25597
25600
25608
25613
25646
25667
25674
25685
25697
25707
25709
25715
25716
25724
25737
25738
25739
25743
25749
25758
25772
25773
25780
25782
25785
25795
25819
25820
25825
25838
25845
25858
25872
25875
25885
25887
25888
25892
25893
25903
25908
25916
25922
25927
25930
25931
25959
25960
25974
25982
25984
25986
25999
26006
26016
26019
26041
26044
26049
26053
26059
26068
26069
26078
26085
26089
26092
26095
26102
26103
26105
26106
26115
26123
26133
26142
26144
26145
26150
26151
26153
26158
26159
26171
26174
26178
26195
26196
26198
26207
26214
26217
26230
26231
26236
26246
26253
26256
26259
26267
26269
26283
26284
26285
26286
26288
26292
26293
26301
26305
26307
26308
26320
26321
26328
26332
26336
26344
26353
26361
26372
26377
26416
26433
26434
26441
26447
26449
26458
26459
26460
26486
26502
26505
26507
26509
26519
26521
26531
26532
26533
26534
26535
26548
26560
26567
26582
26584
26585
26586
26601
26602
26629
26635
26637
26639
26644
26646
26653
26654
26667
26668
26672
26682
26689
26691
26697
26702
26704
26721
26745
26752
26772
26778
26794
26795
26803
26809
26816
26821
26824
26826
26828
26835
26847
26850
26851
26856
26858
26860
26873
26900
26904
26915
26918
26920
26926
26932
26941
26969
26973
26974
26978
26984
26985
26986
27007
27009
27021
27028
27036
27038
27041
27042
27047
27061
27063
27069
27075
27080
27084
27085
27088
27089
27096
27099
27103
27104
27107
27112
27119
27122
27125
27148
27157
27161
27163
27169
27177
27184
27200
27205
27207
27210
27214
27218
27219
27228
27233
27239
27240
27252
27256
27265
27275
27312
27313
27333
27337
27344
27348
27363
27371
27373
27378
27393
27404
27424
27429
27446
27457
27462
27469
27471
27486
27489
27497
27499
27505
27508
27512
27513
27523
27525
27540
27544
27551
27553
27557
27560
27566
27573
27579
27580
27589
27596
27603
27611
27612
27622
27624
27629
27636
27647
27670
27678
27706
27729
27733
27752
27753
27757
27763
27764
27767
27773
27777
27785
27790
27792
27800
27821
27825
27827
27830
27831
27837
27838
27840
27868
27869
27879
27881
27882
27887
27898
27902
27908
27918
27921
27927
27930
27935
27941
27951
27953
27981
27991
28006
28007
28012
28023
28042
28066
28075
28080
28098
28106
28120
28126
28133
28135
28136
28138
28140
28141
28147
28153
28159
28165
28167
28168
28175
28185
28196
28214
28245
28248
28262
28269
28272
28274
28276
28282
28284
28287
28289
28301
28309
28311
28315
28318
28323
28325
28330
28340
28342
28353
28355
28367
28376
28377
28383
28394
28396
28398
28406
28411
28414
28415
28416
28432
28438
28442
28444
28450
28453
28456
28464
28469
28482
28493
28505
28507
28511
28514
28523
28536
28537
28545
28548
28553
28557
28571
28572
28576
28588
28603
28606
28614
28615
28624
28629
28630
28632
28641
28643
28652
28654
28675
28686
28694
28696
28703
28705
28706
28709
28713
28717
28720
28732
28741
28746
28759
28763
28765
28766
28771
28772
28774
28776
28791
28799
28802
28806
28807
28813
28815
28818
28825
28831
28833
28836
28837
28844
28845
28846
28847
28855
28865
28871
28875
28878
28883
28891
28894
28895
28911
28914
28927
28933
28945
28948
28950
28952
28985
28986
28988
28989
28991
29011
29015
29021
29029
29036
29037
29046
29056
29077
29083
29086
29090
29096
29097
29108
29110
29115
29137
29141
29142
29154
29160
29165
29176
29178
29181
29188
29192
29195
29203
29218
29229
29236
29255
29256
29268
29271
29279
29284
29292
29298
29302
29310
29319
29325
29337
29341
29342
29343
29346
29347
29352
29353
29355
29361
29364
29365
29368
29369
29370
29374
29382
29391
29407
29409
29419
29433
29446
29447
29449
29452
29465
29473
29474
29478
29496
29498
29504
29517
29519
29522
29524
29525
29552
29554
29555
29556
29558
29560
29561
29579
29580
29586
29596
29597
29600
29601
29616
29623
29626
29633
29645
29646
29655
29671
29676
29679
29680
29682
29684
29702
29707
29714
29716
29734
29736
29739
29755
29800
29809
29819
29833
29841
29848
29858
29860
29864
29871
29883
29886
29893
29899
29905
29906
29923
29928
29944
29958
29963
29964
29967
29968
29969
29970
29971
29974
29981
29983
29988
29993
29995
30000
30006
30010
30012
30058
30066
30103
30120
30121
30133
30136
30143
30149
30150
30154
30157
30171
30179
30181
30185
30186
30194
30198
30199
30214
30234
30249
30253
30259
30262
30270
30272
30279
30281
30311
30316
30317
30319
30328
30331
30335
30337
30339
30351
30353
30356
30360
30370
30371
30374
30382
30392
30398
30401
30414
30424
30429
30433
30437
30439
30440
30441
30442
30443
30451
30458
30459
30463
30470
30473
30494
30500
30506
30518
30519
30520
30534
30539
30542
30557
30560
30564
30565
30567
30569
30580
30581
30600
30601
30604
30619
30626
30635
30639
30659
30662
30666
30670
30673
30674
30689
30719
30725
30734
30737
30752
30757
30767
30772
30773
30783
30789
30801
30809
30810
30820
30839
30841
30844
30846
30847
30851
30860
30867
30871
30881
30884
30886
30887
30894
30915
30933
30935
30938
30940
30948
30954
30961
30965
30991
30998
31004
31006
31012
31018
31019
31021
31025
31035
31039
31044
31058
31062
31063
31072
31073
31076
31084
31091
31101
31106
31110
31111
31113
31116
31123
31124
31131
31132
31135
31137
31145
31150
31159
31160
31162
31163
31168
31178
31194
31197
31201
31203
31212
31213
31217
31223
31224
31240
31243
31244
31246
31251
31257
31260
31262
31268
31270
31271
31274
31291
31310
31311
31312
31318
31319
31323
31327
31340
31342
31391
31393
31397
31400
31413
31420
31429
31431
31437
31438
31444
31452
31453
31458
31460
31463
31464
31477
31478
31481
31484
31497
31498
31501
31506
31514
31534
31568
31570
31576
31598
31640
31642
31643
31655
31659
31670
31680
31687
31696
31701
31707
31729
31730
31735
31742
31750
31753
31758
31767
31771
31776
31779
31785
31790
31792
31800
31814
31823
31830
31842
31862
31867
31871
31876
31883
31886
31895
31896
31919
31942
31956
31963
31965
31967
31972
31973
32000
32007
32011
32012
32013
32016
32024
32040
32052
32063
32065
32077
32102
32110
32118
32120
32136
32145
32148
32153
32154
32162
32168
32174
32177
32180
32183
32212
32216
32217
32233
32235
32243
32248
32252
32254
32255
32256
32261
32264
32266
32268
32269
32273
32280
32286
32290
32291
32302
32310
32311
32321
32324
32329
32334
32341
32344
32345
32348
32352
32377
32381
32388
32391
32392
32393
32395
32404
32406
32412
32419
32451
32452
32461
32468
32474
32482
32494
32514
32516
32517
32522
32532
32538
32544
32547
32556
32561
32563
32565
32567
32568
32591
32612
32625
32638
32643
32650
32655
32661
32663
32667
32668
32686
32692
32695
32704
32722
32735
32748
32753
32756
32758
32760
32762
32770
32776
32782
32789
32794
32797
32800
32806
32817
32824
32825
32826
32827
32837
32842
32853
32859
32866
32870
32874
32875
32888
32890
32906
32937
32944
32947
32950
32962
32966
32968
32985
32986
32990
32993
32994
32998
33002
33004
33005
33008
33010
33013
33015
33016
33040
33043
33059
33060
33062
33063
33064
33066
33067
33079
33102
33114
33119
33120
33133
33137
33139
33149
33153
33160
33174
33176
33191
33206
33208
33211
33217
33223
33225
33229
33233
33235
33243
33246
33251
33261
33271
33288
33291
33293
33295
33307
33338
33357
33361
33368
33371
33372
33382
33388
33390
33395
33396
33405
33406
33408
33426
33432
33440
33457
33460
33461
33478
33492
33502
33512
33519
33531
33543
33545
33553
33555
33569
33577
33586
33590
33620
33621
33629
33633
33639
33647
33657
33658
33665
33674
33678
33682
33683
33689
33693
33712
33714
33727
33730
33732
33740
33749
33752
33763
33773
33781
33793
33799
33816
33819
33831
33833
33857
33867
33868
33872
33873
33881
33883
33885
33886
33892
33914
33927
33939
33942
33947
33958
33969
33970
33982
33984
34006
34011
34029
34030
34040
34043
34051
34052
34066
34069
34075
34081
34085
34087
34100
34105
34108
34109
34113
34114
34122
34134
34137
34148
34156
34160
34162
34164
34177
34199
34210
34215
34244
34246
34251
34255
34261
34275
34279
34296
34297
34312
34314
34315
34328
34331
34351
34356
34359
34374
34378
34380
34381
34386
34392
34396
34398
34399
34400
34412
34414
34422
34435
34439
34447
34453
34454
34464
34489
34495
34500
34518
34540
34541
34542
34550
34557
34561
34567
34571
34586
34597
34603
34614
34615
34618
34621
34631
34651
34653
34655
34656
34657
34666
34670
34687
34692
34698
34703
34712
34721
34729
34731
34758
34766
34772
34773
34779
34783
34785
34797
34806
34810
34817
34818
34822
34824
34839
34843
34845
34853
34860
34870
34872
34881
34891
34896
34913
34919
34922
34924
34927
34930
34940
34942
34955
34956
34963
34969
34978
34979
34983
34990
34998
35001
35003
35006
35013
35014
35022
35024
35038
35041
35043
35052
35054
35059
35065
35070
35078
35097
35121
35139
35153
35159
35162
35166
35174
35185
35188
35197
35199
35208
35212
35218
35225
35230
35239
35242
35252
35277
35308
35309
35316
35319
35327
35332
35333
35334
35349
35350
35357
35363
35365
35368
35370
35381
35384
35388
35391
35394
35408
35432
35437
35438
35443
35446
35459
35461
35463
35468
35473
35477
35478
35494
35496
35511
35514
35518
35538
35545
35568
35583
35598
35614
35623
35624
35643
35650
35657
35665
35680
35684
35692
35693
35710
35724
35726
35746
35754
35755
35766
35771
35788
35797
35814
35818
35821
35826
35849
35850
35854
35857
35864
35871
35873
35880
35885
35894
35895
35905
35906
35936
35937
35941
35972
35980
35983
35984
35986
35994
36000
36005
36008
36022
36027
36030
36031
36041
36052
36067
36072
36082
36083
36086
36101
36104
36107
36120
36122
36130
36135
36141
36145
36157
36170
36173
36176
36181
36183
36191
36200
36201
36205
36207
36210
36211
36214
36223
36225
36226
36242
36249
36250
36265
36271
36275
36291
36298
36302
36304
36313
36315
36324
36331
36338
36339
36341
36345
36379
36383
36392
36394
36399
36400
36402
36417
36436
36449
36465
36473
36475
36482
36504
36506
36513
36516
36521
36522
36538
36547
36548
36549
36560
36564
36573
36581
36585
36591
36606
36608
36616
36617
36629
36636
36637
36651
36655
36658
36664
36668
36673
36680
36691
36700
36703
36708
36716
36725
36730
36735
36736
36737
36743
36750
36763
36772
36777
36779
36780
36782
36783
36786
36787
36795
36803
36807
36809
36811
36816
36820
36827
36835
36842
36843
36845
36857
36860
36862
36863
36865
36866
36880
36884
36885
36900
36907
36916
36919
36922
36935
36941
36949
36962
36979
36988
36991
36996
37001
37012
37016
37019
37025
37035
37036
37038
37043
37057
37066
37069
37073
37078
37079
37094
37095
37105
37107
37108
37109
37113
37123
37124
37129
37130
37132
37139
37147
37155
37167
37185
37188
37191
37193
37204
37216
37220
37227
37231
37232
37235
37237
37248
37249
37251
37264
37270
37272
37279
37300
37301
37311
37313
37321
37325
37327
37335
37339
37342
37345
37349
37352
37358
37385
37388
37389
37390
37396
37401
37404
37409
37414
37437
37453
37456
37457
37467
37470
37492
37505
37506
37511
37520
37523
37524
37530
37547
37548
37554
37564
37568
37570
37571
37577
37595
37597
37607
37612
37623
37627
37648
37656
37666
37682
37689
37701
37712
37713
37726
37732
37733
37738
37739
37760
37763
37774
37802
37806
37808
37813
37823
37827
37834
37837
37838
37852
37853
37866
37867
37872
37874
37876
37878
37886
37901
37904
37907
37913
37919
37941
37949
37958
37959
37960
37968
37970
37971
37975
37979
37981
37983
37994
38006
38007
38011
38017
38018
38020
38033
38035
38039
38047
38049
38083
38088
38090
38095
38098
38131
38135
38150
38152
38163
38166
38180
38181
38183
38190
38192
38208
38218
38220
38221
38226
38232
38233
38248
38260
38267
38272
38282
38304
38308
38309
38310
38321
38323
38324
38329
38343
38344
38345
38357
38360
38362
38364
38369
38370
38380
38381
38391
38407
38416
38428
38438
38441
38458
38459
38463
38479
38485
38489
38491
38493
38497
38509
38512
38517
38522
38523
38525
38527
38553
38555
38556
38573
38574
38575
38585
38596
38610
38628
38633
38635
38638
38642
38644
38665
38670
38673
38685
38686
38690
38704
38716
38717
38721
38734
38738
38743
38746
38753
38756
38758
38768
38789
38794
38802
38806
38822
38833
38837
38838
38839
38842
38845
38848
38852
38854
38858
38861
38865
38874
38876
38879
38884
38889
38891
38914
38916
38917
38921
38953
38956
38964
38969
38973
38976
38980
38983
38987
38990
38998
39007
39018
39035
39043
39048
39056
39057
39060
39065
39087
39092
39093
39102
39105
39107
39112
39123
39130
39139
39140
39147
39152
39156
39159
39164
39165
39167
39168
39170
39177
39186
39198
39219
39220
39222
39225
39232
39255
39256
39259
39262
39263
39274
39275
39278
39281
39284
39287
39294
39296
39308
39316
39318
39319
39321
39327
39333
39336
39337
39345
39367
39370
39387
39391
39393
39395
39403
39404
39407
39412
39415
39417
39423
39426
39437
39438
39447
39458
39468
39481
39485
39487
39518
39523
39534
39535
39537
39538
39541
39545
39549
39559
39561
39573
39592
39598
39614
39624
39638
39642
39649
39654
39655
39656
39657
39661
39667
39672
39673
39678
39698
39708
39710
39713
39714
39723
39733
39744
39750
39784
39791
39792
39805
39806
39810
39811
39820
39821
39826
39829
39830
39844
39849
39857
39866
39872
39874
39876
39904
39908
39915
39922
39949
39966
39968
39969
39973
39975
39976
39981
39990
39996
40005
40008
40011
40014
40019
40020
40028
40031
40038
40043
40049
40052
40053
40055
40059
40061
40062
40065
40072
40074
40081
40087
40090
40092
40101
40104
40124
40128
40129
40132
40142
40156
40172
40175
40185
40188
40189
40215
40216
40220
40230
40231
40234
40239
40240
40243
40245
40247
40260
40262
40270
40290
40300
40316
40327
40337
40341
40352
40354
40358
40363
40367
40371
40377
40379
40384
40389
40391
40393
40399
40402
40407
40410
40421
40425
40442
40448
40453
40466
40473
40476
40480
40485
40486
40493
40500
40503
40509
40511
40513
40525
40529
40532
40545
40550
40556
40565
40579
40580
40582
40583
40589
40591
40592
40596
40613
40623
40624
40626
40634
40636
40650
40651
40656
40666
40675
40676
40682
40711
40715
40718
40719
40725
40729
40746
40750
40760
40768
40771
40774
40786
40787
40788
40793
40799
40811
40819
40828
40830
40833
40841
40844
40847
40848
40850
40854
40876
40896
40916
40935
40940
40942
40947
40956
40957
40960
40962
40963
40964
40971
40988
40996
41003
41007
41009
41030
41031
41040
41042
41058
41059
41067
41072
41077
41081
41086
41094
41104
41117
41130
41146
41151
41154
41163
41169
41173
41181
41186
41198
41213
41216
41219
41221
41223
41226
41231
41232
41243
41252
41253
41263
41270
41274
41283
41290
41293
41294
41297
41301
41305
41307
41314
41317
41322
41332
41339
41341
41357
41358
41370
41383
41391
41392
41403
41414
41417
41424
41442
41452
41454
41462
41475
41478
41487
41505
41515
41518
41523
41525
41538
41550
41554
41568
41577
41593
41594
41596
41610
41614
41617
41624
41626
41628
41634
41648
41652
41656
41659
41662
41674
41721
41748
41757
41766
41767
41778
41789
41791
41792
41796
41807
41816
41824
41826
41836
41843
41844
41851
41856
41863
41871
41873
41874
41885
41887
41898
41903
41904
41906
41914
41930
41932
41939
41940
41946
41966
41969
41971
41973
41974
41983
41995
42003
42004
42007
42015
42019
42024
42029
42043
42062
42069
42074
42078
42082
42093
42103
42105
42107
42109
42114
42116
42117
42122
42125
42129
42133
42140
42153
42156
42157
42160
42161
42170
42171
42196
42201
42209
42213
42216
42222
42232
42259
42275
42283
42290
42291
42303
42304
42306
42307
42317
42330
42332
42344
42350
42352
42358
42359
42364
42365
42368
42371
42382
42388
42390
42394
42396
42401
42402
42403
42408
42419
42421
42425
42438
42442
42448
42450
42451
42455
42458
42467
42475
42476
42481
42533
42541
42545
42550
42563
42588
42592
42598
42604
42607
42611
42619
42621
42630
42631
42650
42653
42669
42672
42681
42686
42688
42696
42699
42708
42727
42735
42739
42741
42750
42752
42755
42756
42757
42766
42773
42776
42780
42784
42787
42808
42814
42829
42841
42846
42857
42861
42862
42880
42883
42894
42902
42912
42922
42941
42948
42963
42973
42979
43013
43017
43018
43028
43029
43030
43032
43038
43040
43043
43055
43066
43074
43077
43082
43083
43085
43088
43090
43100
43101
43121
43138
43155
43172
43182
43190
43191
43196
43208
43211
43224
43226
43231
43232
43242
43244
43248
43252
43253
43312
43323
43326
43327
43329
43330
43333
43334
43335
43339
43343
43344
43354
43372
43382
43402
43408
43413
43419
43428
43438
43455
43460
43481
43488
43493
43495
43496
43505
43517
43520
43522
43526
43527
43541
43548
43559
43567
43568
43569
43571
43578
43583
43615
43637
43642
43646
43647
43649
43651
43652
43656
43675
43677
43703
43712
43733
43736
43739
43741
43743
43747
43751
43756
43758
43771
43788
43791
43793
43801
43809
43815
43826
43828
43837
43838
43846
43865
43872
43883
43887
43890
43899
43906
43911
43929
43946
43951
43956
43961
43962
43965
43969
43970
43973
43977
43978
43987
43991
43993
44002
44014
44021
44022
44028
44037
44055
44061
44065
44074
44080
44091
44094
44098
44104
44107
44111
44114
44126
44129
44130
44132
44133
44177
44178
44180
44191
44223
44224
44226
44228
44230
44243
44260
44261
44265
44270
44271
44286
44308
44310
44315
44318
44326
44328
44332
44349
44352
44355
44378
44386
44394
44396
44416
44423
44427
44428
44444
44450
44457
44493
44494
44495
44512
44516
44531
44537
44541
44558
44567
44570
44578
44594
44602
44604
44615
44616
44621
44625
44635
44645
44654
44660
44675
44680
44681
44683
44684
44687
44694
44697
44707
44710
44713
44716
44719
44720
44725
44729
44733
44746
44747
44756
44767
44771
44782
44783
44788
44790
44791
44804
44817
44820
44823
44829
44832
44839
44853
44861
44865
44891
44895
44898
44902
44906
44910
44913
44915
44918
44919
44927
44934
44943
44945
44948
44961
44969
44970
44974
44990
44993
44994
44999
45019
45020
45026
45044
45049
45053
45062
45064
45073
45074
45081
45086
45095
45098
45107
45112
45114
45138
45147
45160
45166
45170
45180
45187
45191
45193
45198
45206
45213
45217
45225
45242
45243
45250
45259
45261
45268
45271
45272
45273
45281
45283
45288
45290
45291
45304
45310
45314
45321
45340
45349
45350
45363
45366
45372
45378
45390
45394
45410
45423
45426
45437
45459
45463
45480
45485
45491
45494
45510
45522
45531
45533
45535
45540
45549
45551
45565
45568
45578
45584
45586
45604
45622
45625
45627
45630
45632
45641
45648
45675
45676
45677
45679
45691
45696
45698
45707
45722
45729
45739
45753
45759
45760
45761
45762
45763
45772
45776
45794
45795
45818
45825
45826
45828
45829
45835
45837
45841
45852
45856
45861
45863
45872
45876
45878
45901
45902
45909
45911
45914
45927
45930
45939
45940
45951
45957
45962
45967
45971
45978
45981
45982
45987
45996
45998
46021
46037
46045
46047
46062
46065
46067
46090
46095
46111
46114
46115
46129
46143
46146
46155
46156
46166
46168
46171
46172
46186
46192
46196
46198
46201
46208
46222
46225
46229
46230
46238
46256
46263
46284
46298
46311
46312
46317
46320
46321
46331
46338
46349
46360
46364
46376
46384
46397
46400
46402
46405
46413
46415
46418
46432
46436
46448
46458
46471
46477
46479
46492
46525
46541
46549
46551
46573
46582
46587
46598
46616
46617
46623
46624
46626
46631
46645
46646
46651
46654
46656
46661
46664
46680
46684
46694
46697
46709
46711
46717
46719
46728
46730
46734
46736
46743
46745
46747
46751
46763
46764
46770
46777
46779
46780
46785
46795
46797
46810
46812
46822
46827
46834
46835
46838
46856
46871
46876
46877
46878
46887
46896
46900
46901
46911
46926
46928
46934
46935
46944
46945
46946
46948
46949
46950
46954
46957
46963
46982
46991
46993
46998
47007
47016
47024
47029
47036
47037
47039
47045
47050
47062
47072
47082
47096
47097
47104
47110
47111
47116
47119
47124
47127
47130
47132
47133
47135
47140
47145
47154
47160
47163
47164
47166
47173
47176
47179
47181
47182
47191
47207
47216
47223
47225
47242
47245
47254
47256
47264
47265
47268
47270
47275
47281
47282
47289
47291
47292
47293
47297
47304
47314
47319
47320
47330
47357
47361
47374
47380
47384
47390
47401
47411
47412
47425
47429
47436
47448
47449
47461
47463
47466
47474
47477
47482
47488
47489
47495
47502
47503
47518
47521
47523
47529
47533
47551
47556
47562
47572
47583
47589
47594
47600
47607
47608
47616
47620
47624
47636
47662
47663
47675
47692
47707
47715
47716
47719
47720
47721
47722
47724
47725
47729
47730
47733
47735
47746
47752
47753
47758
47759
47760
47763
47765
47767
47781
47786
47804
47809
47812
47818
47823
47824
47827
47836
47837
47852
47856
47862
47878
47882
47887
47892
47908
47913
47915
47927
47931
47935
47942
47945
47953
47959
47971
47990
47994
48002
48029
48035
48036
48038
48039
48057
48061
48062
48079
48088
48103
48107
48110
48112
48113
48116
48119
48123
48124
48133
48137
48139
48148
48177
48185
48190
48194
48196
48207
48208
48210
48223
48227
48228
48241
48244
48249
48250
48256
48259
48266
48269
48278
48290
48296
48298
48302
48305
48306
48308
48310
48312
48321
48322
48327
48339
48370
48377
48383
48384
48404
48406
48417
48419
48421
48425
48430
48432
48437
48440
48441
48450
48451
48458
48459
48460
48472
48474
48485
48497
48514
48517
48529
48534
48542
48547
48554
48555
48589
48591
48592
48594
48599
48612
48614
48626
48634
48637
48643
48658
48662
48664
48666
48672
48681
48682
48688
48690
48691
48694
48719
48725
48731
48732
48733
48753
48756
48760
48774
48787
48788
48797
48805
48807
48817
48820
48833
48841
48845
48851
48856
48859
48863
48870
48903
48926
48931
48934
48937
48943
48967
48968
48975
48982
48986
49002
49012
49022
49023
49031
49035
49043
49046
49048
49058
49060
49065
49068
49070
49082
49087
49102
49104
49108
49138
49141
49147
49148
49149
49153
49176
49186
49188
49195
49201
49203
49205
49213
49214
49219
49231
49242
49248
49257
49261
49273
49280
49295
49298
49299
49317
49338
49343
49349
49357
49369
49375
49382
49383
49386
49400
49401
49439
49455
49456
49464
49465
49478
49480
49485
49486
49487
49493
49498
49508
49517
49523
49535
49536
49538
49540
49545
49551
49561
49570
49580
49594
49597
49619
49625
49634
49636
49645
49648
49664
49665
49671
49678
49680
49690
49704
49705
49713
49727
49728
49732
49748
49755
49758
49762
49783
49784
49788
49792
49795
49806
49807
49819
49824
49833
49837
49845
49847
49859
49875
49882
49883
49885
49892
49901
49902
49914
49938
49958
49960
49964
49965
49967
49988
49994
