--------
6
8
21
37
41
42
43
59
64
65
70
77
80
84
87
90
92
98
100
104
109
117
126
131
132
142
147
148
156
158
160
161
166
167
173
178
189
193
194
220
221
222
230
238
244
245
249
250
253
256
259
263
272
277
283
289
296
297
298
302
305
307
308
315
326
327
329
351
354
357
363
365
375
381
386
389
392
395
396
404
408
422
426
429
432
440
445
447
458
459
460
466
472
473
480
483
484
485
486
494
497
500
502
505
511
516
518
520
534
547
548
561
569
573
574
577
582
584
585
597
598
604
614
623
624
627
628
630
632
633
636
643
653
655
657
659
666
673
674
679
685
690
695
704
708
712
714
722
724
732
741
747
750
754
756
757
766
768
779
790
791
794
796
799
807
813
816
823
825
828
839
841
844
867
877
882
900
904
911
912
920
931
935
939
944
945
947
949
956
959
963
964
981
982
996
998
1004
1005
1007
1008
1012
1013
1016
1022
1028
1033
1060
1074
1075
1076
1077
1078
1083
1093
1101
1104
1108
1111
1112
1114
1118
1119
1122
1126
1128
1132
1143
1145
1146
1148
1151
1156
1164
1166
1167
1172
1177
1181
1185
1187
1194
1195
1199
1203
1208
1213
1215
1217
1225
1228
1231
1235
1241
1244
1251
1262
1263
1265
1266
1270
1275
1278
1286
1289
1295
1298
1299
1301
1306
1315
1317
1318
1324
1333
1336
1343
1348
1356
1367
1376
1382
1384
1386
1397
1398
1401
1405
1425
1429
1448
1450
1454
1477
1479
1480
1481
1493
1495
1500
1504
1514
1515
1526
1527
1533
1538
1543
1549
1553
1557
1562
1569
1580
1591
1596
1600
1610
1613
1622
1626
1643
1649
1659
1668
1672
1674
1675
1684
1696
1699
1706
1716
1718
1727
1728
1736
1741
1745
1754
1755
1756
1759
1761
1762
1768
1783
1789
1795
1797
1802
1804
1806
1808
1809
1814
1822
1823
1825
1827
1832
1834
1835
1837
1842
1845
1859
1865
1870
1874
1887
1889
1900
1903
1906
1911
1912
1913
1916
1919
1920
1921
1922
1924
1933
1935
1943
1949
1951
1953
1958
1960
1966
1968
1972
1975
1982
1984
1988
1998
2002
2010
2011
2013
2016
2025
2027
2028
2031
2032
2034
2052
2058
2062
2063
2069
2070
2100
2101
2103
2106
2108
2114
2119
2120
2124
2127
2132
2133
2134
2145
2148
2150
2157
2168
2169
2173
2175
2181
2182
2184
2185
2187
2193
2195
2196
2201
2205
2210
2215
2223
2230
2234
2237
2239
2242
2247
2248
2255
2259
2268
2273
2285
2286
2293
2294
2295
2297
2312
2314
2315
2316
2319
2329
2340
2343
2351
2352
2353
2354
2358
2359
2361
2364
2368
2381
2382
2384
2394
2396
2397
2398
2400
2401
2407
2408
2413
2434
2437
2438
2442
2445
2446
2449
2453
2458
2474
2480
2485
2488
2491
2499
2500
2501
2507
2511
2521
2530
2531
2537
2551
2555
2556
2563
2568
2570
2580
2582
2588
2591
2595
2597
2601
2602
2614
2617
2618
2620
2624
2635
2640
2642
2655
2658
2659
2663
2666
2669
2676
2679
2697
2700
2705
2708
2712
2718
2724
2729
2732
2743
2744
2747
2749
2754
2756
2759
2760
2776
2780
2782
2784
2788
2806
2807
2810
2818
2820
2822
2823
2824
2827
2832
2835
2838
2839
2841
2863
2867
2874
2876
2890
2895
2899
2916
2929
2933
2939
2963
2971
2973
2975
2979
2985
2989
2993
2995
3009
3013
3016
3021
3027
3037
3044
3046
3050
3054
3063
3068
3074
3076
3078
3080
3081
3090
3091
3093
3095
3096
3099
3106
3113
3124
3127
3130
3132
3135
3136
3137
3139
3140
3145
3151
3152
3158
3159
3169
3171
3172
3181
3184
3186
3187
3189
3191
3196
3205
3208
3211
3212
3219
3221
3229
3231
3232
3233
3244
3246
3247
3248
3253
3255
3259
3264
3266
3268
3270
3275
3283
3293
3302
3310
3323
3332
3333
3347
3349
3359
3362
3367
3370
3373
3374
3377
3378
3383
3387
3389
3393
3394
3407
3409
3413
3417
3419
3429
3433
3438
3439
3446
3471
3472
3479
3516
3541
3542
3545
3554
3557
3572
3574
3576
3583
3590
3595
3596
3600
3602
3607
3612
3617
3622
3630
3639
3644
3651
3666
3671
3700
3702
3705
3714
3715
3718
3719
3724
3734
3745
3747
3767
3773
3787
3795
3798
3800
3801
3804
3814
3822
3825
3828
3835
3838
3840
3845
3854
3869
3871
3878
3880
3885
3892
3893
3896
3897
3903
3908
3912
3916
3922
3923
3924
3925
3929
3935
3936
3937
3945
3946
3951
3960
3964
3965
3970
3974
3984
3985
3992
4001
4005
4010
4011
4024
4025
4027
4028
4037
4041
4044
4047
4048
4052
4056
4059
4069
4084
4086
4107
4108
4116
4118
4120
4125
4128
4142
4151
4154
4165
4176
4181
4182
4186
4189
4194
4200
4205
4210
4220
4221
4231
4241
4245
4253
4255
4259
4261
4262
4265
4268
4271
4272
4274
4280
4285
4296
4297
4304
4328
4340
4345
4364
4366
4368
4372
4382
4390
4394
4398
4414
4416
4422
4429
4433
4435
4441
4472
4475
4479
4480
4482
4488
4495
4498
4502
4507
4510
4511
4519
4522
4531
4532
4543
4544
4545
4547
4549
4555
4567
4570
4582
4588
4592
4593
4594
4598
4604
4606
4609
4615
4616
4620
4622
4627
4632
4636
4639
4641
4642
4648
4651
4658
4663
4673
4675
4677
4684
4696
4702
4709
4710
4711
4718
4724
4733
4734
4743
4744
4748
4757
4765
4766
4768
4769
4783
4786
4794
4801
4802
4807
4817
4820
4834
4840
4847
4849
4861
4867
4869
4870
4881
4892
4895
4896
4898
4902
4903
4913
4915
4921
4928
4934
4939
4951
4953
4962
4969
4971
4974
4977
4983
4998
4999
5000
5003
5005
5006
5010
5011
5012
5025
5026
5040
5049
5053
5066
5070
5084
5086
5089
5100
5112
5114
5115
5118
5120
5121
5123
5128
5129
5132
5133
5134
5140
5145
5150
5154
5157
5160
5165
5168
5186
5203
5210
5215
5222
5223
5226
5229
5241
5242
5243
5245
5246
5257
5261
5263
5268
5269
5281
5284
5285
5286
5295
5300
5310
5313
5320
5325
5328
5332
5333
5335
5337
5347
5358
5359
5365
5375
5381
5388
5403
5405
5406
5408
5409
5410
5415
5426
5427
5435
5440
5441
5445
5456
5468
5470
5477
5485
5488
5491
5492
5499
5502
5507
5510
5511
5514
5518
5519
5520
5523
5551
5558
5562
5568
5572
5577
5578
5584
5585
5587
5588
5595
5613
5623
5625
5626
5629
5636
5640
5643
5645
5647
5652
5658
5660
5661
5672
5673
5678
5682
5685
5688
5695
5703
5716
5722
5733
5737
5743
5746
5751
5758
5766
5768
5769
5772
5775
5782
5785
5787
5800
5804
5811
5812
5816
5817
5818
5820
5825
5828
5829
5843
5844
5849
5874
5877
5878
5881
5887
5893
5906
5907
5909
5916
5942
5946
5954
5973
5986
5988
5998
6000
6004
6014
6022
6024
6027
6028
6029
6035
6039
6045
6048
6051
6052
6056
6069
6070
6072
6074
6080
6087
6093
6094
6106
6109
6114
6126
6137
6150
6152
6155
6157
6163
6165
6167
6178
6179
6185
6186
6187
6194
6204
6205
6210
6212
6221
6225
6238
6244
6249
6253
6256
6260
6270
6272
6273
6274
6278
6290
6302
6310
6313
6316
6318
6325
6329
6351
6352
6357
6363
6379
6385
6396
6401
6403
6404
6405
6406
6408
6409
6412
6421
6426
6427
6429
6430
6437
6438
6439
6447
6451
6461
6465
6467
6475
6479
6482
6487
6493
6496
6500
6501
6515
6522
6523
6531
6532
6533
6537
6539
6543
6547
6549
6550
6552
6554
6555
6559
6564
6568
6569
6573
6575
6581
6587
6588
6594
6601
6602
6604
6606
6618
6631
6632
6640
6645
6646
6655
6659
6663
6664
6667
6672
6684
6689
6691
6699
6700
6701
6716
6718
6723
6725
6726
6729
6731
6733
6735
6736
6749
6753
6763
6773
6784
6789
6798
6799
6800
6809
6810
6819
6827
6832
6839
6840
6848
6849
6865
6868
6872
6874
6880
6896
6906
6919
6920
6922
6923
6927
6932
6934
6937
6949
6959
6972
6977
6978
6980
6993
6995
7009
7021
7022
7027
7028
7029
7038
7039
7054
7059
7060
7062
7067
7069
7081
7085
7092
7094
7098
7110
7114
7115
7122
7126
7128
7129
7131
7147
7149
7155
7168
7182
7196
7198
7203
7208
7212
7220
7224
7225
7227
7233
7234
7241
7250
7253
7257
7260
7263
7264
7278
7281
7289
7300
7301
7319
7322
7325
7326
7334
7342
7344
7353
7357
7359
7366
7367
7369
7370
7371
7374
7384
7390
7395
7397
7398
7399
7411
7412
7414
7421
7424
7428
7438
7452
7464
7467
7472
7474
7475
7488
7507
7509
7517
7526
7541
7545
7546
7563
7569
7577
7589
7590
7595
7601
7602
7607
7619
7620
7623
7631
7633
7643
7654
7661
7663
7668
7673
7675
7676
7678
7685
7686
7693
7698
7709
7711
7714
7722
7728
7729
7730
7733
7737
7740
7745
7746
7753
7772
7781
7782
7785
7790
7797
7804
7808
7809
7814
7821
7822
7824
7827
7830
7864
7865
7866
7876
7881
7885
7887
7910
7924
7931
7932
7940
7953
7964
7978
7986
7987
8005
8033
8034
8046
8048
8050
8051
8066
8076
8080
8084
8107
8111
8114
8115
8118
8123
8127
8133
8135
8136
8138
8146
8152
8159
8163
8168
8169
8170
8186
8188
8189
8199
8201
8202
8213
8216
8224
8230
8235
8236
8246
8250
8265
8282
8294
8300
8301
8302
8307
8314
8315
8327
8332
8339
8359
8362
8365
8367
8377
8381
8392
8395
8397
8407
8414
8417
8418
8419
8420
8428
8431
8433
8434
8437
8443
8451
8453
8458
8463
8469
8473
8478
8479
8485
8495
8497
8510
8511
8513
8515
8520
8521
8523
8526
8529
8530
8542
8549
8550
8554
8559
8560
8561
8562
8563
8571
8573
8581
8585
8590
8599
8605
8608
8624
8625
8628
8630
8631
8635
8637
8657
8659
8660
8662
8665
8670
8671
8672
8673
8682
8689
8699
8705
8726
8731
8745
8747
8752
8754
8762
8777
8785
8788
8797
8801
8803
8806
8809
8814
8816
8818
8825
8826
8828
8831
8832
8833
8841
8843
8846
8851
8858
8859
8861
8864
8865
8872
8874
8884
8890
8894
8904
8908
8911
8913
8914
8915
8918
8924
8930
8932
8935
8936
8937
8948
8951
8964
8966
8968
8970
8980
8982
8989
8991
8994
8996
8998
8999
9001
9003
9006
9011
9023
9028
9033
9039
9041
9042
9048
9049
9054
9059
9061
9074
9076
9077
9078
9083
9084
9088
9089
9094
9102
9111
9114
9124
9136
9146
9149
9160
9178
9182
9184
9194
9203
9210
9218
9219
9222
9225
9226
9231
9235
9241
9243
9258
9260
9262
9269
9272
9273
9274
9281
9295
9296
9304
9312
9315
9323
9328
9335
9338
9344
9346
9347
9356
9367
9375
9378
9383
9387
9394
9397
9401
9404
9405
9416
9419
9421
9426
9429
9430
9433
9436
9437
9453
9469
9471
9474
9476
9477
9482
9485
9486
9490
9493
9497
9501
9504
9506
9508
9511
9523
9536
9542
9544
9545
9552
9556
9558
9563
9570
9573
9576
9583
9584
9585
9586
9592
9593
9596
9608
9611
9626
9629
9630
9639
9643
9658
9668
9669
9671
9674
9675
9677
9683
9685
9692
9694
9699
9701
9704
9705
9706
9711
9716
9725
9727
9728
9729
9732
9733
9739
9741
9742
9743
9746
9748
9754
9766
9767
9772
9788
9792
9793
9800
9806
9808
9811
9814
9816
9817
9818
9827
9828
9832
9844
9846
9847
9858
9861
9869
9871
9872
9873
9874
9876
9878
9886
9892
9900
9901
9905
9909
9910
9912
9926
9933
9937
9945
9946
9952
9953
9961
9963
9965
9968
9977
9978
9985
9988
9990
9999
10000
10007
10016
10026
10027
10033
10034
10040
10050
10053
10055
10069
10070
10073
10077
10079
10080
10082
10087
10092
10094
10100
10110
10120
10127
10138
10139
10144
10146
10157
10163
10165
10174
10177
10185
10188
10193
10204
10232
10236
10244
10245
10249
10250
10278
10280
10283
10286
10295
10297
10306
10315
10319
10320
10323
10327
10329
10333
10335
10346
10350
10353
10359
10367
10370
10372
10374
10385
10390
10400
10402
10405
10408
10411
10413
10417
10423
10443
10452
10455
10466
10469
10474
10480
10488
10489
10492
10493
10496
10498
10515
10516
10530
10538
10539
10545
10547
10553
10557
10561
10565
10566
10577
10592
10595
10596
10598
10600
10606
10617
10618
10620
10622
10628
10637
10641
10649
10656
10663
10687
10691
10696
10714
10722
10725
10729
10733
10744
10747
10750
10752
10758
10759
10765
10767
10769
10779
10784
10787
10789
10794
10797
10801
10807
10814
10816
10820
10824
10834
10842
10848
10853
10858
10860
10861
10865
10876
10877
10890
10892
10896
10899
10904
10905
10910
10911
10919
10922
10946
10948
10950
10953
10957
10958
10960
10964
10967
10968
10973
10983
10984
10988
10998
11002
11003
11004
11005
11009
11028
11030
11041
11043
11045
11046
11048
11058
11061
11070
11072
11075
11079
11087
11088
11089
11095
11104
11111
11118
11120
11121
11124
11126
11128
11130
11133
11135
11139
11166
11167
11168
11175
11180
11183
11193
11204
11205
11208
11214
11220
11223
11224
11229
11230
11231
11234
11235
11238
11242
11246
11249
11251
11254
11255
11256
11264
11274
11277
11282
11283
11291
11293
11294
11296
11298
11299
11316
11330
11337
11345
11346
11358
11360
11370
11382
11389
11390
11398
11417
11419
11420
11429
11449
11451
11453
11455
11458
11462
11472
11473
11474
11475
11477
11482
11486
11489
11491
11493
11510
11515
11519
11520
11522
11530
11532
11539
11540
11543
11548
11550
11555
11556
11565
11566
11568
11569
11580
11584
11590
11592
11601
11614
11619
11626
11629
11631
11642
11645
11648
11650
11652
11654
11656
11657
11658
11660
11665
11669
11670
11673
11680
11683
11684
11693
11695
11696
11711
11716
11732
11734
11737
11740
11748
11760
11766
11768
11773
11774
11781
11782
11786
11790
11791
11792
11798
11800
11802
11804
11806
11820
11832
11841
11844
11847
11852
11854
11863
11874
11880
11888
11889
11891
11903
11910
11922
11927
11931
11933
11942
11946
11950
11989
11991
11994
12006
12015
12022
12027
12030
12037
12041
12044
12051
12055
12061
12067
12070
12078
12086
12088
12098
12104
12106
12112
12114
12117
12121
12128
12134
12145
12149
12151
12152
12156
12167
12170
12171
12173
12187
12189
12192
12194
12195
12196
12209
12211
12216
12217
12218
12220
12233
12240
12245
12247
12252
12257
12259
12263
12269
12270
12274
12284
12286
12310
12311
12315
12319
12324
12333
12335
12336
12339
12347
12348
12349
12355
12356
12362
12365
12379
12380
12386
12397
12398
12403
12407
12408
12410
12435
12440
12450
12453
12457
12458
12463
12466
12467
12473
12474
12475
12483
12489
12490
12491
12492
12496
12502
12503
12504
12508
12511
12517
12529
12531
12533
12537
12545
12552
12553
12565
12575
12588
12595
12596
12602
12607
12614
12620
12627
12634
12642
12646
12661
12670
12671
12675
12678
12680
12683
12692
12694
12709
12723
12727
12729
12731
12732
12735
12737
12738
12743
12746
12755
12759
12762
12763
12764
12765
12776
12780
12785
12788
12791
12800
12804
12806
12808
12812
12814
12819
12827
12828
12830
12833
12838
12859
12861
12869
12870
12872
12875
12877
12882
12888
12896
12897
12900
12903
12907
12919
12932
12938
12945
12948
12962
12969
12970
12972
12999
13003
13005
13023
13024
13026
13034
13040
13047
13050
13051
13055
13061
13064
13080
13089
13093
13094
13095
13096
13098
13100
13104
13112
13113
13114
13122
13129
13134
13142
13144
13146
13147
13148
13149
13150
13160
13164
13166
13170
13178
13179
13182
13187
13192
13196
13198
13207
13211
13212
13221
13228
13239
13242
13243
13249
13250
13251
13266
13267
13280
13281
13289
13298
13305
13306
13309
13310
13312
13313
13323
13328
13331
13343
13352
13357
13402
13406
13410
13413
13416
13417
13421
13423
13426
13429
13431
13432
13434
13439
13441
13448
13449
13450
13459
13462
13468
13470
13471
13477
13493
13500
13501
13508
13516
13522
13532
13535
13537
13547
13550
13551
13556
13559
13561
13570
13583
13593
13598
13600
13601
13637
13641
13654
13662
13664
13665
13668
13684
13685
13690
13697
13698
13710
13712
13713
13717
13718
13719
13722
13728
13736
13740
13745
13758
13760
13764
13771
13774
13775
13776
13782
13784
13802
13831
13842
13849
13851
13856
13863
13864
13867
13883
13887
13889
13892
13917
13927
13937
13939
13951
13954
13956
13966
13968
13977
13988
13996
14010
14012
14013
14014
14033
14034
14041
14044
14054
14070
14090
14091
14096
14104
14107
14110
14111
14114
14121
14125
14127
14130
14131
14133
14136
14144
14145
14159
14162
14170
14180
14206
14221
14227
14232
14235
14238
14239
14242
14245
14250
14259
14260
14262
14266
14268
14278
14282
14284
14287
14290
14302
14305
14306
14309
14313
14317
14323
14328
14333
14338
14340
14357
14364
14367
14370
14372
14373
14374
14378
14397
14411
14412
14422
14432
14436
14442
14457
14458
14469
14475
14476
14477
14485
14487
14488
14492
14496
14500
14502
14506
14512
14515
14523
14529
14530
14531
14533
14539
14551
14554
14571
14574
14596
14600
14601
14608
14613
14616
14621
14625
14626
14627
14632
14635
14638
14643
14645
14647
14658
14660
14666
14673
14674
14676
14679
14680
14681
14682
14686
14696
14705
14713
14723
14726
14727
14728
14729
14733
14734
14738
14741
14743
14746
14747
14748
14758
14763
14765
14779
14780
14781
14788
14789
14790
14793
14803
14805
14807
14813
14814
14815
14819
14824
14826
14828
14830
14838
14839
14842
14847
14853
14856
14859
14884
14885
14886
14893
14903
14913
14915
14917
14919
14925
14931
14944
14962
14964
14965
14973
14974
14976
14979
14984
14991
14993
14994
15003
15007
15017
15039
15043
15044
15053
15069
15070
15079
15086
15087
15089
15094
15103
15109
15114
15117
15119
15121
15122
15134
15135
15138
15149
15156
15157
15159
15165
15175
15177
15182
15185
15191
15192
15194
15201
15203
15215
15224
15226
15237
15239
15240
15250
15265
15266
15275
15276
15282
15292
15296
15298
15302
15304
15309
15318
15319
15325
15332
15333
15340
15344
15352
15363
15365
15369
15371
15374
15379
15382
15387
15393
15395
15398
15399
15409
15413
15416
15420
15426
15433
15435
15436
15438
15439
15441
15445
15446
15453
15466
15467
15470
15474
15479
15481
15483
15486
15499
15509
15510
15521
15522
15535
15539
15545
15556
15565
15566
15568
15570
15573
15584
15596
15603
15610
15611
15612
15616
15617
15618
15619
15629
15630
15639
15645
15649
15653
15657
15662
15663
15666
15670
15676
15677
15680
15681
15682
15687
15692
15693
15698
15703
15706
15707
15710
15711
15715
15717
15718
15727
15732
15738
15739
15740
15745
15759
15764
15773
15781
15782
15783
15801
15811
15818
15819
15825
15830
15833
15840
15851
15869
15873
15876
15892
15893
15902
15907
15908
15913
15914
15921
15923
15928
15929
15932
15942
15949
15955
15956
15960
15961
15971
15972
15975
15978
15979
15996
16004
16010
16012
16017
16018
16021
16028
16034
16040
16043
16044
16049
16050
16051
16057
16059
16060
16063
16064
16066
16071
16076
16082
16083
16084
16086
16089
16091
16092
16096
16098
16103
16105
16107
16109
16113
16116
16125
16129
16130
16135
16145
16147
16150
16156
16163
16164
16171
16183
16185
16188
16194
16196
16205
16207
16208
16213
16226
16227
16229
16231
16233
16251
16252
16254
16255
16270
16272
16288
16291
16294
16296
16304
16317
16322
16323
16334
16341
16351
16352
16357
16358
16361
16366
16373
16374
16379
16380
16384
16386
16390
16399
16403
16405
16406
16407
16411
16415
16429
16437
16458
16468
16474
16485
16496
16502
16503
16504
16512
16518
16523
16547
16554
16558
16560
16565
16566
16568
16574
16578
16582
16588
16591
16593
16595
16596
16614
16617
16622
16624
16632
16646
16652
16658
16661
16664
16665
16666
16667
16676
16698
16703
16711
16713
16721
16727
16738
16743
16747
16749
16755
16757
16764
16771
16772
16791
16794
16797
16798
16799
16804
16809
16810
16811
16818
16832
16835
16840
16863
16866
16869
16872
16875
16883
16884
16888
16893
16895
16896
16902
16913
16914
16920
16934
16936
16951
16957
16960
16961
16964
16965
16966
16971
16974
16985
16988
16990
17000
17001
17003
17005
17009
17010
17016
17022
17030
17031
17032
17033
17047
17054
17058
17063
17067
17074
17076
17093
17096
17103
17109
17116
17117
17118
17119
17125
17135
17137
17142
17147
17148
17150
17166
17171
17191
17214
17215
17221
17228
17244
17248
17250
17254
17287
17298
17312
17318
17323
17325
17327
17328
17330
17333
17335
17338
17342
17366
17372
17375
17377
17380
17381
17397
17399
17407
17409
17412
17413
17418
17420
17426
17439
17441
17443
17445
17447
17468
17476
17489
17494
17496
17498
17501
17503
17504
17505
17515
17527
17538
17545
17550
17551
17555
17556
17559
17564
17565
17569
17570
17576
17598
17611
17612
17617
17619
17621
17624
17630
17631
17638
17641
17643
17650
17663
17672
17676
17680
17684
17693
17694
17717
17718
17719
17721
17723
17729
17731
17735
17746
17747
17748
17751
17757
17762
17765
17771
17776
17780
17784
17786
17787
17793
17804
17819
17820
17824
17837
17841
17848
17849
17851
17855
17857
17869
17870
17874
17881
17884
17889
17898
17903
17904
17905
17914
17920
17924
17945
17949
17950
17951
17958
17962
17971
17973
17974
17988
17989
17997
17999
18009
18010
18017
18025
18031
18036
18039
18044
18045
18051
18053
18057
18070
18073
18080
18083
18098
18127
18130
18135
18136
18144
18148
18149
18153
18156
18157
18158
18161
18165
18166
18170
18171
18175
18180
18196
18197
18198
18216
18217
18221
18222
18223
18226
18232
18236
18239
18251
18253
18266
18268
18269
18275
18285
18291
18298
18303
18304
18306
18308
18309
18312
18313
18315
18316
18336
18337
18363
18369
18372
18382
18383
18388
18397
18398
18404
18405
18408
18409
18415
18435
18437
18438
18445
18448
18452
18456
18469
18470
18474
18494
18504
18508
18513
18520
18521
18523
18533
18548
18551
18553
18560
18562
18564
18566
18575
18581
18586
18589
18591
18595
18606
18607
18608
18610
18613
18615
18627
18631
18640
18648
18654
18666
18668
18670
18676
18677
18685
18694
18701
18707
18712
18714
18720
18729
18734
18751
18755
18759
18760
18763
18765
18766
18768
18777
18779
18780
18781
18784
18785
18787
18789
18798
18804
18805
18808
18822
18823
18824
18829
18831
18839
18840
18846
18853
18855
18862
18868
18869
18877
18879
18880
18881
18884
18885
18903
18906
18907
18913
18917
18919
18922
18924
18925
18935
18936
18937
18938
18939
18940
18953
18954
18965
18977
18978
18983
18986
18999
19000
19018
19020
19023
19024
19025
19032
19037
19044
19048
19050
19051
19060
19067
19081
19087
19091
19130
19133
19145
19153
19154
19155
19156
19167
19173
19174
19181
19184
19189
19193
19198
19201
19208
19213
19215
19220
19228
19238
19242
19246
19248
19255
19259
19270
19272
19274
19279
19284
19305
19314
19316
19326
19330
19331
19338
19341
19349
19353
19354
19356
19362
19369
19381
19390
19394
19397
19399
19402
19405
19409
19413
19419
19426
19434
19437
19443
19455
19458
19461
19465
19469
19472
19478
19483
19485
19486
19487
19490
19491
19497
19505
19506
19509
19512
19516
19517
19519
19533
19542
19544
19555
19569
19572
19579
19591
19597
19598
19601
19611
19612
19619
19624
19629
19633
19636
19641
19643
19651
19658
19659
19669
19670
19674
19675
19681
19683
19691
19694
19696
19703
19705
19706
19717
19730
19731
19732
19734
19738
19739
19741
19742
19746
19748
19752
19755
19758
19762
19770
19777
19787
19806
19810
19816
19826
19827
19837
19842
19847
19848
19852
19854
19864
19865
19869
19872
19878
19881
19902
19911
19914
19921
19923
19930
19936
19946
19950
19954
19966
19974
19976
19979
19985
19987
19997
19999
20004
20008
20017
20018
20019
20021
20025
20029
20030
20031
20034
20042
20044
20051
20056
20057
20071
20073
20074
20075
20076
20081
20082
20092
20093
20095
20102
20104
20110
20120
20128
20132
20135
20136
20142
20158
20164
20165
20176
20184
20187
20188
20193
20200
20203
20204
20206
20210
20218
20226
20233
20237
20252
20261
20271
20281
20283
20285
20287
20295
20296
20299
20305
20306
20309
20316
20333
20339
20342
20343
20345
20346
20363
20365
20371
20372
20374
20387
20389
20398
20402
20410
20419
20421
20422
20424
20431
20434
20435
20436
20442
20443
20447
20449
20450
20451
20456
20463
20464
20465
20467
20475
20479
20481
20487
20507
20512
20517
20533
20546
20548
20558
20560
20563
20567
20572
20574
20585
20590
20591
20592
20605
20606
20607
20613
20616
20619
20623
20627
20648
20652
20657
20664
20665
20676
20698
20701
20704
20705
20709
20715
20720
20726
20732
20753
20754
20757
20760
20764
20774
20775
20781
20784
20787
20795
20800
20801
20803
20807
20812
20815
20822
20825
20827
20830
20831
20847
20853
20857
20864
20868
20876
20877
20886
20891
20896
20898
20901
20914
20920
20921
20930
20937
20938
20940
20945
20955
20961
20966
20968
20985
20988
20989
20990
20995
21000
21004
21006
21007
21013
21021
21022
21027
21037
21041
21050
21051
21060
21062
21063
21065
21067
21073
21075
21088
21096
21098
21100
21101
21113
21115
21117
21129
21130
21132
21137
21154
21163
21165
21172
21185
21194
21204
21207
21217
21221
21224
21233
21235
21247
21251
21259
21262
21265
21273
21278
21279
21282
21293
21295
21300
21301
21302
21305
21309
21312
21316
21322
21323
21324
21333
21335
21337
21350
21353
21354
21368
21376
21380
21382
21383
21388
21394
21401
21409
21410
21411
21412
21413
21418
21425
21432
21437
21441
21452
21454
21458
21468
21471
21473
21478
21481
21488
21493
21502
21506
21508
21509
21513
21514
21515
21516
21517
21538
21545
21549
21551
21570
21574
21590
21601
21609
21627
21638
21640
21647
21652
21658
21662
21665
21669
21681
21686
21697
21698
21700
21702
21706
21710
21711
21726
21727
21733
21737
21743
21744
21749
21755
21757
21759
21760
21761
21764
21769
21775
21783
21786
21797
21798
21800
21805
21806
21812
21813
21825
21836
21838
21839
21840
21858
21874
21890
21903
21906
21908
21911
21915
21918
21921
21922
21924
21947
21952
21954
21961
21964
21981
21982
21996
22007
22018
22021
22024
22026
22028
22029
22035
22041
22042
22044
22046
22055
22065
22068
22069
22072
22079
22084
22085
22086
22087
22089
22101
22105
22110
22118
22125
22127
22130
22136
22152
22154
22162
22167
22180
22184
22185
22187
22194
22197
22199
22201
22204
22212
22213
22214
22217
22219
22221
22223
22236
22239
22240
22244
22251
22252
22254
22259
22266
22268
22270
22272
22275
22277
22280
22284
22287
22288
22295
22297
22298
22306
22318
22319
22322
22331
22332
22334
22338
22339
22350
22352
22359
22373
22377
22378
22379
22382
22385
22386
22390
22392
22394
22395
22405
22407
22414
22415
22418
22427
22430
22432
22435
22454
22459
22460
22461
22473
22480
22488
22501
22505
22510
22513
22516
22526
22529
22534
22558
22559
22562
22568
22569
22571
22576
22590
22595
22596
22597
22598
22604
22612
22613
22618
22627
22633
22638
22645
22656
22661
22674
22676
22677
22678
22680
22683
22690
22692
22697
22700
22701
22703
22713
22718
22719
22722
22723
22726
22732
22734
22738
22741
22749
22766
22778
22786
22789
22802
22811
22812
22814
22817
22818
22825
22826
22830
22848
22850
22858
22860
22867
22870
22871
22872
22874
22880
22881
22886
22893
22896
22897
22898
22899
22903
22904
22906
22911
22914
22919
22920
22922
22928
22932
22937
22939
22943
22944
22946
22947
22959
22967
22971
22973
22984
22990
22992
22993
22999
23000
23003
23007
23015
23018
23021
23024
23040
23041
23042
23047
23055
23058
23059
23060
23065
23067
23070
23075
23077
23079
23083
23092
23094
23095
23100
23108
23144
23145
23161
23165
23167
23170
23174
23176
23184
23191
23200
23203
23205
23209
23210
23211
23212
23219
23220
23224
23225
23229
23236
23239
23241
23247
23253
23258
23268
23273
23284
23291
23302
23303
23305
23306
23314
23320
23332
23333
23343
23349
23352
23361
23370
23373
23375
23380
23399
23404
23405
23412
23417
23422
23428
23431
23433
23434
23438
23447
23458
23463
23466
23467
23474
23478
23486
23500
23507
23508
23514
23516
23520
23523
23524
23527
23534
23538
23540
23542
23544
23545
23546
23547
23550
23551
23556
23567
23570
23573
23589
23606
23611
23614
23621
23622
23624
23626
23627
23635
23637
23641
23645
23651
23652
23657
23664
23673
23679
23694
23701
23703
23704
23711
23714
23716
23723
23725
23729
23741
23750
23759
23772
23777
23782
23798
23820
23822
23824
23827
23828
23838
23851
23855
23863
23864
23873
23876
23881
23904
23908
23909
23912
23915
23918
23921
23931
23939
23940
23946
23949
23955
23958
23976
23978
23988
23995
24000
24001
24003
24005
24010
24016
24019
24020
24025
24027
24040
24044
24048
24050
24051
24056
24062
24064
24078
24088
24091
24092
24100
24105
24109
24116
24119
24125
24126
24144
24147
24154
24155
24157
24158
24162
24164
24172
24179
24184
24190
24191
24205
24214
24222
24225
24237
24238
24249
24251
24256
24259
24276
24279
24280
24283
24284
24295
24305
24306
24311
24315
24317
24319
24323
24331
24340
24342
24348
24352
24357
24359
24360
24361
24375
24381
24383
24391
24394
24399
24401
24403
24406
24408
24412
24421
24424
24427
24433
24435
24442
24451
24453
24470
24476
24485
24491
24492
24497
24501
24508
24510
24520
24541
24549
24572
24582
24590
24597
24601
24602
24603
24606
24612
24621
24625
24631
24635
24637
24646
24656
24659
24662
24670
24672
24698
24706
24707
24710
24722
24727
24733
24734
24735
24740
24747
24763
24766
24776
24777
24778
24779
24781
24783
24787
24802
24805
24813
24826
24827
24836
24837
24840
24841
24845
24846
24851
24852
24873
24880
24883
24891
24894
24896
24897
24899
24901
24905
24907
24915
24922
24925
24926
24932
24936
24941
24948
24951
24957
24959
24966
24975
24984
24995
25002
25006
25009
25017
25025
25035
25039
25041
25043
25044
25053
25057
25058
25062
25069
25071
25076
25078
25084
25091
25095
25099
25101
25110
25119
25120
25121
25125
25137
25138
25144
25151
25154
25159
25163
25178
25181
25185
25195
25196
25197
25200
25202
25210
25214
25215
25216
25217
25220
25222
25232
25233
25246
25255
25259
25268
25269
25282
25283
25286
25290
25303
25316
25319
25320
25325
25332
25334
25338
25339
25340
25352
25353
25354
25362
25363
25365
25368
25369
25378
25379
25393
25396
25400
25403
25412
25414
25420
25427
25430
25440
25452
25453
25468
25469
25471
25472
25478
25481
25483
25492
25497
25509
25523
25525
25529
25530
25532
25534
25544
25552
25561
25568
25584
25586
25589
25596
25601
25604
25611
25612
25615
25620
25632
25634
25650
25655
25664
25667
25674
25685
25686
25692
25693
25694
25709
25715
25723
25737
25744
25750
25760
25761
25769
25772
25780
25786
25795
25797
25803
25805
25817
25830
25833
25835
25836
25837
25838
25839
25841
25850
25857
25860
25861
25864
25865
25870
25880
25883
25888
25891
25892
25895
25899
25900
25904
25914
25917
25925
25927
25929
25936
25948
25954
25974
25978
25980
25982
25990
25997
25998
26004
26009
26012
26038
26043
26058
26073
26078
26080
26087
26089
26093
26103
26107
26112
26117
26119
26122
26126
26134
26137
26140
26144
26158
26165
26175
26178
26179
26180
26181
26192
26196
26200
26201
26205
26206
26210
26212
26222
26225
26233
26236
26243
26252
26262
26263
26269
26274
26283
26284
26286
26291
26295
26297
26299
26300
26306
26309
26313
26315
26316
26318
26319
26333
26345
26348
26352
26354
26362
26371
26379
26384
26387
26388
26393
26395
26401
26404
26408
26411
26412
26414
26415
26421
26423
26434
26437
26456
26459
26473
26477
26478
26487
26518
26521
26535
26537
26542
26544
26545
26553
26558
26569
26580
26581
26589
26590
26597
26600
26603
26604
26612
26613
26624
26631
26633
26636
26638
26639
26640
26641
26644
26646
26647
26650
26652
26657
26660
26661
26669
26672
26678
26681
26692
26699
26703
26705
26709
26715
26720
26726
26729
26733
26737
26742
26749
26751
26752
26770
26771
26777
26781
26784
26790
26793
26800
26807
26810
26817
26818
26820
26822
26825
26832
26834
26836
26840
26844
26865
26871
26875
26891
26895
26896
26900
26901
26905
26934
26943
26945
26952
26959
26977
26997
27004
27006
27010
27016
27027
27030
27032
27035
27041
27042
27048
27052
27067
27070
27084
27085
27087
27089
27092
27098
27108
27109
27112
27114
27115
27119
27122
27125
27132
27133
27136
27138
27139
27144
27147
27149
27163
27173
27176
27187
27196
27207
27214
27216
27217
27224
27227
27231
27237
27238
27242
27244
27247
27265
27266
27268
27270
27272
27273
27278
27284
27292
27293
27298
27308
27309
27311
27324
27334
27344
27353
27357
27364
27365
27371
27373
27375
27382
27383
27384
27394
27397
27400
27407
27415
27416
27417
27432
27443
27450
27456
27459
27468
27470
27471
27474
27485
27486
27488
27492
27493
27502
27506
27509
27512
27515
27517
27520
27529
27531
27534
27537
27539
27546
27549
27550
27551
27556
27562
27563
27564
27565
27571
27576
27583
27589
27599
27604
27607
27609
27610
27615
27617
27644
27648
27662
27669
27673
27678
27688
27692
27694
27700
27702
27703
27711
27719
27720
27723
27726
27729
27732
27747
27753
27764
27773
27775
27781
27784
27787
27793
27798
27804
27806
27812
27816
27822
27831
27839
27840
27842
27843
27844
27851
27856
27861
27863
27865
27870
27874
27879
27881
27885
27897
27900
27903
27912
27917
27937
27952
27954
27963
27965
27968
27969
27974
27976
27979
27987
27988
27996
28011
28012
28017
28021
28024
28031
28033
28035
28037
28038
28052
28063
28074
28075
28080
28081
28082
28083
28086
28091
28092
28105
28107
28111
28119
28132
28133
28135
28143
28171
28178
28183
28188
28193
28197
28206
28209
28210
28219
28226
28227
28238
28239
28243
28245
28255
28258
28264
28265
28270
28288
28298
28299
28301
28305
28307
28308
28311
28329
28334
28337
28340
28341
28343
28356
28361
28369
28371
28374
28375
28381
28387
28392
28394
28404
28405
28408
28415
28421
28423
28434
28435
28436
28439
28448
28450
28454
28461
28467
28479
28481
28484
28497
28504
28506
28508
28510
28526
28540
28543
28548
28551
28560
28566
28568
28576
28595
28600
28602
28603
28604
28606
28609
28614
28616
28622
28625
28629
28630
28636
28647
28661
28662
28665
28668
28672
28677
28682
28684
28686
28689
28693
28697
28699
28702
28703
28705
28718
28719
28720
28721
28725
28726
28727
28732
28735
28741
28748
28760
28770
28776
28794
28800
28803
28814
28816
28817
28819
28823
28833
28840
28844
28852
28867
28870
28884
28888
28889
28893
28899
28902
28905
28906
28910
28912
28916
28918
28921
28927
28933
28941
28970
28979
28982
28989
28996
29001
29003
29012
29021
29026
29030
29031
29032
29033
29038
29040
29041
29042
29045
29053
29054
29056
29066
29068
29069
29071
29073
29077
29080
29083
29084
29088
29091
29093
29106
29107
29108
29113
29118
29131
29133
29141
29143
29145
29148
29154
29159
29160
29164
29168
29176
29180
29196
29206
29215
29222
29228
29244
29247
29254
29259
29261
29263
29266
29269
29274
29284
29285
29286
29295
29296
29297
29299
29304
29315
29326
29335
29342
29347
29365
29367
29369
29378
29387
29388
29389
29395
29399
29400
29403
29411
29420
29425
29429
29438
29457
29466
29471
29472
29474
29475
29484
29490
29496
29497
29499
29500
29503
29511
29512
29515
29518
29533
29549
29551
29553
29555
29564
29566
29574
29578
29579
29581
29582
29591
29599
29607
29609
29616
29617
29621
29622
29624
29628
29629
29631
29633
29637
29639
29642
29651
29653
29656
29662
29665
29666
29668
29681
29692
29693
29699
29701
29705
29709
29714
29718
29722
29723
29731
29735
29737
29748
29759
29764
29766
29771
29775
29781
29782
29790
29797
29804
29809
29815
29816
29817
29820
29826
29829
29834
29835
29855
29860
29861
29863
29879
29883
29888
29889
29893
29907
29913
29917
29919
29921
29925
29928
29929
29933
29940
29949
29953
29960
29965
29967
29968
29972
29975
29986
29987
29991
29999
30000
30006
30013
30021
30022
30023
30025
30026
30039
30052
30061
30079
30082
30122
30125
30150
30154
30165
30177
30178
30180
30192
30194
30197
30210
30213
30216
30217
30223
30228
30234
30235
30239
30240
30246
30247
30250
30255
30260
30267
30271
30277
30286
30287
30289
30291
30292
30297
30302
30307
30312
30315
30317
30321
30338
30341
30350
30351
30353
30354
30355
30357
30359
30363
30367
30378
30379
30384
30391
30409
30417
30434
30441
30448
30464
30468
30471
30472
30481
30482
30490
30491
30493
30497
30504
30506
30508
30518
30521
30532
30533
30542
30549
30550
30554
30555
30557
30565
30566
30574
30582
30587
30591
30592
30593
30617
30627
30630
30632
30639
30641
30652
30655
30656
30657
30658
30661
30663
30667
30670
30681
30683
30688
30692
30695
30707
30708
30719
30734
30738
30751
30752
30753
30761
30775
30782
30788
30795
30798
30801
30805
30806
30812
30827
30835
30851
30854
30862
30863
30865
30868
30872
30891
30893
30894
30895
30900
30907
30909
30912
30913
30919
30920
30921
30923
30938
30948
30950
30951
30958
30965
30966
30974
30977
30980
30981
30986
30987
30988
30992
31005
31008
31018
31021
31022
31025
31030
31034
31036
31038
31039
31042
31050
31051
31053
31058
31081
31105
31111
31113
31122
31125
31126
31130
31132
31136
31138
31143
31146
31147
31148
31151
31152
31155
31156
31159
31166
31168
31170
31178
31181
31192
31211
31219
31227
31234
31237
31240
31255
31261
31270
31280
31282
31290
31305
31312
31318
31319
31327
31332
31334
31338
31347
31352
31355
31357
31360
31363
31365
31380
31383
31389
31398
31409
31412
31415
31430
31439
31442
31445
31450
31459
31463
31465
31466
31468
31470
31472
31479
31480
31486
31487
31491
31494
31495
31500
31510
31512
31516
31518
31524
31525
31530
31538
31543
31545
31546
31549
31550
31553
31554
31555
31558
31559
31562
31567
31568
31572
31573
31581
31584
31600
31604
31605
31606
31612
31614
31615
31623
31625
31633
31637
31640
31644
31645
31654
31663
31668
31681
31691
31697
31699
31714
31716
31718
31719
31723
31725
31734
31735
31740
31741
31742
31748
31750
31763
31764
31772
31780
31782
31785
31796
31801
31803
31807
31808
31810
31812
31817
31828
31830
31837
31850
31853
31857
31862
31868
31869
31874
31884
31891
31892
31896
31909
31915
31918
31921
31934
31939
31942
31947
31948
31950
31956
31958
31960
31963
31965
31979
31981
31986
31991
31992
31995
31996
31997
32001
32007
32022
32027
32032
32036
32056
32057
32058
32059
32064
32074
32081
32082
32091
32092
32099
32107
32111
32114
32122
32124
32127
32135
32138
32140
32141
32145
32158
32162
32169
32172
32187
32194
32196
32197
32200
32208
32227
32228
32233
32234
32243
32246
32247
32255
32257
32272
32280
32282
32284
32290
32308
32316
32318
32322
32330
32331
32346
32347
32353
32358
32361
32377
32380
32382
32389
32396
32397
32399
32400
32402
32406
32407
32411
32412
32416
32418
32420
32425
32432
32435
32445
32449
32453
32471
32472
32475
32478
32483
32497
32503
32510
32511
32512
32519
32520
32524
32525
32531
32532
32534
32538
32545
32546
32548
32552
32553
32554
32569
32590
32594
32596
32597
32601
32603
32612
32621
32630
32640
32642
32644
32646
32648
32652
32653
32656
32658
32664
32666
32668
32681
32683
32687
32696
32698
32702
32710
32712
32713
32721
32735
32737
32746
32752
32753
32767
32768
32770
32775
32784
32788
32789
32796
32798
32815
32819
32845
32855
32862
32865
32867
32877
32882
32902
32910
32914
32916
32917
32918
32921
32923
32928
32931
32945
32947
32950
32951
32954
32956
32964
32965
32967
32983
32987
32996
32997
33002
33005
33017
33027
33030
33042
33043
33054
33060
33076
33077
33079
33083
33087
33093
33096
33114
33119
33124
33138
33142
33143
33145
33154
33159
33161
33162
33164
33166
33171
33173
33187
33201
33209
33211
33214
33223
33229
33235
33241
33242
33248
33278
33285
33286
33302
33309
33311
33318
33327
33340
33341
33345
33354
33358
33360
33363
33364
33368
33372
33373
33375
33389
33391
33397
33398
33409
33410
33411
33412
33417
33422
33428
33440
33442
33443
33444
33448
33453
33454
33467
33478
33480
33483
33488
33489
33491
33492
33495
33503
33519
33531
33535
33537
33539
33541
33544
33547
33565
33566
33573
33579
33580
33581
33591
33602
33610
33615
33619
33625
33626
33628
33633
33647
33649
33653
33656
33665
33666
33668
33669
33672
33679
33685
33690
33699
33702
33713
33717
33721
33725
33727
33728
33730
33743
33744
33746
33753
33759
33762
33782
33783
33784
33788
33799
33800
33803
33804
33811
33823
33836
33837
33841
33845
33846
33849
33850
33856
33865
33871
33873
33878
33879
33880
33882
33883
33885
33887
33891
33898
33904
33911
33912
33915
33919
33928
33934
33939
33949
33966
33977
33981
33990
33992
33994
33995
33996
33999
34002
34008
34020
34024
34029
34037
34038
34039
34045
34049
34055
34057
34059
34063
34064
34067
34068
34072
34075
34085
34094
34095
34097
34103
34106
34110
34117
34118
34120
34123
34131
34137
34145
34150
34151
34159
34161
34170
34174
34182
34187
34188
34198
34201
34208
34217
34220
34224
34231
34232
34233
34234
34253
34263
34264
34267
34272
34276
34278
34281
34285
34293
34300
34302
34321
34332
34338
34344
34347
34349
34366
34367
34372
34374
34379
34401
34404
34405
34413
34417
34419
34434
34442
34448
34449
34453
34461
34477
34502
34504
34508
34513
34520
34524
34525
34531
34541
34543
34556
34558
34561
34563
34566
34569
34583
34584
34591
34593
34597
34600
34610
34634
34639
34642
34648
34652
34655
34656
34659
34671
34677
34686
34696
34700
34708
34710
34713
34717
34720
34739
34741
34743
34745
34746
34751
34752
34755
34761
34763
34769
34770
34773
34775
34776
34781
34785
34787
34790
34800
34802
34811
34818
34821
34824
34833
34835
34843
34846
34853
34858
34859
34867
34873
34875
34883
34884
34885
34894
34905
34930
34932
34933
34934
34937
34941
34949
34958
34961
34963
34967
34975
34995
34997
35013
35014
35019
35034
35036
35038
35041
35050
35052
35053
35057
35059
35064
35069
35072
35080
35083
35087
35090
35095
35105
35108
35112
35115
35116
35123
35125
35134
35135
35137
35138
35142
35147
35152
35153
35158
35159
35163
35169
35173
35176
35184
35188
35191
35192
35199
35205
35209
35211
35212
35214
35230
35232
35241
35248
35253
35262
35263
35271
35275
35276
35278
35280
35285
35286
35290
35292
35294
35296
35297
35300
35306
35310
35318
35321
35329
35335
35336
35342
35344
35355
35357
35375
35383
35384
35385
35392
35414
35417
35420
35426
35431
35432
35433
35436
35439
35442
35447
35448
35449
35457
35459
35460
35467
35476
35481
35485
35488
35493
35504
35506
35514
35516
35519
35520
35521
35523
35524
35529
35534
35545
35547
35565
35579
35586
35587
35590
35593
35598
35600
35603
35606
35614
35616
35620
35625
35626
35636
35637
35642
35643
35644
35648
35656
35657
35665
35669
35670
35673
35677
35678
35680
35691
35698
35707
35709
35711
35717
35730
35732
35735
35740
35748
35750
35754
35759
35766
35772
35784
35792
35794
35797
35800
35815
35828
35837
35839
35844
35850
35857
35863
35865
35875
35876
35880
35881
35882
35891
35899
35900
35904
35914
35915
35916
35917
35920
35921
35923
35937
35939
35945
35946
35968
35970
35973
35974
35975
35985
35992
36008
36013
36019
36026
36028
36040
36044
36075
36082
36089
36093
36101
36104
36123
36124
36126
36131
36132
36143
36147
36159
36166
36183
36184
36186
36188
36200
36210
36221
36226
36227
36230
36231
36233
36243
36253
36258
36265
36271
36274
36275
36277
36289
36295
36300
36315
36339
36340
36346
36349
36355
36356
36360
36367
36369
36373
36382
36385
36392
36398
36400
36408
36412
36417
36419
36425
36431
36434
36437
36440
36444
36447
36453
36454
36462
36474
36475
36479
36481
36486
36496
36498
36505
36509
36527
36534
36539
36541
36551
36552
36554
36556
36562
36572
36576
36577
36601
36603
36605
36606
36618
36620
36627
36628
36635
36643
36648
36654
36655
36660
36662
36669
36672
36673
36677
36679
36688
36706
36709
36714
36715
36719
36740
36746
36747
36751
36752
36756
36761
36764
36766
36767
36768
36771
36772
36781
36784
36786
36788
36795
36798
36800
36804
36805
36811
36823
36826
36827
36830
36832
36841
36847
36850
36859
36862
36866
36867
36868
36869
36871
36877
36880
36885
36893
36900
36901
36903
36905
36908
36911
36912
36913
36922
36926
36941
36948
36960
36964
36968
36972
36973
36983
36987
36992
36997
36998
37010
37012
37016
37018
37026
37027
37032
37033
37037
37038
37046
37058
37063
37064
37066
37079
37084
37086
37087
37109
37115
37119
37121
37132
37133
37140
37146
37150
37158
37161
37167
37170
37174
37179
37181
37185
37195
37200
37222
37223
37225
37234
37237
37243
37252
37256
37258
37266
37277
37278
37282
37283
37286
37299
37301
37312
37322
37336
37337
37348
37350
37356
37357
37369
37370
37375
37376
37380
37381
37389
37395
37405
37412
37415
37416
37417
37419
37420
37421
37424
37432
37433
37436
37443
37455
37459
37460
37461
37462
37466
37468
37471
37473
37487
37496
37509
37537
37546
37549
37552
37556
37560
37563
37572
37573
37574
37576
37581
37591
37592
37606
37610
37612
37616
37625
37629
37636
37637
37645
37649
37654
37661
37679
37683
37684
37692
37703
37708
37713
37717
37719
37721
37731
37732
37734
37740
37743
37746
37753
37763
37765
37783
37785
37789
37790
37801
37808
37815
37823
37828
37831
37832
37850
37851
37860
37867
37889
37891
37896
37902
37904
37905
37924
37934
37935
37940
37950
37954
37962
37974
37977
37979
37984
37987
37990
37994
37996
38006
38015
38016
38020
38023
38027
38033
38064
38071
38080
38086
38091
38094
38105
38106
38123
38126
38129
38137
38148
38164
38167
38170
38174
38181
38185
38196
38199
38209
38211
38214
38215
38217
38222
38223
38235
38238
38239
38240
38244
38247
38250
38253
38254
38257
38258
38262
38264
38290
38295
38297
38305
38311
38314
38323
38328
38342
38344
38345
38356
38365
38381
38384
38388
38411
38412
38418
38432
38439
38443
38451
38453
38456
38468
38469
38486
38488
38489
38491
38494
38496
38499
38506
38507
38515
38519
38527
38532
38533
38537
38545
38547
38552
38589
38591
38592
38611
38618
38622
38625
38630
38632
38643
38648
38650
38652
38660
38668
38669
38677
38680
38682
38683
38688
38690
38696
38701
38702
38704
38707
38719
38722
38731
38732
38733
38742
38746
38754
38756
38759
38773
38783
38788
38791
38794
38799
38800
38809
38813
38819
38821
38822
38824
38826
38844
38845
38847
38849
38852
38856
38857
38875
38879
38886
38891
38899
38901
38923
38924
38925
38927
38929
38936
38939
38941
38944
38953
38956
38963
38970
38976
38977
38979
38993
39003
39006
39009
39013
39020
39026
39034
39035
39036
39041
39045
39049
39052
39053
39065
39069
39078
39081
39091
39104
39106
39112
39125
39126
39128
39130
39132
39143
39149
39155
39163
39164
39165
39167
39170
39176
39186
39187
39190
39200
39202
39208
39218
39220
39240
39242
39243
39248
39249
39252
39253
39255
39256
39257
39266
39269
39286
39301
39304
39306
39307
39311
39313
39321
39324
39329
39335
39343
39346
39350
39357
39361
39365
39366
39367
39372
39374
39377
39385
39388
39389
39391
39396
39397
39399
39400
39402
39417
39418
39422
39433
39437
39443
39445
39451
39456
39464
39471
39476
39477
39484
39485
39486
39494
39495
39507
39510
39514
39525
39529
39533
39535
39536
39540
39541
39547
39548
39554
39557
39564
39569
39572
39574
39575
39584
39586
39592
39595
39597
39604
39607
39612
39616
39617
39623
39625
39640
39652
39659
39673
39683
39690
39692
39696
39703
39712
39718
39722
39726
39728
39749
39751
39758
39762
39763
39773
39774
39782
39790
39815
39818
39819
39822
39825
39826
39827
39828
39846
39854
39858
39862
39866
39868
39886
39887
39895
39902
39912
39913
39914
39921
39923
39926
39932
39942
39947
39948
39949
39952
39956
39958
39973
39975
39977
39981
39991
39997
40001
40002
40011
40012
40020
40021
40024
40025
40026
40027
40031
40032
40038
40045
40058
40070
40071
40075
40079
40089
40090
40097
40111
40116
40119
40131
40134
40139
40141
40146
40147
40149
40152
40154
40160
40161
40163
40169
40170
40174
40180
40183
40197
40203
40207
40220
40226
40239
40242
40251
40258
40279
40280
40296
40302
40304
40308
40309
40310
40331
40333
40337
40342
40343
40347
40355
40356
40363
40364
40366
40374
40375
40376
40381
40395
40407
40415
40417
40424
40431
40436
40438
40439
40443
40445
40447
40449
40453
40462
40464
40466
40470
40473
40482
40485
40492
40496
40503
40511
40513
40514
40524
40526
40529
40531
40535
40538
40544
40547
40548
40551
40557
40560
40562
40563
40565
40566
40570
40578
40581
40587
40594
40596
40601
40604
40616
40619
40622
40637
40644
40646
40666
40670
40674
40687
40692
40698
40710
40714
40718
40725
40728
40730
40732
40741
40742
40746
40747
40751
40754
40757
40763
40767
40770
40774
40780
40791
40794
40795
40796
40801
40803
40808
40824
40825
40864
40871
40873
40875
40884
40885
40892
40893
40897
40903
40906
40911
40912
40914
40949
40951
40954
40961
40963
40976
40986
40995
41005
41008
41022
41024
41025
41038
41040
41058
41064
41082
41084
41087
41090
41091
41111
41116
41124
41128
41137
41144
41150
41152
41157
41158
41161
41163
41181
41188
41191
41199
41200
41205
41210
41214
41224
41227
41234
41247
41249
41272
41279
41282
41284
41300
41305
41315
41321
41323
41325
41326
41332
41335
41342
41347
41349
41355
41356
41357
41369
41386
41393
41394
41402
41406
41418
41421
41428
41429
41434
41440
41444
41451
41465
41470
41473
41475
41476
41481
41482
41485
41488
41490
41491
41492
41499
41509
41514
41519
41523
41524
41534
41549
41552
41555
41556
41557
41564
41565
41573
41574
41580
41592
41594
41597
41602
41603
41605
41609
41610
41624
41625
41629
41633
41639
41640
41642
41649
41651
41654
41656
41657
41662
41664
41686
41688
41715
41717
41725
41727
41738
41743
41748
41750
41755
41767
41779
41783
41792
41797
41800
41815
41820
41825
41827
41831
41833
41836
41838
41844
41845
41846
41852
41855
41864
41865
41870
41877
41880
41881
41894
41903
41907
41918
41921
41927
41944
41945
41947
41957
41969
41971
41975
41983
41998
42002
42008
42016
42026
42042
42044
42048
42049
42053
42063
42072
42080
42095
42098
42100
42106
42111
42115
42118
42122
42140
42141
42142
42144
42145
42148
42150
42153
42166
42167
42173
42180
42190
42194
42198
42203
42210
42212
42217
42218
42221
42226
42227
42235
42239
42243
42255
42261
42266
42276
42277
42282
42285
42288
42296
42303
42309
42310
42312
42315
42316
42317
42329
42331
42335
42336
42348
42350
42359
42360
42365
42371
42372
42373
42378
42381
42395
42400
42402
42403
42406
42409
42413
42414
42417
42427
42433
42434
42435
42437
42440
42447
42449
42450
42454
42456
42464
42466
42468
42476
42483
42484
42488
42489
42492
42506
42507
42520
42527
42528
42541
42549
42555
42560
42563
42573
42575
42576
42580
42582
42589
42599
42601
42617
42618
42620
42629
42640
42645
42649
42656
42658
42661
42662
42667
42672
42681
42695
42698
42699
42700
42713
42714
42716
42720
42735
42736
42742
42745
42753
42755
42763
42765
42767
42773
42774
42776
42782
42795
42796
42798
42799
42800
42805
42812
42818
42819
42823
42833
42843
42844
42848
42849
42851
42855
42864
42866
42867
42873
42876
42878
42883
42889
42891
42896
42909
42913
42931
42941
42946
42952
42957
42966
42982
42991
42996
43005
43014
43019
43020
43021
43027
43030
43033
43036
43038
43056
43077
43087
43088
43092
43103
43108
43113
43117
43121
43130
43131
43137
43139
43144
43148
43151
43152
43154
43161
43167
43168
43172
43174
43178
43180
43182
43191
43193
43207
43212
43214
43215
43218
43221
43226
43228
43235
43237
43246
43255
43259
43262
43263
43267
43277
43281
43291
43294
43298
43299
43301
43302
43309
43317
43323
43325
43331
43333
43343
43344
43347
43349
43358
43360
43366
43374
43382
43395
43396
43400
43406
43423
43425
43443
43445
43450
43452
43454
43456
43469
43475
43476
43480
43486
43495
43505
43507
43510
43521
43532
43534
43539
43544
43546
43549
43551
43552
43554
43555
43556
43557
43568
43572
43574
43575
43579
43591
43599
43614
43615
43616
43622
43625
43628
43635
43637
43648
43655
43656
43657
43660
43662
43663
43678
43689
43692
43703
43714
43728
43734
43735
43737
43747
43748
43751
43769
43776
43786
43790
43793
43795
43796
43798
43799
43805
43811
43812
43813
43817
43822
43833
43836
43837
43838
43852
43860
43862
43866
43869
43873
43877
43878
43881
43887
43889
43896
43899
43901
43902
43907
43912
43922
43927
43929
43932
43935
43938
43939
43940
43945
43966
43968
43970
43971
43978
44000
44002
44015
44028
44029
44030
44034
44037
44043
44044
44054
44072
44075
44077
44083
44084
44093
44094
44103
44106
44113
44114
44116
44118
44126
44129
44130
44133
44134
44139
44141
44156
44158
44160
44164
44166
44170
44184
44185
44186
44194
44199
44200
44222
44223
44230
44233
44250
44253
44258
44265
44271
44272
44279
44281
44292
44296
44301
44309
44322
44328
44334
44338
44345
44347
44349
44354
44356
44359
44362
44383
44394
44395
44396
44404
44406
44410
44413
44414
44416
44426
44431
44433
44436
44438
44439
44441
44448
44454
44458
44463
44480
44482
44487
44495
44497
44500
44502
44515
44526
44528
44533
44534
44536
44558
44561
44563
44568
44571
44587
44589
44592
44600
44604
44606
44611
44615
44616
44617
44621
44625
44628
44643
44658
44659
44662
44664
44669
44674
44684
44689
44695
44696
44699
44703
44707
44708
44713
44715
44721
44724
44738
44741
44744
44745
44746
44751
44755
44756
44757
44761
44763
44772
44773
44790
44795
44798
44799
44804
44806
44807
44811
44812
44815
44817
44822
44824
44829
44830
44836
44839
44840
44841
44854
44855
44871
44876
44880
44883
44887
44889
44902
44908
44913
44920
44940
44944
44950
44958
44965
44967
44969
44971
44975
44979
44987
44995
45020
45026
45027
45028
45036
45038
45040
45041
45047
45049
45051
45057
45062
45069
45070
45074
45075
45081
45083
45086
45092
45104
45106
45108
45110
45115
45117
45120
45125
45128
45129
45130
45135
45136
45143
45145
45146
45149
45156
45164
45166
45168
45169
45173
45175
45184
45187
45189
45202
45210
45218
45228
45233
45240
45245
45250
45255
45259
45267
45269
45271
45277
45280
45281
45293
45297
45305
45309
45314
45317
45325
45333
45334
45342
45344
45348
45351
45357
45360
45364
45373
45386
45390
45393
45395
45399
45402
45403
45417
45418
45419
45421
45425
45428
45431
45434
45437
45438
45445
45448
45467
45474
45483
45494
45502
45503
45510
45511
45517
45522
45525
45533
45535
45542
45544
45545
45558
45562
45564
45565
45570
45571
45577
45578
45585
45588
45592
45598
45618
45626
45629
45631
45632
45637
45638
45643
45653
45661
45664
45668
45670
45681
45683
45685
45696
45697
45701
45706
45712
45714
45738
45744
45754
45763
45766
45770
45780
45784
45795
45813
45815
45820
45826
45828
45837
45838
45840
45842
45846
45847
45851
45859
45860
45873
45874
45877
45885
45887
45893
45897
45907
45917
45934
45939
45940
45944
45952
45954
45963
45966
45980
45983
45984
45997
46000
46002
46008
46009
46011
46019
46032
46035
46042
46049
46061
46063
46067
46069
46075
46083
46084
46094
46100
46109
46116
46123
46126
46128
46135
46136
46137
46142
46145
46151
46158
46159
46161
46176
46178
46186
46191
46193
46195
46215
46218
46221
46230
46234
46236
46239
46241
46242
46245
46249
46250
46253
46260
46270
46271
46280
46292
46305
46306
46313
46321
46323
46325
46328
46329
46334
46337
46338
46343
46348
46351
46355
46359
46374
46377
46390
46394
46412
46418
46432
46444
46454
46461
46464
46466
46467
46468
46470
46471
46476
46480
46484
46485
46496
46497
46503
46508
46509
46511
46520
46523
46527
46528
46546
46547
46548
46556
46558
46560
46561
46564
46571
46576
46577
46585
46587
46590
46595
46601
46604
46608
46610
46616
46617
46630
46642
46652
46654
46664
46668
46671
46681
46682
46683
46685
46690
46702
46707
46708
46711
46713
46716
46724
46742
46745
46748
46754
46760
46765
46768
46780
46781
46787
46788
46792
46796
46797
46802
46803
46806
46812
46814
46816
46820
46827
46828
46831
46834
46836
46841
46845
46851
46874
46886
46893
46901
46912
46913
46929
46932
46938
46940
46946
46947
46950
46954
46956
46958
46975
46986
46988
46989
46992
46993
46998
47001
47010
47011
47013
47014
47016
47017
47019
47023
47026
47029
47031
47040
47042
47050
47052
47058
47059
47062
47065
47071
47073
47075
47081
47087
47089
47093
47094
47095
47096
47115
47127
47128
47130
47134
47135
47136
47139
47140
47149
47153
47165
47166
47167
47168
47169
47172
47174
47182
47187
47190
47192
47201
47202
47204
47206
47208
47215
47223
47229
47230
47237
47239
47242
47244
47247
47248
47251
47258
47259
47265
47277
47280
47281
47285
47291
47295
47307
47312
47316
47317
47319
47326
47328
47342
47346
47351
47352
47354
47359
47376
47379
47383
47388
47396
47405
47406
47411
47413
47419
47423
47425
47437
47442
47454
47462
47465
47466
47488
47495
47506
47510
47526
47529
47544
47553
47556
47557
47562
47567
47569
47588
47589
47595
47597
47601
47604
47606
47612
47625
47639
47648
47655
47663
47664
47665
47672
47676
47685
47686
47701
47710
47712
47716
47720
47728
47729
47730
47743
47744
47755
47756
47778
47785
47788
47791
47793
47795
47801
47803
47804
47805
47806
47808
47809
47811
47814
47815
47819
47823
47824
47829
47845
47849
47850
47857
47859
47860
47868
47880
47881
47882
47884
47888
47892
47901
47909
47931
47939
47942
47953
47956
47959
47965
47966
47971
47976
47978
47981
47985
47989
47993
47997
48001
48004
48008
48010
48014
48017
48027
48028
48041
48050
48051
48052
48063
48079
48080
48084
48086
48088
48091
48092
48094
48105
48106
48107
48108
48109
48114
48123
48129
48135
48137
48150
48154
48161
48169
48194
48196
48197
48198
48204
48205
48206
48209
48212
48216
48218
48228
48231
48238
48241
48251
48254
48255
48256
48259
48271
48274
48279
48280
48283
48290
48291
48295
48308
48310
48323
48324
48329
48340
48341
48347
48351
48360
48361
48363
48365
48369
48371
48379
48382
48384
48385
48387
48400
48405
48406
48414
48423
48430
48431
48447
48449
48454
48455
48469
48476
48486
48488
48490
48492
48494
48497
48498
48500
48506
48508
48512
48517
48518
48524
48538
48553
48566
48577
48581
48587
48588
48597
48599
48601
48604
48606
48612
48617
48630
48645
48659
48666
48675
48678
48682
48689
48693
48699
48715
48726
48727
48732
48751
48789
48800
48804
48810
48812
48814
48816
48819
48823
48832
48833
48836
48837
48839
48842
48851
48855
48861
48865
48869
48871
48872
48873
48880
48884
48888
48896
48900
48902
48906
48908
48909
48920
48930
48947
48954
48957
48970
48977
48985
49007
49009
49010
49015
49018
49025
49030
49035
49040
49041
49046
49060
49062
49068
49072
49073
49078
49079
49085
49088
49092
49094
49097
49104
49106
49108
49113
49115
49122
49123
49124
49135
49139
49141
49143
49147
49148
49149
49153
49154
49155
49160
49161
49163
49167
49175
49179
49181
49185
49188
49194
49198
49201
49208
49209
49216
49221
49222
49229
49232
49243
49246
49252
49255
49264
49266
49269
49279
49284
49287
49296
49298
49300
49303
49321
49329
49333
49334
49335
49337
49342
49343
49344
49349
49353
49357
49360
49371
49374
49381
49384
49389
49392
49397
49418
49423
49427
49428
49432
49441
49445
49449
49450
49452
49454
49457
49462
49472
49473
49476
49479
49493
49494
49496
49499
49500
49503
49508
49513
49524
49546
49563
49570
49578
49579
49584
49585
49587
49591
49603
49608
49613
49616
49619
49622
49626
49635
49636
49637
49640
49641
49652
49655
49657
49664
49668
49673
49684
49698
49701
49705
49708
49718
49723
49727
49733
49741
49745
49754
49758
49762
49763
49767
49768
49782
49786
49799
49801
49807
49810
49827
49833
49835
49844
49852
49856
49858
49864
49868
49874
49886
49888
49889
49892
49894
49896
49897
49910
49914
49916
49918
49920
49930
49940
49945
49976
49989
49999
