40
50
65
71
114
170
171
182
196
197
240
270
283
284
309
310
332
340
345
359
374
381
388
394
403
429
430
443
450
466
473
481
496
525
542
551
552
564
565
570
601
665
683
689
701
707
716
734
757
759
787
794
805
835
842
864
870
876
902
904
936
942
948
952
969
1071
1079
1157
1177
1182
1210
1223
1247
1252
1270
1289
1302
1306
1317
1324
1326
1342
1345
1391
1392
1435
1469
1480
1484
1502
1505
1551
1587
1590
1605
1609
1614
1619
1627
1644
1659
1660
1674
1684
1700
1707
1720
1726
1730
1742
1750
1754
1785
1794
1827
1829
1842
1908
1909
1961
1966
1995
2001
2023
2029
2041
2078
2084
2103
2125
2131
2144
2196
2223
2228
2248
2262
2277
2287
2308
2317
2325
2333
2354
2373
2414
2425
2443
2471
2478
2480
2485
2505
2511
2523
2528
2532
2534
2536
2574
2583
2588
2599
2601
2606
2628
2649
2656
2660
2663
2668
2680
2698
2700
2706
2719
2729
2732
2764
2769
2803
2844
2863
2864
2887
2891
2916
2924
2942
2983
3007
3010
3050
3053
3062
3087
3096
3098
3105
3114
3131
3158
3162
3163
3165
3172
3176
3208
3227
3232
3256
3285
3296
3320
3330
3336
3354
3356
3383
3423
3436
3451
3470
3472
3490
3493
3551
3592
3596
3598
3602
3608
3618
3621
3630
3633
3658
3669
3686
3690
3699
3759
3778
3784
3810
3812
3824
3827
3863
3868
3892
3906
3912
3918
3928
3945
3946
3947
3951
3961
3981
4000
4012
4031
4036
4062
4063
4089
4160
4174
4198
4199
4213
4217
4232
4250
4277
4280
4313
4314
4318
4323
4325
4340
4349
4356
4357
4420
4422
4439
4448
4452
4460
4487
4489
4496
4554
4569
4577
4601
4604
4630
4631
4650
4704
4707
4719
4734
4743
4750
4791
4802
4812
4837
4861
4869
4874
4888
4925
4929
4986
4991
4996
5002
5023
5046
5062
5082
5086
5111
5115
5117
5120
5161
5187
5198
5204
5206
5214
5218
5253
5254
5281
5385
5406
5407
5408
5417
5425
5427
5430
5453
5481
5503
5506
5537
5558
5559
5569
5571
5576
5599
5602
5609
5618
5639
5649
5653
5668
5706
5707
5711
5730
5737
5746
5748
5766
5770
5811
5818
5821
5837
5840
5850
5853
5864
5868
5905
5924
5929
5936
5941
5943
5958
5965
5968
5979
5984
6026
6032
6088
6091
6097
6108
6111
6164
6171
6194
6201
6204
6242
6248
6263
6275
6283
6306
6310
6311
6320
6327
6330
6353
6361
6362
6371
6394
6396
6417
6418
6439
6447
6462
6481
6495
6500
6524
6546
6552
6617
6649
6682
6688
6697
6710
6714
6721
6745
6788
6802
6813
6824
6828
6832
6838
6850
6863
6876
6878
6891
6909
6919
6937
6956
6961
6973
7009
7011
7015
7023
7036
7049
7076
7108
7109
7117
7126
7149
7164
7191
7197
7213
7225
7240
7243
7257
7281
7286
7321
7323
7325
7344
7402
7418
7446
7459
7472
7505
7536
7539
7551
7558
7576
7610
7613
7628
7639
7654
7663
7684
7691
7698
7709
7710
7722
7731
7753
7765
7766
7789
7793
7795
7814
7828
7883
7889
7894
7904
7912
7914
7916
7936
7941
7959
7966
7969
7970
7988
7990
7995
7997
8009
8030
8032
8070
8090
8091
8093
8099
8142
8203
8204
8241
8249
8255
8264
8269
8280
8286
8295
8332
8369
8374
8379
8380
8397
8409
8419
8424
8436
8445
8453
8454
8477
8517
8546
8560
8592
8594
8598
8637
8641
8664
8691
8728
8765
8802
8808
8809
8811
8815
8844
8873
8881
8893
8906
8925
8956
8968
9027
9028
9029
9107
9111
9131
9133
9138
9152
9167
9168
9171
9232
9240
9243
9249
9254
9279
9292
9296
9300
9316
9325
9361
9367
9370
9371
9396
9416
9432
9470
9491
9492
9496
9502
9529
9537
9558
9560
9569
9574
9577
9586
9593
9597
9600
9613
9619
9632
9635
9656
9678
9685
9700
9758
9778
9797
9813
9820
9885
9912
9929
9933
9951
9957
9966
9982
10004
10016
10017
10029
10034
10037
10058
10062
10074
10084
10114
10115
10150
10174
10176
10209
10230
10233
10302
10317
10337
10354
10365
10373
10375
10376
10396
10419
10435
10443
10452
10467
10493
10496
10532
10546
10594
10605
10610
10626
10630
10632
10654
10659
10667
10676
10684
10689
10715
10734
10746
10771
10780
10781
10790
10804
10807
10843
10867
10885
10893
10937
10942
10954
10967
10969
11082
11090
11116
11118
11122
11124
11125
11136
11155
11205
11218
11237
11312
11320
11328
11399
11403
11425
11429
11433
11434
11439
11446
11452
11467
11480
11506
11520
11560
11574
11657
11682
11725
11752
11762
11776
11781
11789
11795
11804
11806
11809
11840
11852
11863
11866
11881
11891
11896
11900
11912
11913
11926
11939
11971
11973
11978
11996
12008
12029
12045
12054
12063
12072
12083
12093
12095
12107
12146
12147
12229
12240
12281
12309
12319
12320
12342
12377
12378
12394
12418
12420
12474
12475
12478
12482
12484
12489
12492
12493
12508
12527
12540
12560
12589
12660
12674
12682
12692
12697
12701
12774
12804
12824
12836
12881
12888
12924
12925
12949
12977
13018
13036
13059
13062
13088
13115
13130
13194
13196
13201
13205
13219
13235
13247
13275
13284
13316
13325
13344
13350
13358
13375
13387
13400
13417
13435
13441
13487
13516
13552
13595
13636
13672
13673
13698
13732
13766
13815
13824
13831
13877
13879
13928
13929
13970
13976
13996
14005
14012
14034
14060
14067
14078
14081
14086
14106
14160
14174
14193
14217
14232
14255
14259
14286
14289
14306
14308
14358
14372
14386
14393
14395
14403
14410
14412
14505
14512
14514
14518
14538
14549
14554
14611
14618
14621
14627
14645
14649
14650
14659
14664
14742
14754
14759
14794
14836
14841
14865
14880
14885
14889
14911
14918
14958
14962
15008
15021
15029
15056
15062
15080
15087
15093
15100
15124
15149
15169
15172
15185
15221
15270
15339
15340
15348
15356
15357
15378
15391
15395
15425
15442
15476
15490
15517
15526
15546
15558
15582
15583
15587
15603
15613
15618
15634
15651
15666
15686
15711
15738
15740
15751
15807
15842
15861
15873
15878
15899
15904
15941
15967
15979
15989
15997
16004
16041
16042
16067
16074
16075
16088
16096
16123
16132
16133
16148
16161
16176
16177
16193
16213
16224
16225
16242
16256
16281
16288
16291
16315
16337
16363
16369
16379
16421
16435
16446
16447
16452
16459
16472
16485
16512
16547
16608
16609
16611
16621
16654
16694
16695
16754
16773
16786
16810
16828
16833
16857
16860
16862
16872
16908
16934
17016
17022
17034
17048
17064
17071
17084
17100
17110
17120
17121
17149
17166
17168
17183
17199
17206
17209
17252
17263
17271
17294
17334
17336
17343
17365
17375
17386
17391
17393
17414
17417
17482
17492
17493
17524
17554
17561
17580
17610
17649
17657
17658
17667
17669
17671
17685
17716
17763
17773
17815
17834
17844
17874
17875
17883
17890
17903
17926
17953
17959
17973
17991
18027
18055
18067
18089
18101
18105
18132
18135
18157
18196
18247
18251
18258
18263
18272
18283
18317
18335
18352
18383
18417
18434
18435
18449
18454
18474
18476
18480
18506
18510
18519
18526
18530
18570
18579
18591
18600
18601
18620
18624
18625
18648
18671
18673
18685
18687
18695
18700
18724
18742
18768
18788
18803
18810
18832
18844
18848
18849
18852
18886
18893
18897
18899
18908
18910
18932
18936
18945
18965
18985
18995
18998
19008
19010
19017
19030
19034
19053
19072
19089
19179
19185
19222
19227
19233
19242
19244
19259
19295
19304
19310
19342
19364
19365
19377
19392
19394
19400
19441
19448
19458
19492
19504
19511
19522
19533
19537
19554
19574
19591
19626
19655
19663
19681
19685
19700
19706
19716
19717
19721
19749
19760
19766
19769
19774
19803
19811
19831
19846
19877
19887
19922
19929
19971
19990
20010
20013
20014
20025
20058
20060
20099
20104
20141
20171
20174
20179
20242
20255
20272
20282
20303
20304
20311
20331
20347
20351
20356
20378
20398
20423
20426
20461
20467
20482
20488
20511
20548
20556
20562
20566
20583
20597
20603
20622
20649
20683
20689
20712
20721
20731
20735
20743
20777
20794
20795
20817
20852
20866
20874
20878
20885
20893
20922
20950
20992
21015
21049
21057
21075
21082
21086
21087
21136
21171
21203
21212
21223
21227
21234
21270
21276
21298
21317
21323
21355
21363
21371
21415
21445
21460
21477
21481
21491
21492
21516
21528
21534
21551
21575
21591
21599
21600
21603
21616
21636
21639
21658
21684
21704
21744
21752
21757
21778
21783
21803
21824
21897
21932
21949
21956
21976
21983
22065
22089
22102
22107
22110
22122
22130
22149
22150
22174
22187
22190
22207
22211
22225
22229
22265
22267
22281
22320
22325
22328
22341
22359
22374
22392
22399
22407
22429
22438
22477
22478
22494
22528
22536
22540
22542
22564
22568
22572
22604
22626
22636
22692
22703
22714
22747
22816
22819
22823
22827
22876
22889
22892
22895
22905
22918
22927
22976
22988
23002
23007
23014
23053
23055
23074
23077
23120
23128
23154
23175
23185
23191
23209
23231
23232
23248
23250
23268
23296
23308
23332
23336
23369
23371
23372
23399
23403
23459
23466
23484
23519
23523
23530
23539
23552
23554
23562
23566
23586
23590
23592
23604
23612
23632
23656
23672
23681
23727
23737
23739
23740
23788
23797
23823
23830
23851
23868
23873
23886
23895
23909
23927
23944
23950
23952
23954
23962
23972
23979
23994
24013
24030
24038
24039
24040
24053
24056
24073
24074
24087
24096
24151
24162
24178
24179
24211
24231
24233
24242
24249
24270
24276
24277
24280
24308
24327
24330
24338
24339
24373
24374
24375
24380
24401
24402
24410
24411
24423
24483
24487
24490
24493
24521
24544
24546
24574
24590
24606
24617
24639
24641
24659
24671
24685
24689
24713
24718
24719
24757
24807
24818
24823
24826
24844
24847
24852
24857
24861
24864
24891
24942
24961
24966
24979
24986
24989
24996
25019
25026
25061
25063
25081
25084
25090
25093
25100
25114
25173
25239
25252
25268
25296
25305
25315
25345
25348
25378
25384
25389
25396
25399
25406
25419
25458
25461
25462
25506
25515
25529
25560
25568
25586
25594
25630
25632
25644
25647
25685
25712
25741
25774
25785
25787
25795
25807
25839
25861
25898
25913
25947
25950
25969
25975
25995
26013
26034
26071
26079
26139
26143
26188
26208
26213
26243
26277
26282
26288
26298
26300
26302
26303
26309
26335
26357
26398
26430
26457
26475
26509
26521
26524
26526
26537
26541
26558
26568
26577
26583
26618
26648
26703
26722
26727
26728
26733
26740
26752
26794
26803
26818
26849
26851
26868
26910
26915
26924
26926
27015
27033
27075
27080
27122
27147
27170
27181
27186
27187
27204
27209
27221
27222
27225
27266
27287
27310
27321
27329
27338
27348
27364
27367
27386
27392
27395
27397
27404
27432
27435
27453
27463
27510
27512
27558
27574
27576
27577
27624
27662
27676
27703
27745
27781
27788
27793
27834
27839
27863
27895
27936
27980
28033
28041
28063
28067
28076
28079
28085
28093
28160
28183
28184
28200
28202
28217
28229
28232
28233
28343
28382
28385
28405
28439
28480
28484
28505
28506
28516
28565
28572
28585
28609
28610
28628
28658
28668
28672
28681
28684
28687
28694
28696
28730
28750
28755
28756
28760
28782
28796
28810
28816
28856
28866
28887
28896
28911
28919
28929
28940
28950
28958
28975
28978
28999
29002
29036
29044
29050
29053
29055
29077
29080
29090
29110
29132
29147
29150
29155
29160
29186
29208
29218
29244
29257
29259
29292
29338
29344
29350
29356
29397
29412
29417
29429
29438
29449
29457
29461
29465
29507
29517
29524
29528
29546
29571
29592
29594
29619
29629
29635
29650
29659
29732
29791
29800
29807
29840
29848
29860
29873
29886
29890
29904
29915
29920
29949
29958
29975
29983
30002
30004
30005
30006
30021
30033
30045
30048
30071
30072
30107
30119
30141
30153
30169
30226
30285
30297
30335
30342
30348
30350
30352
30394
30397
30428
30466
30474
30484
30486
30489
30490
30505
30521
30527
30558
30599
30622
30630
30632
30634
30635
30659
30664
30675
30725
30756
30791
30793
30800
30820
30822
30855
30856
30858
30878
30880
30917
30923
30924
30939
30941
30951
30972
30987
31024
31037
31038
31039
31056
31066
31079
31087
31096
31107
31137
31144
31167
31172
31178
31181
31182
31206
31253
31271
31323
31331
31346
31352
31386
31389
31392
31398
31426
31462
31465
31469
31478
31479
31487
31501
31506
31510
31518
31531
31547
31557
31561
31563
31588
31605
31607
31618
31623
31629
31637
31679
31701
31719
31773
31775
31780
31785
31791
31798
31801
31805
31818
31831
31835
31852
31866
31878
31881
31903
31905
31906
31910
31940
31946
32005
32009
32022
32025
32044
32046
32050
32058
32059
32063
32086
32106
32153
32173
32180
32183
32186
32187
32230
32253
32255
32260
32266
32275
32282
32343
32367
32380
32436
32443
32444
32465
32469
32555
32567
32584
32593
32605
32624
32627
32642
32675
32682
32694
32706
32728
32742
32758
32770
32800
32801
32811
32822
32856
32884
32908
32913
32941
32967
33012
33054
33063
33083
33101
33104
33114
33115
33155
33178
33195
33198
33216
33220
33228
33232
33242
33255
33258
33260
33283
33317
33348
33350
33352
33355
33364
33369
33378
33379
33391
33427
33448
33454
33512
33531
33558
33562
33580
33597
33614
33645
33687
33689
33706
33719
33720
33728
33729
33731
33802
33821
33825
33865
33872
33877
33887
33910
33926
33940
33944
33960
33987
34007
34012
34040
34062
34068
34073
34080
34092
34098
34115
34117
34143
34146
34157
34170
34171
34173
34196
34216
34218
34228
34236
34238
34240
34261
34268
34275
34299
34351
34374
34380
34382
34493
34508
34510
34515
34532
34533
34541
34544
34553
34572
34573
34578
34580
34585
34606
34613
34624
34646
34648
34666
34685
34706
34753
34775
34776
34778
34800
34803
34828
34842
34860
34870
34911
34920
34933
34943
34971
34975
35045
35051
35063
35077
35080
35184
35194
35205
35215
35218
35222
35303
35324
35326
35329
35356
35357
35363
35381
35396
35407
35413
35426
35444
35454
35465
35468
35482
35484
35488
35506
35509
35552
35596
35632
35633
35643
35659
35667
35688
35700
35709
35732
35749
35765
35766
35775
35808
35822
35829
35833
35841
35847
35856
35912
35917
35924
35930
35937
36003
36015
36042
36046
36065
36077
36139
36163
36168
36177
36189
36235
36237
36268
36279
36299
36315
36324
36347
36380
36391
36395
36439
36457
36510
36531
36536
36549
36552
36566
36575
36578
36589
36602
36604
36619
36643
36651
36673
36706
36723
36739
36741
36756
36768
36796
36846
36848
36943
36951
36966
36967
36993
36996
37023
37041
37045
37055
37087
37141
37146
37167
37170
37171
37203
37212
37218
37220
37237
37238
37242
37247
37256
37262
37269
37275
37299
37333
37359
37366
37395
37409
37427
37429
37432
37435
37446
37449
37458
37468
37502
37550
37554
37569
37602
37604
37606
37654
37655
37659
37670
37693
37698
37710
37712
37728
37738
37740
37761
37762
37765
37780
37787
37796
37812
37819
37820
37850
37877
37878
37909
37918
37924
37942
37946
37949
37982
37987
37989
38003
38029
38041
38065
38081
38090
38114
38117
38122
38136
38182
38189
38194
38196
38219
38223
38263
38342
38359
38415
38426
38428
38438
38445
38451
38462
38479
38497
38504
38552
38561
38562
38563
38568
38585
38590
38618
38625
38642
38656
38658
38664
38668
38686
38708
38713
38736
38748
38756
38785
38791
38833
38871
38889
38945
38954
38968
38973
38976
38990
39033
39092
39106
39136
39155
39175
39176
39219
39239
39243
39250
39256
39270
39273
39279
39292
39299
39303
39313
39314
39353
39358
39376
39382
39401
39426
39431
39447
39461
39463
39506
39515
39522
39528
39536
39574
39604
39606
39643
39644
39675
39677
39687
39718
39719
39731
39755
39758
39762
39763
39815
39830
39838
39849
39852
39871
39872
39890
39922
39948
39955
39962
40006
40022
40045
40048
40056
40086
40094
40111
40121
40133
40160
40168
40173
40176
40181
40191
40206
40221
40222
40225
40228
40244
40254
40270
40294
40299
40311
40322
40326
40332
40344
40349
40355
40406
40418
40426
40461
40466
40501
40544
40560
40566
40568
40578
40608
40676
40693
40712
40723
40736
40769
40773
40774
40808
40818
40861
40864
40867
40869
40900
40919
40971
40985
41057
41061
41062
41069
41071
41097
41104
41120
41122
41137
41144
41145
41165
41203
41237
41243
41253
41257
41260
41316
41318
41330
41340
41359
41364
41368
41369
41376
41440
41463
41496
41511
41523
41548
41557
41569
41575
41584
41647
41649
41668
41748
41758
41792
41801
41815
41833
41851
41859
41861
41871
41877
41898
41899
41900
41920
41949
41961
41966
41987
41992
42015
42044
42102
42116
42132
42137
42165
42169
42185
42203
42210
42226
42238
42303
42314
42320
42321
42340
42348
42350
42392
42394
42413
42479
42485
42501
42505
42537
42587
42591
42625
42654
42657
42662
42689
42732
42769
42771
42778
42832
42840
42851
42865
42895
42900
42909
42939
42951
42953
42958
42964
42992
43014
43041
43045
43063
43084
43090
43107
43142
43144
43164
43183
43184
43190
43191
43220
43227
43246
43249
43262
43263
43279
43290
43299
43309
43317
43331
43346
43358
43372
43397
43420
43422
43452
43454
43455
43475
43490
43509
43517
43523
43555
43581
43593
43595
43612
43618
43658
43725
43757
43767
43774
43784
43796
43816
43819
43845
43853
43861
43906
43927
43933
43943
43956
43966
43968
43983
44010
44017
44030
44038
44072
44095
44108
44109
44114
44135
44171
44172
44204
44218
44229
44334
44371
44388
44398
44402
44416
44422
44442
44448
44459
44473
44480
44495
44523
44528
44531
44541
44548
44574
44592
44600
44604
44608
44628
44646
44652
44659
44692
44729
44740
44762
44777
44791
44808
44873
44877
44886
44889
44901
44905
44943
44962
44991
44993
45021
45039
45042
45048
45096
45101
45113
45138
45160
45202
45215
45223
45247
45255
45260
45265
45293
45316
45321
45351
45381
45383
45393
45399
45408
45421
45422
45442
45490
45500
45510
45540
45546
45552
45557
45572
45581
45680
45686
45690
45691
45696
45703
45725
45733
45746
45761
45765
45769
45772
45782
45794
45809
45841
45866
45878
45884
45889
45912
45917
45930
45985
46008
46016
46024
46037
46041
46056
46067
46075
46087
46088
46098
46109
46139
46143
46155
46159
46166
46171
46186
46205
46250
46252
46263
46273
46276
46308
46315
46338
46386
46398
46400
46407
46413
46424
46425
46444
46451
46478
46507
46510
46518
46519
46563
46579
46609
46623
46642
46708
46713
46717
46725
46727
46764
46789
46797
46814
46824
46856
46875
46887
46911
46915
46931
46944
46946
46948
46962
46968
46987
46994
47006
47031
47061
47063
47064
47102
47126
47159
47161
47167
47169
47187
47199
47242
47250
47262
47263
47279
47296
47303
47305
47310
47325
47353
47355
47368
47372
47373
47375
47381
47386
47391
47416
47418
47443
47444
47456
47462
47485
47500
47522
47526
47529
47536
47543
47606
47645
47673
47701
47702
47718
47723
47724
47753
47770
47799
47801
47843
47906
47915
47949
47953
47958
47983
47995
48000
48007
48010
48023
48038
48108
48138
48161
48192
48199
48201
48207
48215
48223
48244
48256
48264
48271
48287
48295
48305
48310
48352
48354
48373
48379
48386
48413
48448
48465
48484
48501
48506
48564
48575
48585
48598
48603
48625
48627
48645
48648
48662
48668
48686
48690
48695
48731
48755
48774
48790
48801
48814
48830
48833
48848
48862
48899
48932
48940
48951
48958
48959
48961
48985
49009
49016
49033
49041
49043
49062
49073
49111
49113
49126
49139
49140
49142
49177
49194
49202
49214
49217
49220
49221
49223
49256
49257
49286
49295
49312
49313
49344
49352
49389
49391
49436
49458
49483
49497
49503
49510
49551
49567
49589
49634
49639
49651
49652
49670
49674
49675
49706
49749
49772
49803
49825
49838
49895
49913
49914
49923
49945
49970
49982
49994
--------
6
11
38
40
50
58
65
71
94
95
114
124
125
137
170
171
182
192
193
196
197
211
218
240
256
270
283
284
295
309
310
332
340
345
349
359
366
374
377
381
388
394
403
429
430
443
450
453
466
470
473
481
496
505
513
521
525
529
542
549
551
552
564
565
570
590
598
601
604
606
657
665
666
683
689
695
701
707
716
718
730
733
734
745
757
759
787
794
805
834
835
842
864
869
870
876
879
888
902
904
921
934
936
942
948
949
952
969
971
985
995
1022
1071
1079
1157
1173
1177
1182
1194
1202
1210
1223
1247
1248
1252
1270
1289
1301
1302
1306
1314
1317
1324
1326
1342
1345
1346
1368
1373
1388
1391
1392
1397
1402
1406
1435
1448
1461
1466
1469
1480
1484
1502
1505
1509
1516
1533
1551
1554
1555
1559
1568
1587
1590
1605
1609
1614
1616
1619
1627
1644
1659
1660
1674
1678
1683
1684
1700
1703
1705
1707
1720
1722
1726
1730
1733
1742
1750
1754
1785
1794
1799
1804
1817
1827
1829
1842
1853
1866
1873
1890
1903
1908
1909
1910
1935
1961
1964
1966
1988
1989
1995
2000
2001
2023
2029
2041
2055
2078
2084
2100
2103
2105
2117
2124
2125
2129
2131
2138
2144
2175
2177
2190
2196
2223
2228
2235
2248
2261
2262
2277
2287
2308
2312
2317
2325
2333
2339
2352
2354
2373
2391
2414
2425
2443
2471
2478
2480
2485
2486
2505
2511
2522
2523
2528
2531
2532
2534
2536
2552
2556
2574
2583
2585
2587
2588
2599
2601
2606
2607
2628
2649
2656
2660
2663
2664
2668
2680
2686
2698
2700
2706
2719
2725
2729
2732
2761
2764
2767
2769
2773
2787
2796
2803
2804
2844
2851
2858
2863
2864
2872
2887
2891
2894
2899
2901
2916
2917
2924
2942
2951
2963
2972
2977
2981
2983
3007
3010
3013
3033
3050
3053
3056
3061
3062
3081
3087
3096
3098
3105
3106
3114
3127
3131
3151
3158
3162
3163
3165
3172
3176
3208
3220
3227
3232
3256
3260
3281
3285
3290
3296
3308
3320
3330
3334
3336
3354
3356
3383
3423
3436
3451
3470
3472
3487
3490
3493
3494
3505
3513
3524
3551
3585
3592
3596
3598
3602
3608
3618
3621
3630
3633
3641
3658
3659
3669
3680
3686
3690
3694
3696
3699
3714
3744
3759
3768
3778
3779
3781
3784
3791
3810
3812
3824
3827
3835
3856
3863
3868
3892
3894
3906
3912
3918
3925
3926
3928
3932
3934
3945
3946
3947
3951
3961
3981
3983
4000
4012
4025
4031
4036
4050
4051
4062
4063
4089
4102
4141
4151
4160
4161
4168
4174
4177
4186
4191
4198
4199
4207
4213
4217
4232
4241
4250
4263
4277
4280
4303
4313
4314
4318
4323
4325
4332
4335
4340
4349
4356
4357
4390
4404
4420
4422
4439
4448
4452
4460
4461
4487
4489
4496
4504
4516
4554
4558
4569
4577
4585
4598
4601
4604
4606
4628
4630
4631
4650
4658
4659
4661
4668
4679
4704
4705
4707
4719
4734
4743
4750
4751
4770
4786
4791
4795
4802
4812
4814
4816
4837
4861
4862
4869
4874
4876
4888
4922
4925
4929
4932
4940
4986
4991
4996
5002
5023
5044
5046
5062
5082
5086
5091
5110
5111
5115
5117
5119
5120
5161
5182
5187
5198
5204
5206
5214
5215
5218
5220
5240
5253
5254
5281
5321
5385
5395
5396
5406
5407
5408
5417
5425
5427
5430
5453
5481
5503
5506
5529
5537
5558
5559
5569
5571
5575
5576
5599
5602
5609
5612
5618
5639
5643
5649
5653
5666
5668
5706
5707
5711
5724
5730
5732
5737
5745
5746
5748
5750
5766
5770
5792
5805
5811
5818
5821
5831
5837
5840
5850
5853
5864
5868
5872
5888
5905
5912
5924
5929
5936
5941
5943
5955
5958
5965
5968
5979
5984
5998
6026
6032
6033
6036
6057
6088
6091
6097
6108
6111
6121
6140
6164
6171
6176
6194
6201
6204
6216
6227
6231
6242
6248
6259
6260
6261
6263
6275
6281
6283
6290
6295
6306
6310
6311
6320
6326
6327
6330
6337
6353
6360
6361
6362
6371
6394
6396
6412
6417
6418
6439
6447
6462
6481
6495
6498
6499
6500
6513
6524
6531
6546
6552
6587
6611
6617
6623
6649
6652
6657
6682
6688
6697
6703
6710
6714
6721
6737
6745
6772
6787
6788
6791
6792
6793
6802
6813
6824
6825
6828
6832
6838
6850
6863
6876
6878
6891
6904
6909
6919
6934
6937
6956
6958
6961
6970
6973
6991
7009
7011
7015
7023
7030
7036
7048
7049
7076
7081
7084
7104
7108
7109
7117
7126
7141
7142
7143
7147
7149
7164
7191
7196
7197
7213
7225
7239
7240
7243
7249
7257
7281
7286
7314
7321
7323
7325
7338
7344
7354
7359
7401
7402
7403
7418
7446
7457
7459
7461
7472
7492
7493
7505
7507
7514
7518
7536
7539
7545
7551
7558
7573
7576
7596
7610
7612
7613
7625
7628
7639
7654
7663
7670
7677
7684
7691
7698
7709
7710
7722
7731
7753
7765
7766
7789
7792
7793
7795
7799
7814
7824
7828
7873
7874
7876
7881
7883
7889
7891
7894
7902
7904
7910
7912
7914
7916
7936
7937
7941
7949
7951
7953
7955
7959
7966
7969
7970
7988
7990
7995
7997
8009
8030
8032
8046
8048
8070
8081
8090
8091
8093
8099
8101
8142
8168
8203
8204
8241
8245
8249
8251
8255
8264
8269
8280
8286
8295
8332
8353
8369
8374
8375
8379
8380
8395
8397
8408
8409
8419
8424
8428
8434
8435
8436
8445
8453
8454
8458
8477
8486
8517
8546
8547
8560
8563
8592
8594
8598
8601
8614
8637
8641
8649
8664
8678
8691
8721
8728
8739
8765
8782
8784
8802
8808
8809
8811
8815
8832
8844
8854
8873
8874
8881
8893
8906
8911
8925
8956
8961
8968
8974
8995
9027
9028
9029
9036
9071
9072
9086
9094
9099
9107
9111
9115
9128
9131
9133
9138
9139
9152
9167
9168
9171
9213
9232
9240
9243
9249
9254
9262
9279
9292
9296
9300
9316
9325
9337
9344
9355
9356
9361
9367
9370
9371
9393
9396
9397
9416
9432
9460
9470
9486
9491
9492
9496
9502
9504
9527
9529
9532
9535
9537
9558
9560
9569
9574
9577
9586
9593
9597
9598
9600
9608
9613
9617
9619
9632
9635
9648
9656
9670
9678
9681
9685
9691
9700
9758
9778
9779
9797
9813
9820
9832
9885
9888
9889
9896
9899
9902
9912
9929
9933
9951
9957
9966
9967
9981
9982
9997
9999
10002
10004
10014
10016
10017
10029
10034
10037
10049
10058
10062
10074
10084
10114
10115
10139
10150
10152
10174
10176
10191
10209
10230
10233
10235
10243
10302
10317
10318
10324
10337
10354
10356
10365
10373
10375
10376
10392
10396
10410
10419
10421
10423
10424
10435
10437
10443
10452
10467
10474
10479
10492
10493
10496
10509
10518
10532
10546
10554
10561
10580
10594
10605
10610
10626
10628
10630
10632
10640
10654
10659
10667
10676
10684
10689
10692
10699
10715
10716
10726
10731
10734
10735
10744
10746
10767
10771
10778
10779
10780
10781
10783
10790
10793
10804
10807
10813
10843
10867
10868
10885
10893
10899
10937
10942
10954
10967
10969
10973
10976
10981
11005
11030
11043
11059
11082
11090
11091
11101
11116
11118
11122
11124
11125
11136
11152
11155
11205
11213
11214
11218
11235
11237
11241
11247
11312
11320
11328
11350
11381
11388
11399
11403
11425
11429
11433
11434
11439
11446
11452
11467
11480
11483
11500
11505
11506
11520
11560
11567
11574
11597
11657
11682
11725
11729
11747
11752
11762
11776
11781
11785
11789
11795
11804
11806
11809
11840
11852
11863
11866
11869
11872
11880
11881
11891
11896
11900
11912
11913
11926
11939
11944
11952
11956
11969
11971
11973
11978
11996
12008
12029
12045
12054
12063
12072
12083
12093
12095
12107
12112
12138
12146
12147
12155
12229
12234
12236
12240
12253
12275
12281
12309
12313
12319
12320
12330
12342
12345
12377
12378
12383
12386
12394
12409
12418
12420
12474
12475
12478
12482
12484
12489
12492
12493
12497
12508
12512
12524
12527
12530
12540
12555
12560
12570
12589
12594
12596
12660
12661
12663
12664
12667
12672
12674
12682
12692
12697
12701
12734
12736
12774
12804
12806
12809
12816
12824
12836
12868
12881
12888
12924
12925
12943
12949
12977
12988
13018
13023
13030
13036
13037
13041
13059
13060
13062
13088
13115
13129
13130
13144
13177
13185
13194
13196
13201
13205
13217
13219
13235
13237
13241
13247
13260
13275
13284
13289
13307
13316
13322
13325
13344
13350
13358
13375
13376
13387
13400
13417
13420
13430
13435
13436
13441
13443
13450
13476
13480
13487
13502
13516
13552
13554
13555
13573
13582
13586
13595
13598
13610
13636
13639
13669
13672
13673
13676
13698
13720
13732
13746
13750
13766
13784
13809
13810
13815
13824
13831
13853
13855
13863
13877
13879
13886
13893
13910
13916
13925
13928
13929
13942
13959
13970
13976
13979
13988
13996
14003
14005
14008
14012
14034
14044
14059
14060
14067
14071
14078
14081
14086
14104
14106
14157
14160
14174
14184
14187
14193
14194
14196
14217
14232
14255
14259
14262
14268
14286
14289
14306
14308
14358
14371
14372
14379
14386
14393
14395
14403
14410
14412
14464
14471
14487
14505
14512
14514
14518
14538
14549
14554
14575
14611
14618
14621
14627
14632
14645
14649
14650
14652
14658
14659
14664
14677
14678
14742
14754
14759
14794
14836
14841
14853
14859
14865
14870
14880
14885
14889
14904
14911
14918
14925
14939
14956
14958
14962
14981
15008
15010
15021
15029
15056
15062
15072
15080
15082
15087
15093
15100
15105
15112
15124
15149
15165
15169
15172
15185
15192
15221
15231
15242
15253
15270
15289
15337
15339
15340
15348
15356
15357
15365
15378
15391
15395
15398
15412
15425
15426
15436
15438
15442
15450
15459
15471
15476
15482
15490
15517
15526
15539
15542
15546
15555
15556
15558
15582
15583
15587
15602
15603
15613
15618
15634
15641
15651
15655
15666
15685
15686
15710
15711
15738
15740
15751
15761
15779
15782
15791
15807
15813
15834
15842
15844
15861
15862
15873
15878
15899
15904
15910
15941
15962
15967
15974
15979
15983
15985
15989
15997
16002
16004
16041
16042
16046
16047
16067
16074
16075
16081
16088
16096
16104
16123
16132
16133
16135
16148
16161
16167
16168
16176
16177
16192
16193
16196
16206
16210
16213
16224
16225
16242
16250
16256
16259
16281
16288
16291
16315
16316
16317
16323
16337
16346
16352
16354
16363
16369
16379
16393
16406
16407
16410
16421
16435
16446
16447
16452
16455
16459
16472
16485
16512
16523
16533
16545
16547
16608
16609
16611
16621
16645
16649
16654
16672
16675
16683
16693
16694
16695
16754
16756
16764
16768
16770
16773
16776
16786
16798
16802
16810
16811
16827
16828
16831
16833
16857
16860
16862
16872
16890
16908
16921
16924
16926
16934
16935
16946
16977
16995
16998
17016
17022
17034
17048
17059
17064
17071
17072
17076
17084
17092
17100
17102
17110
17111
17119
17120
17121
17131
17149
17164
17166
17168
17183
17199
17206
17209
17222
17231
17248
17252
17263
17271
17281
17282
17283
17294
17334
17336
17343
17350
17365
17375
17386
17390
17391
17393
17402
17414
17415
17417
17482
17488
17492
17493
17503
17505
17524
17534
17539
17554
17561
17580
17609
17610
17611
17619
17635
17649
17651
17657
17658
17659
17667
17669
17671
17685
17698
17711
17716
17763
17764
17773
17787
17794
17795
17815
17834
17844
17874
17875
17883
17890
17903
17926
17928
17953
17959
17965
17973
17991
18011
18018
18021
18027
18043
18052
18055
18057
18067
18076
18084
18089
18101
18105
18116
18117
18122
18127
18132
18135
18157
18196
18197
18247
18251
18254
18258
18263
18272
18283
18301
18317
18335
18343
18352
18353
18366
18379
18383
18394
18402
18417
18420
18427
18429
18434
18435
18437
18449
18454
18474
18476
18480
18483
18490
18498
18506
18510
18511
18519
18526
18530
18570
18579
18591
18600
18601
18612
18620
18624
18625
18646
18648
18671
18673
18678
18680
18685
18687
18695
18696
18697
18700
18724
18742
18768
18788
18796
18803
18810
18832
18844
18848
18849
18852
18861
18886
18893
18895
18897
18899
18908
18910
18932
18936
18945
18965
18985
18988
18991
18995
18998
19008
19010
19017
19030
19034
19053
19068
19072
19089
19122
19161
19169
19179
19185
19200
19222
19227
19233
19242
19244
19253
19259
19295
19300
19301
19304
19310
19318
19330
19342
19357
19364
19365
19377
19389
19392
19394
19400
19415
19441
19448
19458
19492
19504
19511
19522
19523
19530
19532
19533
19536
19537
19554
19557
19574
19579
19580
19591
19608
19626
19655
19663
19681
19685
19700
19706
19716
19717
19721
19747
19749
19760
19766
19769
19774
19779
19793
19803
19811
19831
19841
19842
19846
19857
19877
19885
19887
19892
19921
19922
19929
19933
19971
19987
19990
20006
20010
20013
20014
20025
20035
20058
20060
20062
20093
20099
20104
20141
20145
20148
20171
20174
20179
20193
20212
20231
20242
20255
20264
20272
20282
20284
20295
20302
20303
20304
20311
20331
20347
20351
20356
20362
20378
20391
20398
20423
20426
20428
20437
20451
20461
20464
20467
20482
20488
20495
20505
20511
20519
20548
20556
20562
20566
20569
20570
20575
20583
20590
20594
20597
20603
20615
20622
20628
20649
20652
20659
20672
20683
20689
20709
20712
20721
20727
20731
20735
20743
20761
20771
20777
20787
20788
20794
20795
20811
20815
20817
20834
20837
20840
20848
20852
20853
20866
20872
20874
20878
20885
20892
20893
20922
20932
20950
20978
20980
20992
21015
21017
21035
21048
21049
21057
21059
21075
21076
21082
21084
21086
21087
21109
21136
21156
21171
21189
21203
21212
21223
21227
21234
21242
21270
21276
21298
21317
21319
21323
21345
21355
21359
21361
21363
21371
21381
21382
21387
21397
21415
21445
21455
21456
21460
21477
21481
21491
21492
21500
21516
21528
21534
21551
21575
21591
21599
21600
21603
21605
21616
21617
21625
21628
21629
21636
21639
21658
21684
21696
21701
21704
21722
21744
21752
21757
21767
21778
21783
21785
21803
21824
21830
21877
21890
21897
21900
21902
21911
21932
21938
21942
21946
21949
21954
21956
21957
21976
21983
22012
22034
22048
22064
22065
22081
22084
22089
22102
22107
22110
22122
22130
22135
22143
22144
22149
22150
22174
22180
22187
22190
22195
22207
22211
22225
22229
22251
22263
22265
22267
22281
22320
22325
22328
22332
22335
22341
22349
22359
22372
22374
22392
22399
22407
22429
22438
22439
22477
22478
22480
22494
22513
22514
22528
22536
22540
22542
22554
22564
22568
22572
22604
22626
22636
22670
22675
22676
22692
22703
22708
22714
22747
22749
22756
22758
22798
22816
22819
22823
22825
22827
22851
22859
22876
22885
22889
22892
22895
22897
22898
22905
22910
22914
22918
22919
22922
22927
22942
22967
22976
22988
23000
23002
23007
23014
23053
23055
23061
23068
23074
23077
23101
23120
23123
23128
23147
23154
23161
23168
23175
23179
23185
23191
23209
23225
23231
23232
23234
23248
23250
23268
23280
23289
23296
23308
23311
23330
23332
23336
23339
23347
23369
23371
23372
23376
23381
23399
23403
23413
23428
23441
23453
23459
23466
23484
23493
23519
23523
23530
23533
23539
23552
23554
23562
23566
23568
23586
23588
23590
23592
23604
23607
23612
23622
23632
23648
23653
23656
23672
23681
23690
23697
23698
23713
23716
23726
23727
23732
23737
23739
23740
23763
23788
23797
23802
23803
23811
23823
23830
23851
23854
23868
23873
23880
23884
23886
23895
23909
23927
23933
23944
23950
23952
23954
23962
23972
23979
23994
24010
24013
24027
24030
24038
24039
24040
24048
24053
24056
24063
24073
24074
24081
24086
24087
24096
24102
24151
24162
24178
24179
24211
24231
24233
24242
24249
24259
24270
24276
24277
24280
24308
24327
24328
24330
24338
24339
24357
24373
24374
24375
24380
24395
24398
24401
24402
24410
24411
24416
24423
24443
24450
24456
24483
24487
24490
24493
24513
24521
24544
24546
24552
24559
24573
24574
24590
24606
24617
24620
24622
24639
24641
24659
24671
24685
24689
24712
24713
24714
24718
24719
24737
24757
24807
24818
24823
24826
24844
24845
24847
24852
24857
24861
24864
24865
24888
24891
24904
24936
24937
24942
24951
24961
24966
24968
24970
24979
24981
24986
24989
24996
25019
25021
25026
25060
25061
25063
25065
25072
25081
25084
25087
25090
25093
25100
25106
25108
25114
25139
25142
25160
25169
25173
25176
25190
25196
25202
25207
25239
25244
25252
25268
25296
25305
25315
25323
25326
25332
25337
25345
25348
25378
25384
25389
25396
25399
25406
25414
25419
25425
25458
25461
25462
25465
25484
25503
25506
25515
25521
25526
25529
25560
25568
25586
25594
25627
25630
25632
25642
25644
25647
25677
25685
25708
25712
25713
25715
25730
25741
25774
25785
25787
25795
25807
25808
25833
25839
25861
25898
25913
25947
25950
25969
25975
25981
25994
25995
25998
26007
26013
26018
26034
26071
26073
26079
26128
26138
26139
26143
26174
26179
26188
26189
26208
26213
26243
26277
26282
26288
26298
26300
26302
26303
26309
26335
26337
26357
26358
26395
26398
26430
26449
26457
26466
26471
26475
26480
26481
26509
26511
26521
26524
26526
26537
26541
26558
26566
26568
26577
26580
26583
26618
26642
26648
26660
26680
26691
26695
26703
26709
26711
26720
26722
26727
26728
26733
26740
26747
26752
26758
26763
26776
26794
26795
26803
26805
26809
26818
26842
26849
26851
26853
26862
26868
26910
26915
26924
26926
26966
26984
27005
27010
27015
27033
27075
27078
27080
27122
27147
27157
27170
27181
27186
27187
27195
27204
27209
27221
27222
27225
27257
27263
27266
27275
27287
27307
27310
27321
27329
27338
27348
27364
27367
27384
27386
27392
27395
27397
27404
27405
27423
27426
27429
27432
27435
27453
27457
27463
27480
27488
27492
27510
27512
27513
27542
27544
27558
27574
27576
27577
27611
27624
27647
27650
27662
27670
27671
27676
27703
27706
27745
27771
27773
27781
27788
27793
27819
27831
27834
27839
27850
27853
27863
27865
27895
27936
27947
27968
27980
27988
27999
28003
28033
28041
28060
28063
28067
28076
28079
28085
28093
28098
28125
28160
28183
28184
28196
28200
28202
28206
28209
28214
28217
28229
28231
28232
28233
28235
28277
28281
28296
28302
28343
28360
28382
28385
28396
28405
28408
28419
28424
28437
28439
28465
28480
28484
28505
28506
28515
28516
28520
28541
28553
28562
28565
28572
28585
28609
28610
28620
28628
28648
28658
28659
28660
28668
28672
28681
28684
28687
28694
28696
28699
28701
28730
28750
28755
28756
28760
28767
28782
28790
28796
28804
28810
28816
28856
28866
28882
28887
28896
28911
28919
28923
28929
28940
28950
28958
28959
28975
28978
28988
28999
29002
29036
29041
29044
29047
29048
29050
29053
29055
29077
29080
29090
29110
29131
29132
29147
29150
29155
29158
29160
29165
29185
29186
29190
29202
29207
29208
29218
29222
29230
29238
29244
29257
29259
29270
29272
29290
29292
29293
29302
29310
29338
29343
29344
29350
29356
29359
29368
29397
29412
29417
29429
29436
29438
29449
29452
29457
29461
29465
29469
29507
29517
29524
29526
29528
29546
29560
29571
29592
29594
29603
29606
29619
29629
29632
29635
29646
29650
29655
29659
29682
29702
29732
29750
29758
29779
29785
29791
29800
29807
29840
29846
29847
29848
29860
29873
29878
29886
29890
29904
29915
29920
29930
29949
29958
29967
29975
29983
29985
30002
30004
30005
30006
30021
30025
30033
30044
30045
30048
30071
30072
30107
30114
30119
30141
30153
30169
30173
30210
30226
30251
30285
30297
30335
30342
30348
30350
30352
30369
30377
30394
30397
30428
30431
30465
30466
30474
30484
30486
30489
30490
30505
30517
30521
30527
30538
30539
30542
30558
30599
30604
30622
30630
30632
30633
30634
30635
30659
30664
30675
30680
30688
30697
30725
30740
30754
30756
30783
30790
30791
30793
30800
30804
30816
30820
30822
30855
30856
30858
30864
30867
30878
30880
30903
30912
30917
30923
30924
30934
30939
30941
30951
30972
30976
30980
30987
30990
31013
31016
31024
31025
31027
31037
31038
31039
31056
31066
31079
31087
31096
31100
31107
31108
31111
31112
31122
31137
31144
31156
31164
31167
31171
31172
31178
31181
31182
31183
31206
31218
31229
31239
31253
31262
31266
31269
31271
31273
31283
31294
31311
31323
31331
31346
31349
31352
31386
31389
31392
31395
31398
31426
31446
31462
31465
31469
31478
31479
31486
31487
31490
31493
31498
31501
31506
31510
31518
31531
31547
31557
31561
31563
31582
31588
31605
31606
31607
31618
31623
31629
31637
31678
31679
31701
31706
31711
31719
31731
31748
31773
31775
31780
31785
31788
31791
31798
31801
31805
31818
31831
31835
31840
31852
31866
31878
31881
31891
31903
31905
31906
31907
31910
31923
31933
31940
31946
31968
32005
32009
32022
32025
32040
32044
32046
32047
32050
32051
32058
32059
32063
32069
32075
32086
32103
32104
32106
32107
32116
32118
32120
32136
32138
32153
32173
32180
32183
32186
32187
32204
32216
32220
32221
32230
32253
32255
32260
32266
32269
32275
32282
32320
32331
32343
32367
32380
32386
32413
32419
32422
32433
32436
32440
32443
32444
32453
32465
32467
32469
32506
32541
32555
32557
32560
32567
32572
32576
32580
32584
32593
32602
32605
32624
32627
32642
32660
32665
32675
32676
32682
32685
32686
32694
32706
32728
32733
32742
32758
32770
32800
32801
32811
32822
32856
32884
32908
32913
32930
32936
32941
32944
32945
32967
33009
33012
33027
33032
33052
33054
33063
33083
33101
33104
33114
33115
33117
33119
33135
33155
33161
33178
33195
33198
33202
33216
33220
33221
33228
33232
33241
33242
33247
33255
33258
33260
33283
33289
33309
33310
33317
33318
33328
33332
33348
33350
33352
33355
33364
33369
33378
33379
33391
33394
33427
33448
33454
33467
33512
33531
33535
33546
33554
33558
33562
33573
33580
33589
33593
33597
33614
33645
33669
33671
33687
33689
33691
33695
33706
33719
33720
33728
33729
33731
33742
33755
33802
33821
33822
33825
33859
33864
33865
33872
33877
33887
33910
33911
33925
33926
33938
33940
33942
33944
33959
33960
33969
33983
33987
34007
34012
34040
34052
34062
34068
34073
34080
34089
34092
34098
34115
34117
34118
34143
34146
34157
34170
34171
34173
34177
34196
34214
34216
34218
34228
34229
34236
34238
34240
34247
34261
34268
34275
34277
34299
34318
34351
34352
34358
34365
34374
34380
34382
34391
34419
34422
34428
34439
34443
34455
34458
34470
34493
34497
34508
34510
34514
34515
34532
34533
34541
34544
34553
34570
34572
34573
34578
34580
34585
34606
34613
34624
34633
34637
34646
34648
34666
34673
34685
34706
34713
34716
34748
34753
34763
34770
34775
34776
34778
34800
34803
34811
34815
34828
34842
34846
34860
34870
34881
34911
34920
34933
34937
34943
34960
34971
34975
34992
35010
35045
35051
35059
35062
35063
35077
35080
35097
35137
35139
35184
35190
35194
35205
35215
35218
35222
35259
35303
35323
35324
35326
35329
35339
35343
35350
35353
35356
35357
35363
35364
35381
35396
35402
35407
35413
35426
35444
35448
35454
35465
35468
35482
35484
35488
35506
35508
35509
35510
35542
35549
35551
35552
35562
35566
35573
35576
35596
35602
35610
35621
35632
35633
35643
35659
35667
35688
35696
35700
35709
35732
35749
35763
35765
35766
35774
35775
35782
35806
35808
35817
35822
35829
35833
35838
35841
35847
35855
35856
35912
35917
35919
35924
35930
35936
35937
35943
35944
35969
35972
35974
36003
36009
36015
36025
36029
36042
36046
36061
36065
36071
36077
36101
36107
36138
36139
36145
36158
36163
36168
36170
36177
36189
36193
36201
36235
36237
36251
36254
36257
36268
36279
36285
36299
36300
36315
36324
36347
36380
36391
36395
36412
36426
36439
36457
36460
36474
36490
36510
36511
36531
36532
36536
36549
36552
36566
36575
36578
36583
36589
36602
36604
36607
36618
36619
36642
36643
36651
36673
36706
36723
36726
36739
36741
36756
36768
36777
36796
36831
36846
36848
36860
36910
36940
36943
36951
36961
36966
36967
36993
36996
37023
37028
37038
37041
37045
37055
37071
37076
37087
37118
37122
37141
37146
37152
37167
37170
37171
37199
37203
37212
37218
37220
37230
37237
37238
37242
37247
37250
37254
37256
37262
37266
37269
37272
37275
37279
37299
37333
37355
37357
37359
37360
37361
37366
37372
37383
37395
37397
37399
37409
37427
37429
37432
37435
37446
37449
37458
37468
37489
37496
37502
37518
37531
37550
37554
37556
37569
37602
37604
37606
37620
37637
37654
37655
37659
37670
37674
37693
37698
37710
37712
37713
37728
37738
37740
37761
37762
37765
37780
37787
37795
37796
37812
37817
37819
37820
37839
37842
37850
37859
37877
37878
37885
37909
37918
37924
37938
37942
37946
37949
37956
37976
37981
37982
37984
37987
37989
38003
38029
38041
38058
38065
38081
38084
38090
38114
38116
38117
38122
38136
38169
38182
38184
38189
38194
38196
38197
38209
38219
38223
38236
38242
38244
38252
38263
38266
38283
38313
38317
38338
38342
38359
38400
38415
38417
38420
38426
38428
38438
38445
38451
38462
38467
38479
38496
38497
38504
38539
38552
38561
38562
38563
38568
38571
38579
38585
38590
38618
38622
38625
38632
38642
38653
38656
38658
38664
38668
38680
38686
38708
38713
38725
38726
38736
38748
38756
38785
38791
38795
38833
38871
38889
38908
38924
38934
38944
38945
38954
38963
38968
38973
38976
38978
38990
39026
39031
39033
39087
39090
39092
39106
39107
39113
39136
39144
39155
39175
39176
39189
39219
39221
39239
39243
39250
39255
39256
39265
39270
39273
39279
39287
39289
39291
39292
39299
39303
39305
39313
39314
39353
39358
39359
39371
39376
39382
39388
39401
39426
39431
39444
39447
39461
39463
39468
39506
39515
39519
39522
39527
39528
39529
39534
39536
39565
39574
39581
39604
39606
39620
39643
39644
39645
39662
39675
39677
39687
39718
39719
39731
39737
39755
39758
39762
39763
39783
39815
39830
39838
39849
39852
39871
39872
39890
39922
39948
39955
39959
39962
39969
39973
40006
40016
40022
40023
40028
40045
40048
40053
40056
40086
40094
40111
40117
40121
40133
40145
40155
40156
40160
40167
40168
40173
40176
40181
40191
40206
40217
40221
40222
40225
40228
40234
40244
40254
40270
40294
40299
40311
40319
40322
40326
40332
40344
40349
40355
40374
40386
40406
40418
40419
40420
40426
40443
40456
40461
40466
40484
40486
40501
40536
40538
40544
40554
40560
40566
40568
40571
40578
40595
40608
40634
40647
40661
40676
40677
40693
40696
40712
40723
40736
40737
40769
40773
40774
40786
40790
40808
40818
40828
40858
40861
40864
40867
40868
40869
40900
40919
40949
40971
40985
41034
41040
41044
41056
41057
41061
41062
41069
41071
41075
41079
41084
41097
41104
41108
41112
41120
41122
41128
41137
41144
41145
41146
41165
41187
41190
41198
41203
41229
41237
41243
41253
41257
41260
41279
41316
41318
41319
41321
41330
41333
41340
41351
41359
41364
41368
41369
41376
41419
41437
41440
41448
41453
41463
41467
41491
41496
41506
41511
41523
41548
41557
41569
41575
41584
41591
41615
41631
41634
41647
41649
41653
41668
41672
41695
41718
41748
41758
41792
41794
41801
41815
41827
41833
41847
41851
41859
41861
41871
41877
41896
41898
41899
41900
41907
41920
41943
41949
41961
41966
41987
41992
42009
42015
42017
42023
42029
42044
42066
42073
42080
42102
42105
42116
42132
42137
42162
42165
42169
42185
42198
42203
42206
42210
42226
42238
42291
42303
42314
42320
42321
42340
42348
42350
42380
42392
42394
42413
42444
42465
42479
42485
42501
42503
42505
42524
42529
42537
42543
42552
42585
42587
42589
42591
42599
42604
42606
42609
42622
42625
42646
42654
42655
42657
42662
42679
42684
42689
42693
42724
42732
42743
42769
42771
42773
42778
42803
42832
42840
42843
42845
42851
42865
42869
42886
42895
42900
42909
42939
42950
42951
42953
42958
42964
42982
42992
43009
43014
43026
43035
43041
43045
43062
43063
43068
43084
43090
43107
43119
43142
43144
43164
43172
43181
43183
43184
43190
43191
43220
43227
43238
43243
43246
43249
43258
43262
43263
43279
43290
43299
43304
43309
43313
43315
43317
43331
43336
43346
43358
43372
43397
43400
43407
43414
43418
43420
43422
43426
43443
43452
43453
43454
43455
43462
43472
43475
43481
43490
43509
43517
43523
43545
43555
43581
43587
43593
43595
43601
43609
43612
43618
43623
43658
43704
43725
43730
43738
43757
43765
43767
43774
43781
43784
43796
43801
43816
43819
43845
43847
43853
43861
43866
43897
43901
43906
43909
43919
43927
43933
43943
43955
43956
43966
43968
43983
43995
44010
44017
44030
44038
44060
44072
44095
44108
44109
44114
44135
44146
44159
44160
44166
44171
44172
44181
44203
44204
44218
44223
44229
44230
44238
44278
44289
44306
44323
44331
44334
44348
44350
44370
44371
44382
44388
44398
44402
44414
44416
44418
44422
44428
44429
44442
44448
44455
44459
44469
44473
44480
44487
44490
44495
44523
44528
44529
44531
44532
44541
44548
44566
44574
44592
44594
44600
44603
44604
44608
44628
44646
44652
44659
44666
44692
44713
44724
44729
44736
44737
44740
44750
44762
44764
44777
44779
44791
44796
44808
44812
44835
44848
44873
44877
44886
44889
44892
44901
44905
44916
44928
44938
44943
44962
44979
44983
44991
44992
44993
45007
45021
45029
45039
45042
45048
45071
45096
45101
45102
45113
45117
45138
45152
45160
45202
45215
45217
45223
45247
45255
45260
45265
45293
45316
45321
45326
45351
45366
45368
45381
45383
45393
45395
45399
45408
45421
45422
45431
45442
45482
45485
45490
45500
45502
45510
45533
45540
45544
45546
45548
45552
45557
45572
45581
45594
45601
45608
45626
45640
45649
45669
45671
45673
45680
45686
45690
45691
45696
45703
45721
45725
45727
45733
45746
45761
45765
45769
45772
45782
45794
45804
45809
45841
45866
45878
45884
45889
45912
45916
45917
45918
45930
45938
45940
45948
45949
45950
45959
45972
45985
46008
46010
46016
46024
46028
46036
46037
46041
46051
46056
46067
46075
46079
46083
46087
46088
46091
46093
46098
46109
46114
46124
46139
46143
46155
46159
46166
46171
46186
46200
46205
46232
46250
46252
46257
46263
46266
46267
46273
46276
46308
46315
46327
46331
46336
46338
46347
46355
46373
46386
46398
46400
46401
46407
46413
46420
46424
46425
46444
46451
46459
46464
46478
46505
46507
46510
46518
46519
46563
46574
46579
46595
46598
46609
46623
46642
46672
46675
46688
46689
46708
46713
46716
46717
46725
46727
46764
46789
46797
46807
46814
46824
46834
46840
46856
46875
46887
46901
46911
46915
46931
46944
46946
46947
46948
46962
46964
46968
46987
46994
47006
47031
47061
47063
47064
47102
47114
47126
47129
47130
47134
47159
47161
47167
47169
47182
47187
47188
47199
47210
47235
47242
47250
47252
47256
47262
47263
47277
47279
47290
47296
47303
47305
47310
47325
47329
47345
47353
47355
47361
47368
47370
47372
47373
47375
47381
47386
47391
47400
47404
47416
47418
47434
47443
47444
47456
47462
47485
47500
47522
47526
47529
47536
47543
47546
47551
47564
47568
47577
47606
47609
47635
47645
47673
47684
47688
47693
47701
47702
47704
47706
47707
47718
47723
47724
47733
47753
47763
47770
47785
47799
47801
47805
47828
47843
47860
47866
47877
47906
47909
47915
47918
47949
47953
47958
47983
47985
47992
47993
47995
48000
48007
48010
48023
48036
48037
48038
48079
48090
48108
48138
48161
48192
48197
48198
48199
48201
48207
48215
48223
48244
48256
48264
48271
48284
48287
48289
48295
48298
48305
48310
48352
48354
48364
48373
48379
48383
48386
48405
48407
48413
48431
48448
48465
48469
48477
48484
48501
48506
48512
48528
48564
48575
48585
48587
48598
48603
48605
48625
48627
48633
48645
48648
48662
48668
48686
48690
48695
48731
48755
48774
48790
48801
48810
48814
48830
48833
48848
48854
48862
48875
48893
48899
48923
48932
48940
48951
48955
48958
48959
48961
48968
48985
48998
49009
49016
49033
49041
49043
49062
49065
49073
49111
49113
49119
49126
49139
49140
49142
49172
49177
49181
49194
49202
49204
49214
49217
49218
49220
49221
49223
49256
49257
49286
49295
49312
49313
49344
49352
49377
49389
49391
49426
49436
49458
49471
49478
49483
49497
49503
49507
49510
49527
49537
49551
49565
49567
49589
49634
49639
49648
49651
49652
49666
49670
49674
49675
49706
49712
49733
49749
49772
49785
49789
49803
49807
49812
49825
49838
49855
49862
49876
49895
49913
49914
49919
49923
49930
49945
49970
49975
49982
49994
