12
32
58
65
122
135
150
160
198
207
219
222
223
240
296
321
334
363
365
380
398
417
470
500
508
510
538
581
585
595
608
637
645
684
728
743
768
812
837
850
866
877
879
884
893
974
988
1002
1013
1019
1023
1049
1051
1059
1080
1096
1103
1110
1133
1202
1215
1243
1266
1296
1299
1312
1390
1418
1423
1463
1466
1469
1477
1490
1501
1521
1533
1544
1565
1575
1590
1602
1606
1634
1645
1647
1666
1669
1673
1725
1742
1749
1765
1772
1782
1811
1843
1850
1862
1865
1887
1894
1924
1941
1948
1965
1966
1967
1969
1977
1984
1998
2023
2071
2089
2117
2128
2141
2175
2191
2218
2228
2237
2274
2366
2408
2419
2471
2488
2493
2511
2528
2529
2544
2546
2565
2579
2583
2589
2591
2623
2635
2642
2646
2654
2711
2716
2736
2747
2750
2813
2815
2819
2832
2845
2853
2855
2872
2903
2922
2933
2961
2978
2983
2988
3003
3021
3025
3042
3083
3108
3136
3156
3157
3170
3186
3189
3213
3229
3279
3296
3309
3331
3341
3378
3379
3417
3430
3448
3493
3527
3528
3534
3555
3569
3572
3593
3603
3619
3622
3626
3631
3635
3640
3660
3722
3736
3741
3747
3749
3760
3783
3784
3791
3800
3828
3832
3837
3848
3851
3875
3878
3906
3946
3990
4004
4032
4045
4047
4053
4087
4098
4102
4110
4117
4119
4127
4130
4150
4163
4178
4189
4198
4199
4218
4246
4247
4252
4260
4265
4276
4279
4288
4311
4319
4352
4390
4407
4445
4448
4468
4532
4552
4553
4564
4567
4577
4580
4594
4616
4639
4647
4671
4676
4680
4702
4713
4717
4745
4747
4751
4753
4789
4804
4819
4827
4851
4857
4870
4873
4880
4918
4922
4926
4937
4946
4977
4988
4990
4995
5059
5068
5072
5110
5130
5147
5210
5222
5236
5251
5332
5371
5379
5404
5406
5418
5433
5434
5435
5498
5502
5511
5543
5554
5568
5592
5604
5638
5666
5669
5674
5679
5682
5698
5731
5783
5789
5791
5796
5814
5824
5825
5832
5889
5892
5919
5935
5936
5938
5943
5972
5982
5984
5986
6002
6017
6040
6041
6052
6054
6075
6078
6084
6140
6176
6219
6222
6225
6226
6243
6248
6260
6296
6310
6324
6357
6375
6382
6394
6395
6402
6411
6415
6417
6420
6435
6457
6468
6499
6504
6512
6520
6541
6569
6601
6631
6651
6654
6661
6697
6711
6728
6765
6775
6794
6815
6816
6820
6875
6900
6911
6926
6939
6961
6963
6974
7044
7058
7059
7068
7078
7162
7166
7170
7172
7181
7185
7243
7276
7283
7295
7297
7312
7331
7337
7363
7379
7384
7391
7397
7398
7406
7422
7470
7472
7487
7507
7518
7583
7615
7630
7633
7642
7654
7660
7674
7676
7677
7685
7695
7745
7765
7774
7783
7817
7844
7852
7854
7857
7874
7890
7892
7896
7905
7913
7971
8006
8036
8063
8083
8094
8111
8116
8132
8148
8151
8153
8187
8201
8217
8228
8230
8243
8282
8318
8353
8381
8385
8401
8403
8431
8453
8475
8481
8490
8499
8505
8526
8552
8569
8578
8585
8682
8700
8702
8715
8781
8827
8853
8873
8908
8909
8915
8947
8995
9000
9002
9005
9029
9044
9053
9100
9110
9130
9136
9146
9159
9164
9219
9238
9242
9248
9290
9329
9344
9346
9352
9367
9384
9397
9398
9403
9413
9423
9428
9451
9456
9460
9487
9513
9517
9536
9560
9564
9568
9577
9587
9601
9610
9613
9634
9652
9666
9673
9688
9696
9697
9709
9750
9764
9771
9786
9816
9824
9827
9830
9854
9855
9874
9912
9931
9941
9945
9952
9986
9993
10004
10020
10031
10041
10045
10065
10068
10113
10132
10136
10166
10174
10186
10220
10223
10247
10249
10297
10304
10316
10317
10323
10335
10362
10368
10371
10399
10428
10436
10449
10455
10484
10499
10504
10505
10528
10531
10532
10549
10559
10571
10573
10599
10628
10659
10678
10715
10723
10735
10742
10749
10771
10772
10776
10829
10834
10886
10892
10907
10915
10954
10987
11035
11050
11061
11074
11078
11111
11140
11144
11163
11164
11166
11168
11175
11184
11194
11269
11272
11306
11339
11356
11366
11368
11369
11376
11377
11402
11404
11416
11425
11430
11444
11453
11462
11494
11502
11529
11534
11553
11562
11578
11584
11596
11610
11622
11647
11659
11665
11669
11698
11724
11726
11763
11784
11805
11812
11814
11815
11882
11885
11908
11916
11928
11950
11958
11987
12056
12065
12072
12106
12118
12141
12152
12154
12164
12167
12193
12202
12223
12230
12244
12267
12303
12350
12352
12374
12408
12432
12456
12457
12461
12477
12485
12487
12500
12515
12516
12521
12529
12530
12552
12557
12573
12581
12612
12653
12664
12669
12683
12692
12743
12745
12760
12763
12770
12794
12805
12823
12842
12846
12851
12893
12923
12926
12933
12950
12974
12997
13001
13013
13015
13024
13051
13101
13109
13117
13122
13123
13128
13142
13143
13177
13185
13196
13199
13236
13249
13257
13302
13336
13360
13364
13374
13395
13398
13427
13444
13447
13450
13500
13507
13510
13536
13543
13544
13551
13576
13579
13581
13598
13607
13616
13618
13619
13620
13662
13670
13675
13704
13720
13729
13734
13757
13759
13788
13793
13799
13851
13875
13884
13889
13891
13898
13904
13925
13938
13956
13989
14005
14017
14025
14046
14093
14109
14115
14117
14125
14134
14180
14186
14187
14195
14208
14216
14229
14234
14238
14263
14277
14286
14309
14325
14343
14370
14386
14400
14413
14414
14429
14431
14439
14453
14505
14539
14549
14551
14566
14573
14587
14589
14604
14605
14688
14692
14718
14720
14736
14759
14790
14858
14878
14896
14902
14940
14947
14969
14995
15006
15019
15020
15027
15047
15057
15060
15064
15070
15099
15111
15114
15119
15157
15179
15250
15288
15325
15338
15345
15349
15363
15383
15387
15409
15413
15426
15435
15476
15485
15487
15498
15500
15508
15531
15532
15533
15535
15559
15564
15634
15678
15692
15696
15699
15705
15714
15755
15766
15772
15786
15802
15820
15848
15869
15876
15889
15896
15916
15969
15971
15980
15984
16000
16016
16029
16038
16047
16049
16065
16069
16076
16082
16094
16108
16110
16114
16130
16147
16194
16199
16228
16243
16260
16266
16269
16279
16356
16382
16388
16393
16398
16408
16417
16424
16448
16458
16489
16510
16515
16523
16551
16585
16650
16661
16688
16724
16728
16750
16773
16780
16783
16800
16825
16828
16835
16853
16876
16884
16904
16930
16947
16959
16977
16980
16981
16984
16987
16994
17030
17037
17047
17048
17073
17085
17110
17138
17145
17147
17182
17204
17207
17213
17257
17295
17305
17306
17317
17318
17338
17343
17409
17433
17436
17438
17454
17458
17462
17474
17478
17492
17494
17503
17520
17549
17562
17618
17653
17658
17667
17672
17705
17716
17724
17727
17749
17779
17791
17835
17904
17927
17929
17935
17947
17956
17960
18000
18056
18063
18120
18126
18141
18145
18190
18206
18215
18219
18230
18237
18263
18273
18276
18292
18294
18335
18396
18405
18408
18436
18437
18440
18486
18488
18508
18520
18538
18547
18570
18573
18588
18611
18629
18642
18653
18666
18753
18760
18772
18781
18809
18848
18854
18865
18872
18922
18945
18958
18966
18967
18971
18980
18986
18989
19035
19089
19102
19107
19126
19134
19147
19150
19187
19199
19207
19213
19244
19253
19257
19297
19303
19325
19394
19432
19450
19471
19486
19489
19497
19499
19508
19530
19542
19545
19551
19597
19616
19648
19651
19653
19659
19661
19667
19678
19682
19723
19726
19739
19759
19769
19772
19775
19782
19795
19803
19813
19817
19830
19839
19875
19908
19929
19979
19982
20002
20004
20008
20035
20051
20071
20077
20121
20173
20178
20179
20215
20223
20243
20310
20318
20339
20363
20395
20409
20430
20441
20450
20465
20518
20524
20540
20563
20585
20592
20599
20608
20618
20624
20628
20632
20634
20637
20647
20662
20667
20670
20683
20715
20751
20759
20760
20779
20780
20799
20803
20813
20817
20833
20846
20875
20879
20889
20899
20917
20934
20939
20945
20946
20959
20973
20984
20995
21037
21045
21056
21082
21127
21133
21146
21149
21188
21213
21215
21221
21224
21233
21245
21305
21347
21390
21399
21448
21515
21522
21535
21536
21540
21559
21568
21589
21603
21641
21646
21702
21725
21735
21739
21752
21761
21765
21774
21775
21859
21923
21933
21963
21984
21986
21998
22003
22039
22066
22084
22108
22115
22157
22158
22168
22172
22203
22212
22229
22233
22263
22285
22293
22316
22325
22374
22391
22403
22415
22422
22433
22437
22438
22442
22469
22470
22476
22495
22501
22543
22574
22591
22599
22602
22615
22639
22645
22667
22673
22726
22759
22774
22780
22781
22782
22826
22851
22857
22882
22887
22888
22895
22898
22902
22912
22917
22926
22947
22978
23006
23007
23008
23037
23041
23060
23072
23077
23081
23083
23093
23112
23128
23164
23174
23175
23180
23189
23209
23219
23228
23251
23273
23275
23280
23384
23393
23412
23426
23439
23478
23485
23488
23490
23532
23534
23544
23551
23553
23564
23570
23574
23581
23598
23634
23652
23699
23711
23720
23728
23754
23777
23793
23817
23824
23836
23839
23869
23892
23924
24007
24013
24018
24019
24054
24057
24076
24097
24111
24139
24142
24166
24168
24175
24213
24222
24241
24263
24266
24325
24329
24337
24349
24368
24385
24389
24398
24422
24432
24437
24440
24453
24458
24475
24507
24515
24529
24573
24575
24584
24612
24644
24676
24687
24694
24701
24719
24742
24765
24772
24777
24829
24842
24857
24859
24877
24878
24900
24917
24963
24970
24985
24992
25002
25003
25004
25146
25155
25166
25171
25176
25178
25190
25217
25221
25235
25254
25256
25266
25301
25330
25338
25347
25357
25371
25372
25382
25385
25392
25447
25488
25503
25508
25511
25527
25541
25549
25581
25596
25598
25616
25617
25621
25640
25641
25647
25651
25654
25689
25707
25715
25719
25728
25739
25754
25757
25759
25767
25779
25795
25804
25806
25816
25836
25853
25875
25881
25899
25911
25913
25922
25952
25970
25986
25987
25991
25993
25995
26011
26021
26030
26043
26090
26098
26106
26111
26135
26148
26152
26160
26187
26203
26234
26242
26258
26337
26346
26372
26374
26386
26403
26421
26425
26448
26450
26501
26508
26517
26556
26592
26601
26689
26700
26725
26745
26751
26774
26781
26802
26806
26862
26891
26906
26912
26920
26941
26998
27008
27015
27041
27050
27077
27081
27099
27105
27112
27114
27135
27143
27160
27184
27218
27220
27227
27228
27248
27263
27279
27280
27310
27314
27320
27323
27329
27352
27353
27364
27394
27398
27410
27412
27419
27433
27441
27456
27507
27509
27544
27552
27557
27561
27565
27575
27580
27585
27595
27603
27604
27614
27626
27636
27665
27680
27698
27713
27732
27739
27748
27761
27838
27846
27865
27895
27896
27906
27916
27918
27928
27956
27969
28006
28025
28039
28060
28102
28113
28121
28138
28142
28144
28201
28228
28232
28244
28292
28325
28333
28335
28339
28371
28386
28389
28396
28410
28415
28422
28438
28445
28470
28476
28483
28488
28495
28498
28516
28522
28524
28532
28538
28543
28572
28589
28591
28592
28593
28598
28600
28611
28617
28621
28623
28655
28673
28707
28748
28749
28820
28842
28848
28857
28858
28859
28893
28927
28938
28939
28974
28975
28995
29025
29026
29039
29051
29053
29069
29124
29144
29168
29184
29189
29206
29248
29260
29262
29264
29301
29329
29372
29390
29406
29426
29429
29435
29438
29463
29475
29502
29540
29542
29560
29581
29593
29607
29610
29613
29627
29647
29648
29678
29683
29704
29712
29716
29725
29733
29739
29754
29793
29799
29810
29834
29853
29881
29896
29902
29908
29909
29941
29952
29960
29961
30004
30017
30030
30057
30066
30106
30109
30110
30111
30119
30120
30135
30141
30217
30244
30249
30251
30264
30291
30299
30333
30345
30353
30371
30433
30435
30441
30442
30449
30452
30470
30481
30489
30502
30504
30509
30555
30562
30575
30590
30620
30638
30664
30668
30691
30697
30703
30714
30717
30722
30761
30766
30777
30785
30799
30805
30809
30847
30848
30890
30894
30910
30929
30957
30988
30995
31012
31013
31017
31042
31046
31061
31068
31071
31078
31084
31094
31106
31110
31119
31120
31125
31134
31135
31138
31167
31168
31186
31236
31245
31250
31283
31289
31305
31363
31411
31412
31416
31441
31445
31453
31469
31472
31474
31482
31491
31496
31511
31583
31599
31604
31605
31612
31613
31616
31622
31640
31646
31673
31688
31691
31702
31708
31710
31745
31763
31768
31770
31782
31784
31795
31799
31823
31834
31865
31876
31906
31927
31970
31980
31981
32000
32001
32009
32015
32017
32053
32077
32078
32079
32140
32150
32154
32176
32178
32247
32290
32300
32325
32343
32394
32403
32424
32464
32470
32476
32491
32507
32553
32572
32586
32618
32684
32709
32726
32755
32765
32775
32800
32849
32881
32884
32902
32933
32950
32951
32995
33015
33063
33072
33088
33090
33102
33108
33119
33124
33161
33171
33176
33259
33272
33278
33297
33307
33322
33324
33336
33342
33352
33382
33398
33408
33412
33421
33431
33436
33440
33442
33455
33475
33481
33491
33523
33536
33572
33586
33588
33595
33596
33601
33603
33610
33615
33647
33665
33672
33687
33690
33696
33709
33718
33769
33813
33827
33843
33855
33856
33858
33859
33874
33884
33928
33954
33982
33988
33995
34018
34033
34049
34080
34102
34106
34130
34135
34146
34153
34154
34177
34224
34255
34274
34293
34313
34321
34328
34336
34337
34366
34393
34394
34402
34431
34432
34436
34517
34528
34533
34538
34553
34561
34563
34579
34601
34616
34627
34628
34632
34670
34688
34707
34712
34729
34731
34739
34740
34790
34793
34798
34799
34806
34809
34812
34828
34881
34897
34911
34925
34938
34941
34946
34971
34995
35000
35006
35012
35016
35027
35028
35059
35076
35079
35081
35094
35113
35130
35187
35211
35229
35262
35267
35270
35302
35324
35334
35335
35343
35344
35350
35354
35355
35375
35411
35418
35426
35441
35455
35461
35473
35480
35511
35522
35530
35539
35569
35574
35601
35608
35617
35650
35657
35686
35692
35707
35719
35750
35753
35757
35782
35807
35826
35837
35857
35867
35875
35902
35910
35953
35978
35979
35981
35993
36023
36027
36045
36078
36087
36108
36116
36153
36159
36186
36197
36209
36213
36221
36245
36247
36251
36293
36294
36301
36313
36385
36490
36499
36532
36576
36582
36606
36644
36658
36668
36676
36686
36692
36722
36725
36729
36763
36787
36806
36810
36811
36820
36840
36843
36847
36897
36898
36911
36948
36952
36958
37025
37031
37055
37059
37083
37086
37120
37137
37149
37169
37180
37183
37184
37213
37225
37299
37330
37379
37386
37388
37392
37405
37415
37439
37449
37460
37463
37465
37471
37514
37529
37543
37551
37581
37592
37605
37607
37616
37619
37640
37689
37693
37704
37712
37717
37734
37737
37753
37764
37790
37798
37800
37817
37821
37855
37897
37899
37901
37909
37915
37916
37934
37938
37950
37972
37983
37986
37992
37996
38046
38106
38122
38157
38169
38190
38212
38215
38221
38243
38246
38261
38266
38287
38292
38336
38370
38395
38445
38461
38570
38583
38601
38611
38649
38684
38733
38737
38795
38819
38829
38898
38901
38958
38968
38996
39061
39078
39094
39113
39139
39140
39145
39175
39192
39197
39217
39256
39267
39269
39279
39282
39313
39337
39361
39373
39392
39399
39418
39433
39450
39508
39520
39534
39561
39564
39566
39583
39638
39652
39665
39682
39698
39702
39708
39728
39731
39749
39753
39760
39783
39798
39813
39824
39856
39859
39877
39913
39933
39946
39953
39980
39982
40007
40025
40030
40043
40064
40086
40118
40120
40122
40147
40161
40211
40249
40250
40253
40263
40267
40269
40291
40296
40303
40306
40320
40333
40379
40403
40422
40441
40463
40475
40480
40515
40541
40546
40601
40628
40637
40640
40678
40710
40722
40726
40746
40777
40779
40804
40810
40812
40831
40853
40856
40860
40867
40885
40887
40928
40943
40965
41058
41063
41073
41079
41080
41086
41089
41104
41150
41195
41196
41202
41226
41263
41273
41331
41334
41340
41358
41369
41375
41385
41426
41433
41446
41464
41498
41530
41544
41556
41561
41566
41567
41570
41591
41645
41658
41677
41691
41694
41695
41702
41708
41713
41721
41761
41809
41812
41818
41846
41880
41883
41886
41896
41925
41932
41940
41941
41947
41967
41980
41985
42040
42059
42066
42091
42099
42112
42124
42140
42154
42197
42199
42246
42271
42298
42311
42319
42321
42349
42350
42355
42362
42377
42392
42396
42430
42442
42471
42485
42486
42492
42493
42500
42503
42509
42545
42555
42565
42619
42630
42633
42657
42661
42671
42697
42708
42712
42716
42721
42736
42740
42743
42761
42768
42785
42786
42801
42811
42813
42824
42825
42829
42846
42868
42869
42902
42930
42937
42938
42958
42959
42962
42989
43003
43011
43036
43066
43073
43087
43113
43140
43156
43170
43204
43205
43213
43245
43249
43269
43272
43305
43307
43310
43314
43342
43343
43347
43351
43360
43364
43377
43395
43405
43425
43468
43493
43496
43519
43520
43527
43532
43544
43587
43610
43629
43636
43682
43710
43716
43725
43739
43763
43772
43788
43803
43840
43878
43884
43914
43916
43941
43986
44035
44076
44094
44102
44111
44176
44185
44192
44204
44220
44221
44230
44277
44299
44319
44336
44351
44378
44386
44390
44393
44395
44429
44434
44458
44462
44470
44524
44548
44560
44566
44567
44573
44575
44588
44609
44625
44678
44698
44719
44725
44749
44750
44756
44826
44837
44842
44845
44850
44864
44883
44886
44918
44919
44923
44925
44950
44952
44994
44997
44999
45007
45012
45028
45050
45054
45088
45091
45092
45097
45099
45107
45135
45149
45154
45161
45165
45176
45204
45210
45217
45219
45230
45231
45240
45242
45270
45286
45289
45316
45333
45355
45380
45415
45418
45446
45447
45466
45488
45509
45513
45580
45584
45587
45596
45639
45646
45649
45665
45679
45699
45706
45710
45725
45731
45758
45764
45768
45772
45773
45784
45787
45800
45816
45833
45850
45854
45865
45888
45891
45901
45909
45913
45916
45924
45961
45983
45993
46008
46021
46053
46054
46064
46066
46084
46122
46123
46124
46125
46144
46163
46215
46216
46219
46254
46280
46300
46310
46331
46361
46380
46410
46419
46430
46467
46567
46570
46579
46601
46605
46610
46630
46695
46699
46729
46754
46783
46785
46788
46790
46800
46823
46835
46837
46840
46842
46843
46890
46894
46896
46908
46910
46920
46924
46930
46932
46938
46958
46962
46974
46975
46992
46999
47002
47003
47032
47036
47061
47105
47145
47147
47155
47168
47178
47180
47188
47218
47224
47250
47252
47253
47257
47277
47307
47320
47325
47342
47365
47409
47426
47440
47446
47447
47470
47480
47488
47506
47512
47521
47534
47536
47541
47556
47579
47586
47632
47635
47644
47666
47669
47730
47735
47786
47791
47829
47831
47837
47863
47887
47897
47953
47967
47971
47995
48007
48011
48040
48052
48056
48086
48123
48138
48143
48147
48150
48179
48204
48205
48248
48257
48271
48283
48285
48296
48309
48310
48319
48326
48340
48351
48366
48378
48407
48428
48429
48476
48512
48553
48608
48618
48640
48658
48691
48693
48742
48765
48774
48807
48810
48834
48855
48856
48874
48897
48903
48905
48920
48950
48951
48962
48968
49001
49004
49044
49059
49115
49143
49145
49155
49170
49176
49258
49260
49265
49280
49292
49293
49304
49306
49314
49322
49355
49357
49411
49412
49450
49471
49474
49487
49507
49509
49520
49534
49550
49561
49563
49564
49565
49604
49616
49623
49643
49656
49669
49673
49689
49701
49763
49765
49772
49774
49784
49798
49859
49872
49877
49898
49924
49931
49936
--------
12
23
32
46
58
61
65
73
122
124
128
135
150
160
163
194
198
207
219
222
223
231
240
250
260
296
300
304
314
317
321
334
353
363
365
380
398
417
470
484
500
508
510
523
536
538
555
581
585
595
608
617
635
637
645
646
650
652
661
684
691
714
728
743
745
753
763
768
771
780
781
811
812
837
845
850
856
857
866
873
877
879
884
893
907
974
975
976
980
988
1002
1007
1008
1013
1014
1019
1023
1049
1051
1058
1059
1069
1080
1089
1096
1103
1110
1120
1128
1131
1133
1165
1175
1202
1206
1211
1215
1219
1242
1243
1266
1276
1296
1299
1300
1312
1313
1331
1348
1359
1390
1404
1418
1423
1442
1452
1463
1466
1467
1469
1477
1480
1490
1501
1521
1533
1542
1544
1565
1575
1590
1602
1605
1606
1617
1626
1629
1634
1643
1645
1647
1666
1669
1673
1702
1725
1742
1749
1756
1765
1772
1782
1802
1811
1843
1850
1856
1862
1865
1887
1894
1899
1905
1919
1924
1941
1948
1959
1965
1966
1967
1969
1977
1984
1995
1998
2021
2023
2028
2034
2037
2042
2052
2061
2071
2089
2093
2113
2117
2118
2128
2133
2141
2147
2169
2174
2175
2191
2194
2218
2219
2225
2228
2231
2237
2274
2331
2341
2352
2366
2399
2401
2408
2415
2419
2444
2455
2471
2486
2488
2493
2498
2511
2522
2523
2528
2529
2542
2544
2546
2561
2565
2579
2580
2583
2589
2591
2594
2600
2605
2609
2623
2635
2642
2646
2654
2668
2676
2707
2708
2711
2716
2735
2736
2739
2744
2747
2750
2762
2789
2805
2813
2815
2819
2831
2832
2837
2845
2853
2855
2867
2872
2886
2896
2903
2908
2922
2933
2934
2957
2961
2978
2983
2988
3003
3011
3021
3025
3027
3042
3072
3083
3085
3095
3108
3136
3156
3157
3170
3186
3189
3199
3204
3209
3211
3213
3220
3225
3229
3233
3248
3257
3270
3271
3279
3281
3296
3299
3309
3317
3331
3332
3341
3366
3369
3374
3378
3379
3417
3430
3436
3443
3446
3448
3452
3493
3499
3503
3517
3527
3528
3534
3555
3561
3569
3572
3585
3593
3603
3617
3619
3622
3625
3626
3631
3635
3637
3640
3660
3714
3722
3735
3736
3741
3747
3749
3750
3760
3783
3784
3791
3800
3828
3832
3837
3842
3844
3848
3851
3875
3878
3886
3906
3929
3946
3968
3979
3980
3990
4004
4032
4045
4047
4053
4062
4087
4098
4102
4110
4113
4117
4119
4127
4130
4131
4148
4150
4163
4173
4178
4189
4198
4199
4218
4241
4246
4247
4252
4260
4264
4265
4276
4279
4288
4299
4311
4319
4321
4334
4340
4352
4380
4390
4407
4415
4424
4442
4445
4448
4468
4479
4532
4552
4553
4562
4564
4567
4575
4577
4580
4588
4594
4616
4623
4639
4643
4647
4671
4676
4680
4702
4713
4717
4724
4745
4747
4751
4753
4763
4766
4789
4804
4819
4827
4840
4851
4857
4864
4870
4873
4880
4892
4896
4899
4905
4911
4918
4922
4926
4937
4946
4952
4977
4988
4990
4995
5009
5018
5030
5034
5044
5059
5068
5072
5085
5110
5116
5122
5130
5131
5132
5147
5149
5157
5194
5208
5210
5222
5236
5250
5251
5268
5277
5278
5281
5312
5314
5318
5326
5332
5371
5379
5394
5401
5404
5406
5418
5426
5428
5433
5434
5435
5458
5460
5483
5485
5498
5500
5502
5506
5511
5527
5530
5543
5554
5568
5592
5604
5630
5638
5650
5666
5669
5674
5679
5680
5682
5694
5698
5699
5731
5739
5775
5783
5789
5791
5796
5799
5814
5823
5824
5825
5832
5871
5889
5892
5919
5935
5936
5938
5943
5972
5975
5982
5984
5986
6002
6009
6012
6017
6040
6041
6052
6054
6075
6078
6084
6096
6114
6134
6140
6158
6176
6181
6214
6219
6222
6225
6226
6243
6247
6248
6259
6260
6275
6283
6296
6307
6310
6317
6323
6324
6357
6375
6382
6386
6394
6395
6400
6402
6403
6404
6411
6415
6417
6420
6435
6449
6455
6457
6468
6499
6504
6508
6512
6516
6520
6525
6535
6541
6557
6569
6582
6595
6601
6622
6631
6644
6650
6651
6654
6661
6685
6697
6709
6711
6727
6728
6736
6742
6756
6763
6765
6767
6775
6794
6798
6800
6809
6815
6816
6820
6821
6833
6844
6875
6879
6897
6900
6911
6926
6939
6944
6949
6956
6961
6963
6974
6991
7024
7028
7041
7044
7047
7058
7059
7068
7074
7078
7079
7114
7146
7162
7166
7170
7172
7176
7181
7185
7221
7233
7243
7268
7270
7274
7276
7279
7281
7283
7286
7295
7297
7312
7326
7331
7337
7354
7363
7370
7379
7384
7386
7391
7397
7398
7405
7406
7422
7431
7433
7470
7472
7487
7507
7518
7520
7532
7550
7566
7583
7607
7615
7630
7633
7642
7654
7657
7659
7660
7674
7676
7677
7685
7695
7745
7757
7762
7765
7774
7781
7783
7784
7817
7832
7834
7844
7852
7854
7857
7871
7874
7890
7892
7894
7896
7905
7908
7913
7921
7934
7951
7959
7971
7980
7983
7990
7993
8006
8025
8036
8056
8063
8065
8083
8094
8103
8111
8116
8132
8137
8148
8151
8153
8172
8187
8193
8201
8203
8217
8228
8230
8243
8265
8272
8282
8289
8292
8318
8323
8353
8381
8385
8392
8401
8403
8408
8416
8429
8431
8451
8453
8464
8475
8478
8481
8488
8490
8491
8492
8499
8505
8526
8527
8538
8552
8569
8578
8585
8589
8636
8670
8674
8675
8677
8682
8692
8700
8702
8709
8715
8744
8748
8781
8794
8803
8816
8827
8853
8871
8873
8899
8908
8909
8912
8915
8922
8932
8947
8952
8953
8965
8995
8998
9000
9001
9002
9005
9029
9034
9044
9053
9088
9097
9100
9104
9110
9130
9133
9136
9146
9159
9164
9171
9183
9206
9219
9238
9239
9242
9248
9261
9270
9281
9290
9328
9329
9342
9344
9345
9346
9352
9367
9372
9384
9389
9391
9397
9398
9401
9403
9413
9423
9428
9451
9456
9459
9460
9474
9485
9487
9488
9495
9513
9517
9527
9536
9554
9560
9564
9568
9577
9580
9587
9601
9610
9613
9634
9652
9664
9666
9673
9688
9696
9697
9701
9709
9745
9750
9764
9771
9779
9786
9790
9814
9816
9824
9827
9830
9854
9855
9874
9891
9912
9923
9931
9936
9941
9945
9952
9986
9993
10004
10012
10020
10023
10031
10041
10045
10065
10068
10087
10110
10113
10118
10132
10136
10166
10174
10186
10200
10210
10220
10221
10223
10247
10249
10267
10274
10288
10297
10304
10316
10317
10322
10323
10335
10356
10362
10368
10371
10399
10427
10428
10431
10436
10449
10455
10481
10484
10496
10499
10500
10504
10505
10520
10528
10531
10532
10544
10549
10559
10571
10572
10573
10589
10599
10622
10628
10630
10648
10659
10666
10678
10706
10715
10718
10723
10735
10742
10749
10752
10753
10771
10772
10776
10826
10829
10834
10865
10873
10875
10886
10892
10907
10915
10933
10943
10947
10954
10987
11028
11035
11050
11061
11064
11074
11078
11082
11098
11111
11131
11140
11144
11154
11163
11164
11166
11168
11169
11172
11175
11176
11184
11185
11190
11194
11241
11247
11255
11260
11269
11272
11306
11331
11335
11339
11356
11366
11368
11369
11376
11377
11379
11382
11393
11399
11402
11404
11416
11425
11430
11444
11453
11462
11494
11502
11510
11529
11534
11537
11553
11562
11578
11584
11592
11596
11610
11622
11647
11651
11659
11662
11665
11669
11676
11682
11690
11698
11701
11724
11726
11753
11763
11774
11784
11800
11805
11812
11814
11815
11838
11840
11873
11876
11882
11885
11908
11916
11928
11945
11948
11950
11958
11963
11987
11999
12005
12006
12015
12029
12056
12062
12065
12072
12081
12105
12106
12115
12116
12118
12120
12141
12152
12154
12164
12167
12172
12188
12193
12202
12208
12209
12219
12223
12230
12244
12265
12267
12278
12303
12323
12350
12352
12357
12374
12382
12385
12392
12408
12430
12432
12448
12456
12457
12458
12459
12461
12465
12477
12482
12485
12487
12490
12500
12515
12516
12521
12529
12530
12552
12557
12573
12581
12605
12612
12653
12662
12664
12669
12680
12683
12692
12693
12696
12704
12715
12729
12737
12743
12745
12760
12763
12770
12794
12805
12823
12841
12842
12846
12851
12858
12875
12890
12893
12923
12926
12933
12950
12965
12974
12987
12988
12997
13001
13005
13013
13015
13023
13024
13035
13047
13051
13083
13101
13109
13117
13122
13123
13128
13133
13142
13143
13177
13179
13185
13196
13199
13213
13230
13236
13249
13255
13257
13285
13291
13302
13308
13313
13336
13356
13360
13364
13374
13395
13398
13427
13444
13447
13448
13449
13450
13469
13477
13500
13507
13510
13513
13519
13524
13536
13543
13544
13549
13551
13554
13559
13569
13572
13576
13579
13581
13586
13587
13598
13606
13607
13609
13616
13618
13619
13620
13639
13652
13662
13670
13675
13677
13704
13720
13729
13734
13755
13757
13759
13770
13788
13793
13796
13799
13850
13851
13874
13875
13884
13889
13891
13892
13894
13898
13904
13912
13925
13926
13929
13932
13938
13945
13956
13989
13993
14005
14017
14025
14036
14046
14065
14087
14093
14096
14109
14110
14115
14117
14125
14134
14169
14171
14180
14186
14187
14195
14208
14216
14229
14232
14234
14238
14263
14277
14284
14286
14297
14309
14321
14325
14330
14336
14343
14351
14370
14373
14386
14389
14400
14403
14413
14414
14429
14431
14432
14437
14439
14453
14505
14515
14527
14539
14542
14549
14551
14564
14566
14573
14582
14587
14589
14604
14605
14611
14622
14624
14639
14640
14663
14686
14688
14689
14692
14694
14701
14703
14717
14718
14720
14736
14746
14759
14767
14772
14790
14810
14853
14858
14871
14878
14896
14902
14918
14937
14940
14947
14969
14987
14995
15006
15019
15020
15027
15047
15057
15060
15064
15070
15073
15099
15111
15114
15119
15120
15145
15156
15157
15170
15178
15179
15182
15184
15191
15215
15229
15234
15250
15251
15288
15325
15338
15343
15345
15349
15363
15383
15387
15409
15413
15417
15422
15426
15431
15435
15440
15448
15474
15476
15485
15487
15498
15500
15508
15522
15531
15532
15533
15535
15552
15559
15564
15592
15634
15635
15678
15681
15683
15692
15696
15699
15703
15705
15713
15714
15733
15739
15755
15766
15772
15786
15802
15820
15822
15848
15864
15869
15876
15889
15896
15916
15920
15930
15969
15971
15980
15984
15990
16000
16007
16016
16017
16029
16037
16038
16047
16049
16064
16065
16068
16069
16076
16082
16094
16105
16107
16108
16110
16114
16121
16130
16133
16147
16148
16161
16162
16167
16194
16199
16210
16220
16228
16229
16230
16237
16243
16246
16260
16263
16266
16269
16279
16283
16334
16356
16361
16376
16382
16388
16392
16393
16398
16408
16417
16418
16422
16424
16448
16458
16466
16489
16493
16510
16515
16523
16530
16540
16551
16554
16585
16600
16635
16639
16648
16650
16661
16678
16688
16701
16716
16724
16727
16728
16750
16773
16780
16781
16783
16798
16800
16814
16825
16828
16835
16853
16876
16884
16885
16904
16913
16930
16945
16947
16959
16977
16980
16981
16984
16987
16994
17004
17019
17030
17037
17047
17048
17054
17073
17085
17088
17090
17110
17138
17145
17147
17162
17180
17182
17191
17203
17204
17207
17213
17234
17238
17257
17264
17271
17294
17295
17305
17306
17317
17318
17338
17343
17409
17410
17433
17436
17438
17454
17458
17462
17472
17474
17478
17490
17492
17494
17502
17503
17508
17520
17549
17554
17561
17562
17567
17576
17599
17618
17653
17654
17657
17658
17667
17672
17689
17700
17705
17711
17716
17724
17727
17749
17763
17778
17779
17791
17810
17811
17820
17834
17835
17871
17881
17891
17904
17921
17927
17929
17934
17935
17947
17956
17960
17970
18000
18037
18042
18056
18060
18063
18073
18114
18120
18126
18141
18145
18162
18184
18190
18206
18215
18219
18230
18235
18237
18241
18256
18263
18273
18276
18280
18281
18292
18294
18335
18337
18371
18396
18405
18408
18436
18437
18440
18451
18454
18459
18486
18488
18499
18508
18520
18538
18547
18569
18570
18573
18583
18588
18589
18611
18613
18629
18642
18643
18653
18666
18670
18678
18726
18753
18760
18772
18781
18785
18787
18789
18797
18809
18811
18815
18826
18848
18854
18865
18872
18892
18901
18911
18922
18945
18958
18966
18967
18971
18976
18980
18986
18988
18989
19035
19055
19062
19089
19102
19107
19126
19134
19140
19147
19150
19154
19166
19183
19185
19187
19199
19207
19213
19223
19244
19253
19257
19297
19303
19311
19314
19325
19332
19380
19384
19394
19398
19402
19405
19424
19432
19433
19450
19455
19457
19462
19471
19486
19489
19494
19497
19499
19506
19508
19519
19530
19542
19545
19551
19597
19616
19648
19651
19653
19656
19659
19661
19667
19678
19682
19713
19723
19726
19739
19751
19757
19759
19769
19772
19775
19782
19795
19799
19803
19813
19817
19821
19830
19834
19839
19847
19875
19903
19908
19929
19932
19956
19960
19979
19982
20002
20004
20007
20008
20011
20019
20025
20035
20051
20071
20076
20077
20084
20099
20121
20140
20173
20178
20179
20196
20198
20212
20215
20216
20223
20230
20231
20240
20243
20249
20298
20310
20318
20339
20342
20348
20350
20363
20374
20395
20400
20409
20427
20430
20439
20440
20441
20450
20465
20518
20523
20524
20540
20545
20563
20580
20582
20585
20592
20599
20608
20618
20621
20624
20628
20632
20634
20637
20647
20649
20662
20667
20670
20680
20683
20688
20689
20690
20715
20725
20751
20759
20760
20779
20780
20782
20799
20801
20803
20813
20817
20831
20833
20837
20842
20844
20846
20847
20849
20873
20875
20877
20879
20887
20889
20896
20899
20917
20923
20927
20934
20939
20945
20946
20959
20973
20984
20995
21027
21037
21042
21045
21049
21056
21065
21082
21087
21122
21127
21133
21143
21146
21149
21155
21177
21188
21213
21215
21217
21218
21221
21224
21233
21239
21245
21248
21304
21305
21307
21333
21347
21349
21354
21376
21379
21390
21391
21399
21419
21420
21421
21423
21447
21448
21456
21467
21474
21483
21515
21522
21535
21536
21540
21559
21568
21572
21589
21591
21602
21603
21607
21612
21641
21646
21649
21657
21677
21702
21725
21729
21735
21739
21752
21761
21765
21774
21775
21781
21792
21808
21859
21910
21923
21933
21957
21963
21984
21986
21998
22003
22021
22039
22046
22051
22054
22059
22066
22084
22088
22108
22115
22117
22157
22158
22159
22168
22172
22203
22212
22222
22227
22229
22233
22258
22263
22264
22271
22285
22291
22293
22316
22325
22347
22374
22391
22403
22415
22422
22432
22433
22437
22438
22442
22468
22469
22470
22476
22485
22495
22501
22527
22530
22543
22573
22574
22590
22591
22599
22602
22615
22637
22639
22645
22667
22673
22679
22718
22726
22741
22759
22772
22774
22780
22781
22782
22810
22826
22833
22851
22857
22879
22882
22887
22888
22893
22895
22898
22900
22902
22912
22917
22922
22926
22929
22947
22965
22974
22975
22978
22991
23006
23007
23008
23014
23037
23041
23055
23060
23072
23076
23077
23081
23083
23093
23109
23112
23118
23128
23133
23142
23164
23174
23175
23176
23180
23189
23191
23209
23219
23228
23251
23273
23275
23280
23294
23295
23310
23332
23384
23393
23412
23421
23426
23436
23439
23446
23459
23478
23485
23488
23490
23499
23532
23534
23538
23544
23548
23551
23553
23564
23570
23574
23581
23598
23622
23634
23644
23652
23666
23674
23696
23697
23699
23711
23719
23720
23728
23744
23754
23769
23777
23781
23793
23817
23818
23824
23836
23839
23869
23892
23899
23924
23940
23955
23966
23980
23997
24007
24013
24018
24019
24039
24052
24054
24057
24066
24076
24097
24111
24139
24142
24156
24166
24168
24175
24178
24186
24213
24222
24226
24241
24247
24260
24263
24266
24290
24325
24329
24336
24337
24349
24368
24385
24389
24398
24400
24422
24429
24432
24437
24440
24453
24454
24458
24475
24484
24488
24507
24515
24516
24529
24540
24573
24575
24584
24585
24589
24591
24610
24612
24613
24619
24632
24644
24645
24646
24676
24681
24687
24694
24697
24701
24719
24724
24728
24738
24742
24765
24770
24772
24777
24826
24829
24842
24857
24859
24877
24878
24895
24900
24917
24963
24970
24985
24989
24992
25002
25003
25004
25032
25059
25077
25082
25100
25107
25128
25143
25146
25155
25161
25166
25171
25176
25178
25182
25190
25214
25217
25221
25233
25235
25243
25246
25253
25254
25256
25266
25294
25298
25301
25304
25311
25315
25330
25335
25338
25347
25357
25359
25371
25372
25382
25385
25392
25402
25419
25447
25468
25488
25503
25508
25511
25527
25537
25541
25549
25562
25575
25580
25581
25596
25598
25616
25617
25621
25623
25640
25641
25647
25651
25654
25682
25689
25700
25703
25707
25715
25719
25728
25730
25737
25739
25740
25754
25757
25759
25767
25778
25779
25783
25795
25799
25804
25806
25816
25836
25838
25842
25853
25875
25880
25881
25899
25904
25911
25913
25922
25928
25949
25952
25967
25970
25976
25986
25987
25991
25993
25995
26011
26021
26030
26043
26073
26090
26098
26106
26111
26116
26135
26142
26143
26148
26152
26160
26187
26195
26203
26234
26242
26258
26264
26267
26275
26337
26346
26372
26374
26386
26403
26421
26425
26448
26450
26464
26483
26501
26502
26508
26510
26517
26553
26556
26559
26572
26592
26601
26635
26641
26689
26700
26702
26718
26725
26745
26751
26753
26774
26781
26802
26806
26813
26838
26862
26882
26889
26891
26903
26906
26907
26912
26920
26935
26940
26941
26967
26977
26988
26998
27002
27005
27008
27015
27022
27041
27050
27070
27073
27077
27081
27092
27099
27105
27112
27114
27135
27136
27143
27159
27160
27184
27209
27218
27220
27227
27228
27247
27248
27255
27259
27263
27279
27280
27300
27310
27314
27320
27323
27325
27329
27331
27352
27353
27364
27394
27398
27410
27412
27415
27419
27425
27427
27433
27441
27456
27474
27481
27507
27509
27526
27544
27552
27553
27557
27561
27565
27575
27580
27585
27595
27603
27604
27614
27623
27626
27636
27662
27665
27673
27680
27693
27698
27713
27722
27732
27739
27741
27748
27759
27761
27781
27784
27821
27838
27839
27846
27865
27879
27895
27896
27906
27916
27918
27928
27956
27969
27986
28002
28006
28025
28039
28055
28060
28097
28102
28113
28121
28138
28142
28144
28149
28164
28165
28175
28197
28201
28215
28228
28232
28244
28252
28292
28305
28325
28333
28335
28337
28339
28360
28371
28386
28389
28396
28410
28415
28422
28438
28445
28447
28452
28470
28476
28483
28488
28492
28495
28498
28516
28521
28522
28524
28532
28538
28543
28572
28589
28591
28592
28593
28595
28598
28600
28611
28617
28621
28623
28655
28657
28673
28697
28705
28707
28722
28741
28748
28749
28763
28764
28818
28820
28824
28827
28836
28838
28842
28848
28857
28858
28859
28893
28925
28927
28931
28935
28938
28939
28968
28974
28975
28995
28999
29025
29026
29027
29039
29051
29053
29055
29063
29067
29069
29078
29088
29101
29103
29113
29124
29143
29144
29168
29169
29171
29180
29184
29189
29206
29226
29231
29248
29249
29260
29262
29264
29283
29301
29321
29329
29349
29372
29390
29399
29406
29426
29429
29431
29435
29438
29443
29463
29472
29475
29497
29502
29514
29530
29534
29540
29542
29546
29552
29555
29558
29559
29560
29562
29581
29588
29590
29593
29607
29610
29613
29616
29627
29643
29647
29648
29678
29680
29682
29683
29687
29704
29712
29716
29725
29733
29739
29754
29759
29770
29773
29793
29799
29801
29810
29834
29845
29853
29857
29870
29881
29884
29890
29896
29902
29908
29909
29939
29941
29944
29945
29952
29960
29961
30001
30004
30017
30030
30040
30042
30046
30057
30066
30072
30106
30108
30109
30110
30111
30119
30120
30124
30135
30141
30159
30178
30200
30202
30217
30220
30221
30244
30249
30251
30264
30266
30291
30299
30322
30328
30333
30345
30353
30371
30376
30399
30426
30433
30435
30441
30442
30443
30449
30452
30470
30481
30488
30489
30497
30502
30504
30509
30519
30525
30555
30562
30575
30590
30610
30620
30637
30638
30640
30647
30648
30649
30664
30668
30691
30697
30703
30712
30714
30717
30722
30752
30755
30761
30766
30777
30780
30785
30799
30805
30809
30841
30847
30848
30867
30870
30877
30889
30890
30894
30910
30929
30957
30960
30988
30995
31012
31013
31017
31027
31042
31046
31054
31061
31068
31071
31078
31084
31091
31092
31094
31106
31110
31119
31120
31125
31131
31134
31135
31138
31167
31168
31172
31186
31205
31210
31222
31236
31239
31245
31250
31255
31283
31289
31290
31297
31298
31305
31330
31339
31358
31363
31373
31411
31412
31416
31425
31427
31441
31445
31450
31453
31458
31469
31472
31474
31482
31489
31491
31496
31500
31503
31511
31527
31550
31560
31571
31583
31599
31603
31604
31605
31612
31613
31616
31622
31629
31640
31641
31646
31668
31673
31676
31682
31688
31691
31698
31702
31708
31710
31725
31745
31755
31763
31768
31770
31782
31784
31795
31799
31823
31829
31834
31865
31876
31906
31909
31927
31928
31943
31970
31980
31981
31986
31989
31993
32000
32001
32009
32013
32015
32017
32027
32053
32066
32070
32077
32078
32079
32081
32083
32086
32088
32120
32140
32150
32154
32176
32178
32193
32199
32222
32224
32230
32241
32247
32290
32300
32315
32325
32343
32373
32394
32403
32422
32424
32451
32463
32464
32470
32476
32491
32507
32553
32566
32568
32572
32584
32586
32601
32618
32652
32655
32656
32684
32709
32716
32726
32755
32765
32767
32775
32792
32800
32803
32811
32817
32845
32849
32866
32881
32884
32886
32896
32902
32911
32933
32934
32950
32951
32958
32962
32968
32995
33015
33041
33053
33063
33072
33076
33088
33090
33102
33108
33119
33124
33133
33136
33152
33161
33171
33176
33189
33197
33233
33247
33251
33259
33265
33271
33272
33276
33278
33294
33297
33307
33322
33324
33325
33336
33342
33352
33359
33370
33382
33398
33408
33412
33421
33431
33436
33440
33442
33455
33472
33475
33481
33484
33486
33491
33523
33533
33536
33554
33563
33567
33572
33577
33582
33583
33586
33588
33595
33596
33601
33603
33610
33615
33634
33647
33662
33665
33672
33675
33687
33690
33696
33704
33709
33718
33719
33735
33757
33767
33769
33789
33813
33819
33824
33827
33832
33843
33846
33855
33856
33858
33859
33860
33874
33877
33884
33927
33928
33949
33954
33962
33975
33982
33987
33988
33995
34018
34027
34032
34033
34049
34050
34062
34080
34084
34086
34102
34106
34121
34130
34133
34135
34146
34153
34154
34158
34159
34177
34224
34231
34249
34255
34274
34293
34306
34309
34313
34321
34328
34336
34337
34366
34389
34393
34394
34402
34417
34425
34431
34432
34436
34439
34447
34491
34508
34517
34528
34529
34533
34538
34541
34553
34556
34561
34563
34577
34579
34601
34611
34616
34619
34627
34628
34629
34632
34642
34645
34646
34670
34688
34696
34707
34712
34729
34731
34739
34740
34760
34770
34781
34790
34793
34798
34799
34806
34809
34812
34813
34826
34828
34839
34843
34860
34866
34870
34881
34897
34903
34911
34925
34938
34941
34946
34959
34971
34980
34993
34995
35000
35004
35006
35012
35016
35018
35024
35027
35028
35059
35061
35076
35079
35081
35087
35094
35102
35113
35130
35132
35172
35177
35187
35201
35211
35227
35229
35252
35262
35267
35269
35270
35274
35302
35312
35324
35334
35335
35343
35344
35350
35354
35355
35375
35378
35409
35411
35418
35422
35426
35441
35455
35461
35473
35480
35481
35511
35522
35530
35539
35549
35552
35569
35574
35584
35601
35608
35613
35617
35627
35650
35653
35657
35682
35686
35688
35692
35704
35707
35719
35732
35750
35753
35757
35767
35774
35782
35800
35806
35807
35811
35826
35833
35837
35843
35857
35867
35875
35880
35888
35897
35902
35910
35928
35944
35952
35953
35977
35978
35979
35980
35981
35983
35993
36023
36027
36028
36045
36060
36065
36076
36078
36087
36103
36108
36116
36134
36135
36147
36153
36159
36186
36197
36200
36209
36213
36219
36221
36229
36235
36238
36245
36247
36251
36264
36283
36286
36291
36293
36294
36301
36311
36313
36334
36351
36354
36372
36376
36385
36434
36439
36476
36490
36499
36506
36508
36532
36553
36576
36582
36596
36606
36644
36658
36665
36668
36676
36686
36692
36722
36725
36727
36729
36752
36763
36768
36787
36806
36807
36810
36811
36820
36825
36830
36838
36840
36843
36845
36847
36860
36897
36898
36911
36929
36948
36952
36958
36970
37000
37007
37025
37031
37041
37055
37059
37065
37081
37083
37086
37114
37120
37137
37145
37149
37157
37169
37180
37183
37184
37194
37213
37216
37220
37225
37265
37270
37273
37299
37301
37323
37326
37330
37341
37351
37371
37379
37386
37388
37392
37405
37415
37419
37439
37445
37449
37454
37460
37463
37465
37471
37514
37516
37523
37524
37529
37543
37547
37549
37551
37554
37557
37581
37592
37594
37605
37607
37616
37619
37630
37639
37640
37645
37688
37689
37693
37695
37704
37712
37717
37727
37730
37734
37737
37753
37764
37790
37798
37800
37806
37807
37817
37821
37850
37855
37856
37897
37899
37901
37909
37915
37916
37928
37934
37938
37949
37950
37961
37963
37972
37979
37983
37986
37992
37996
38007
38010
38046
38051
38086
38106
38122
38127
38131
38157
38167
38169
38187
38188
38190
38211
38212
38215
38221
38227
38243
38246
38261
38266
38267
38274
38287
38292
38293
38310
38336
38370
38385
38395
38400
38401
38417
38427
38434
38445
38461
38495
38520
38560
38570
38583
38601
38611
38612
38640
38647
38649
38658
38661
38675
38682
38684
38706
38707
38733
38737
38747
38793
38795
38818
38819
38829
38845
38857
38870
38884
38895
38898
38901
38945
38958
38968
38996
39007
39011
39061
39078
39086
39094
39113
39139
39140
39145
39154
39171
39175
39192
39197
39217
39256
39263
39267
39269
39271
39279
39282
39313
39337
39361
39373
39391
39392
39399
39401
39404
39417
39418
39426
39433
39445
39450
39454
39473
39508
39519
39520
39532
39534
39546
39553
39561
39564
39566
39576
39583
39589
39591
39612
39624
39633
39634
39638
39649
39652
39662
39665
39666
39669
39676
39682
39698
39702
39708
39715
39728
39731
39749
39751
39753
39754
39760
39783
39798
39813
39824
39856
39859
39877
39913
39932
39933
39946
39953
39980
39982
40007
40008
40025
40030
40043
40064
40079
40081
40083
40086
40089
40104
40111
40118
40120
40122
40123
40147
40161
40169
40170
40211
40248
40249
40250
40253
40255
40263
40267
40269
40285
40291
40296
40297
40302
40303
40306
40315
40320
40325
40333
40342
40348
40360
40374
40379
40385
40403
40422
40425
40441
40463
40475
40480
40494
40515
40539
40541
40546
40596
40600
40601
40605
40611
40628
40630
40637
40640
40643
40659
40662
40676
40678
40679
40705
40710
40722
40726
40746
40753
40777
40779
40785
40804
40810
40812
40820
40822
40825
40829
40831
40853
40854
40856
40859
40860
40865
40867
40872
40885
40886
40887
40928
40935
40940
40943
40953
40960
40965
40974
40992
40993
40995
41019
41036
41058
41063
41073
41077
41079
41080
41086
41089
41104
41150
41158
41192
41195
41196
41202
41226
41251
41263
41273
41275
41283
41316
41318
41331
41334
41340
41348
41358
41369
41370
41375
41385
41389
41426
41433
41446
41450
41454
41464
41475
41476
41498
41530
41544
41549
41556
41560
41561
41566
41567
41570
41571
41572
41591
41621
41627
41638
41645
41648
41651
41658
41660
41663
41677
41684
41691
41694
41695
41702
41703
41708
41709
41710
41711
41713
41721
41745
41750
41761
41801
41809
41812
41818
41846
41880
41883
41886
41896
41925
41932
41940
41941
41947
41960
41967
41980
41985
42012
42032
42037
42040
42045
42059
42066
42074
42087
42091
42093
42096
42099
42103
42112
42116
42122
42124
42140
42154
42170
42197
42199
42215
42235
42246
42259
42271
42298
42304
42311
42315
42319
42321
42332
42349
42350
42355
42362
42377
42386
42392
42396
42400
42430
42435
42440
42442
42471
42483
42485
42486
42488
42492
42493
42499
42500
42501
42503
42509
42514
42545
42555
42565
42587
42619
42624
42629
42630
42632
42633
42657
42661
42668
42671
42695
42697
42708
42712
42716
42721
42736
42740
42741
42743
42761
42768
42785
42786
42801
42811
42813
42814
42824
42825
42829
42846
42863
42868
42869
42874
42884
42902
42930
42937
42938
42958
42959
42962
42989
43002
43003
43011
43036
43061
43066
43073
43082
43087
43088
43113
43138
43140
43156
43165
43170
43192
43204
43205
43210
43212
43213
43217
43220
43225
43245
43249
43263
43264
43269
43272
43278
43283
43305
43307
43310
43314
43342
43343
43345
43347
43351
43352
43360
43361
43364
43377
43386
43395
43405
43425
43468
43493
43496
43503
43519
43520
43526
43527
43530
43532
43544
43558
43587
43605
43610
43619
43629
43632
43636
43639
43646
43675
43682
43685
43686
43710
43714
43716
43725
43739
43763
43771
43772
43788
43791
43803
43807
43819
43840
43848
43864
43878
43881
43884
43894
43907
43914
43916
43941
43970
43975
43985
43986
43988
44002
44005
44026
44035
44036
44044
44049
44076
44094
44102
44104
44111
44167
44176
44185
44188
44192
44197
44204
44210
44220
44221
44230
44236
44242
44273
44277
44299
44308
44319
44336
44351
44368
44378
44384
44386
44390
44393
44395
44429
44434
44458
44462
44470
44489
44520
44524
44526
44532
44548
44552
44553
44560
44566
44567
44573
44575
44584
44588
44592
44609
44625
44628
44637
44678
44697
44698
44719
44725
44733
44734
44748
44749
44750
44756
44762
44765
44778
44815
44826
44837
44842
44845
44847
44850
44864
44882
44883
44886
44916
44917
44918
44919
44923
44925
44935
44950
44952
44966
44981
44991
44994
44997
44999
45007
45008
45012
45028
45050
45054
45061
45068
45075
45088
45091
45092
45097
45099
45107
45128
45135
45144
45149
45154
45158
45161
45163
45165
45176
45204
45209
45210
45217
45219
45230
45231
45240
45241
45242
45270
45286
45289
45292
45316
45332
45333
45339
45355
45368
45380
45415
45418
45419
45423
45446
45447
45450
45466
45467
45468
45484
45488
45509
45513
45514
45525
45531
45545
45558
45568
45577
45580
45584
45587
45596
45618
45624
45632
45639
45646
45649
45654
45665
45679
45688
45689
45699
45706
45710
45725
45731
45740
45758
45764
45768
45772
45773
45784
45787
45800
45816
45832
45833
45850
45854
45865
45870
45878
45885
45888
45890
45891
45901
45909
45913
45916
45924
45958
45961
45978
45983
45990
45993
46008
46013
46021
46053
46054
46056
46062
46064
46065
46066
46084
46086
46098
46122
46123
46124
46125
46132
46140
46144
46163
46181
46203
46215
46216
46219
46223
46241
46254
46259
46280
46300
46310
46331
46343
46360
46361
46362
46380
46383
46392
46404
46407
46410
46419
46430
46467
46505
46514
46549
46558
46567
46570
46571
46579
46588
46601
46604
46605
46610
46630
46636
46637
46695
46699
46729
46754
46783
46785
46788
46790
46800
46823
46830
46835
46837
46840
46842
46843
46890
46894
46896
46908
46910
46912
46920
46924
46930
46932
46938
46954
46955
46958
46962
46966
46974
46975
46981
46988
46992
46999
47002
47003
47030
47032
47036
47045
47061
47077
47095
47105
47107
47111
47134
47138
47145
47147
47155
47168
47178
47180
47188
47193
47204
47205
47218
47224
47231
47235
47245
47250
47252
47253
47257
47277
47307
47320
47321
47325
47328
47342
47344
47345
47355
47365
47403
47407
47409
47426
47438
47440
47446
47447
47455
47470
47480
47481
47488
47490
47503
47506
47512
47521
47534
47536
47541
47544
47556
47562
47570
47573
47578
47579
47586
47599
47603
47632
47635
47644
47666
47669
47686
47730
47735
47759
47786
47787
47791
47810
47829
47831
47837
47843
47863
47875
47887
47894
47897
47909
47931
47953
47967
47971
47990
47995
48007
48011
48040
48044
48052
48056
48057
48077
48086
48102
48123
48138
48143
48145
48147
48150
48157
48168
48179
48189
48204
48205
48209
48216
48232
48248
48252
48257
48261
48265
48271
48283
48285
48296
48309
48310
48319
48326
48335
48340
48351
48352
48366
48378
48407
48417
48428
48429
48433
48437
48438
48446
48476
48500
48512
48529
48539
48553
48575
48608
48618
48629
48638
48640
48641
48658
48678
48691
48693
48726
48735
48742
48751
48765
48768
48774
48788
48790
48807
48810
48812
48834
48835
48855
48856
48861
48874
48881
48886
48897
48903
48905
48920
48925
48939
48950
48951
48962
48968
48971
48976
48980
49001
49004
49007
49036
49037
49044
49059
49085
49098
49110
49115
49119
49140
49143
49145
49155
49170
49176
49208
49234
49242
49256
49258
49260
49265
49280
49292
49293
49304
49306
49314
49322
49323
49355
49357
49411
49412
49450
49460
49464
49471
49474
49482
49487
49490
49502
49507
49509
49518
49520
49526
49534
49537
49541
49550
49561
49563
49564
49565
49594
49604
49610
49616
49622
49623
49631
49643
49654
49656
49669
49673
49674
49681
49683
49689
49699
49701
49706
49725
49741
49763
49765
49772
49774
49784
49787
49793
49798
49832
49841
49843
49859
49862
49871
49872
49877
49898
49904
49924
49931
49936
49941
49994
