19
20
28
56
65
79
85
127
132
157
169
178
210
227
279
302
309
316
328
352
353
355
360
368
370
380
393
395
432
436
445
448
450
466
475
492
511
513
520
524
532
552
554
559
570
574
582
586
596
605
608
623
630
699
712
718
731
732
735
739
741
769
803
824
833
836
838
850
852
888
894
903
906
944
954
971
1026
1046
1047
1052
1062
1065
1092
1103
1110
1119
1123
1125
1131
1132
1175
1186
1195
1196
1197
1218
1221
1237
1250
1275
1288
1292
1293
1297
1303
1305
1327
1337
1347
1371
1373
1422
1425
1432
1434
1435
1438
1444
1452
1487
1493
1497
1498
1499
1505
1508
1510
1511
1512
1514
1526
1527
1528
1537
1558
1563
1564
1579
1590
1596
1603
1619
1630
1651
1659
1668
1672
1674
1679
1688
1697
1701
1704
1745
1775
1794
1803
1817
1829
1840
1845
1889
1896
1900
1924
1945
1982
1983
1986
1999
2040
2053
2056
2063
2067
2068
2073
2080
2089
2096
2107
2120
2132
2133
2149
2157
2176
2187
2197
2200
2203
2212
2213
2225
2250
2254
2280
2286
2297
2309
2314
2339
2356
2357
2383
2439
2443
2448
2474
2486
2488
2514
2517
2537
2560
2567
2583
2594
2599
2604
2622
2650
2665
2667
2697
2707
2731
2742
2748
2758
2773
2788
2795
2808
2817
2826
2859
2863
2865
2871
2872
2874
2885
2897
2918
2922
2951
2955
2976
2987
2991
2994
2996
3010
3021
3036
3047
3078
3152
3154
3186
3197
3216
3245
3253
3262
3264
3317
3342
3344
3356
3364
3375
3386
3432
3453
3458
3470
3491
3498
3505
3513
3548
3578
3584
3606
3633
3639
3644
3645
3650
3657
3665
3677
3686
3709
3715
3757
3762
3785
3791
3819
3820
3830
3833
3839
3840
3843
3844
3854
3864
3899
3907
3916
3926
3927
3937
3958
3959
3960
3965
3966
3968
3971
3992
3993
4000
4016
4028
4029
4037
4049
4061
4063
4066
4083
4087
4095
4098
4128
4148
4152
4154
4161
4172
4174
4175
4181
4184
4186
4204
4210
4214
4223
4231
4241
4247
4269
4276
4279
4283
4299
4304
4307
4312
4325
4327
4339
4353
4377
4382
4388
4395
4397
4433
4454
4460
4477
4505
4510
4511
4513
4545
4550
4557
4560
4566
4588
4592
4600
4628
4629
4634
4643
4644
4647
4655
4666
4689
4691
4730
4741
4776
4794
4822
4827
4828
4832
4843
4864
4874
4894
4905
4913
4922
4926
4933
4935
4939
4947
4949
4953
4978
4979
5024
5025
5030
5038
5043
5086
5089
5092
5099
5115
5166
5169
5173
5178
5191
5206
5225
5231
5240
5242
5248
5256
5258
5279
5286
5335
5366
5410
5424
5449
5458
5461
5465
5467
5480
5486
5542
5554
5556
5566
5571
5587
5594
5607
5610
5626
5651
5657
5659
5665
5674
5678
5681
5700
5702
5725
5730
5739
5777
5779
5789
5805
5816
5823
5824
5841
5849
5852
5865
5868
5871
5889
5906
5907
5917
5920
5921
5926
5927
5935
5936
5952
5969
5977
5991
5992
6000
6008
6014
6019
6028
6047
6050
6053
6056
6058
6066
6073
6086
6091
6119
6130
6157
6162
6176
6181
6194
6206
6227
6239
6243
6268
6274
6276
6292
6296
6304
6309
6310
6318
6332
6358
6397
6413
6425
6452
6470
6484
6489
6511
6513
6516
6525
6537
6546
6560
6581
6589
6595
6599
6617
6621
6632
6635
6638
6650
6658
6662
6673
6676
6678
6702
6708
6713
6715
6718
6724
6754
6762
6792
6810
6813
6824
6835
6849
6853
6879
6883
6886
6888
6897
6920
6928
6949
6976
6980
6987
6990
6991
7008
7037
7086
7089
7092
7130
7134
7168
7174
7175
7182
7198
7210
7211
7239
7242
7245
7283
7293
7298
7306
7311
7326
7330
7332
7335
7337
7338
7361
7374
7394
7404
7407
7409
7418
7422
7426
7444
7445
7454
7457
7462
7468
7474
7478
7496
7500
7501
7535
7561
7564
7601
7607
7620
7624
7631
7657
7662
7667
7701
7704
7711
7740
7755
7763
7766
7768
7773
7776
7779
7805
7807
7808
7826
7827
7829
7839
7847
7857
7865
7910
7915
7918
7922
7925
7926
7931
7965
7975
7993
8000
8004
8027
8038
8069
8076
8082
8086
8096
8098
8123
8128
8133
8145
8157
8161
8165
8181
8188
8189
8199
8213
8228
8236
8258
8272
8292
8303
8305
8307
8310
8325
8359
8362
8386
8389
8397
8399
8404
8413
8432
8433
8475
8478
8483
8486
8496
8533
8542
8547
8555
8557
8591
8606
8621
8641
8697
8701
8713
8720
8734
8766
8781
8783
8789
8820
8837
8853
8859
8887
8907
8911
8912
8924
8951
8953
8966
8981
8984
9017
9026
9040
9059
9067
9085
9091
9093
9099
9101
9104
9108
9111
9132
9149
9153
9180
9192
9202
9229
9235
9238
9261
9286
9313
9319
9327
9337
9356
9357
9363
9381
9385
9388
9420
9424
9442
9451
9478
9489
9496
9520
9538
9541
9555
9579
9583
9603
9606
9620
9631
9635
9636
9647
9668
9679
9683
9685
9693
9705
9711
9747
9748
9751
9752
9796
9797
9798
9811
9820
9831
9833
9840
9842
9843
9852
9865
9880
9882
9891
9895
9898
9913
9925
9931
9959
9968
9986
9993
10016
10027
10044
10077
10080
10095
10098
10104
10118
10122
10126
10145
10146
10150
10152
10154
10155
10183
10196
10199
10253
10270
10271
10275
10300
10317
10335
10352
10380
10404
10411
10426
10428
10430
10435
10448
10508
10520
10523
10525
10539
10555
10569
10589
10607
10609
10616
10624
10627
10663
10672
10696
10697
10718
10722
10731
10739
10776
10792
10793
10795
10803
10822
10827
10831
10841
10842
10854
10859
10863
10864
10873
10880
10892
10896
10911
10925
10938
10969
10972
10977
10987
10997
11039
11071
11082
11096
11101
11129
11133
11149
11150
11161
11168
11173
11193
11195
11202
11208
11228
11258
11280
11326
11328
11333
11355
11365
11374
11379
11395
11399
11405
11415
11426
11440
11459
11462
11465
11470
11477
11507
11527
11532
11549
11566
11619
11620
11634
11650
11664
11672
11679
11689
11706
11717
11732
11739
11753
11779
11781
11786
11799
11801
11830
11837
11864
11879
11883
11898
11901
11918
11921
11965
11966
11971
11973
11996
12009
12024
12039
12041
12057
12062
12076
12084
12097
12125
12132
12143
12144
12149
12160
12161
12175
12179
12181
12233
12246
12266
12279
12284
12287
12303
12307
12321
12339
12368
12372
12390
12398
12423
12433
12451
12453
12463
12470
12472
12498
12509
12527
12536
12537
12543
12556
12566
12578
12586
12603
12632
12633
12634
12679
12689
12710
12733
12752
12794
12799
12808
12824
12849
12855
12876
12920
12927
12946
12952
12964
12966
12970
12979
12995
13006
13011
13012
13027
13034
13065
13082
13083
13087
13092
13093
13094
13103
13106
13110
13115
13129
13139
13152
13155
13159
13168
13174
13181
13189
13190
13202
13210
13214
13232
13239
13255
13264
13267
13294
13311
13316
13322
13326
13334
13345
13348
13355
13359
13361
13407
13443
13470
13485
13493
13509
13512
13516
13526
13527
13540
13544
13545
13560
13566
13577
13583
13598
13615
13617
13627
13628
13650
13680
13683
13689
13738
13745
13765
13769
13774
13799
13810
13841
13843
13849
13871
13875
13877
13885
13886
13898
13915
13926
13957
13960
13991
13995
13997
14001
14005
14039
14055
14066
14085
14087
14113
14129
14159
14184
14185
14187
14188
14196
14203
14219
14244
14262
14288
14296
14325
14350
14365
14366
14370
14375
14383
14402
14422
14435
14453
14485
14497
14498
14505
14513
14518
14525
14541
14542
14560
14578
14597
14604
14626
14646
14659
14663
14671
14689
14720
14724
14754
14755
14782
14790
14798
14800
14822
14824
14828
14834
14837
14840
14842
14858
14865
14870
14871
14884
14898
14915
14938
14951
14954
14981
14994
15027
15065
15099
15100
15102
15104
15138
15141
15172
15186
15194
15210
15211
15219
15222
15223
15225
15233
15243
15296
15332
15342
15344
15347
15368
15381
15393
15408
15421
15429
15431
15488
15499
15502
15525
15531
15561
15565
15569
15600
15606
15616
15627
15646
15651
15660
15667
15678
15688
15708
15726
15731
15735
15743
15744
15748
15761
15764
15769
15774
15785
15788
15821
15823
15831
15838
15844
15847
15852
15874
15889
15911
15913
15918
15923
15930
15943
15955
15971
15985
15996
16049
16055
16072
16088
16107
16115
16130
16146
16153
16178
16182
16188
16194
16195
16197
16239
16253
16258
16261
16279
16285
16289
16306
16320
16331
16333
16350
16355
16356
16404
16414
16444
16447
16471
16475
16515
16517
16523
16527
16543
16548
16559
16590
16602
16606
16608
16610
16611
16619
16631
16639
16646
16659
16693
16696
16724
16732
16745
16750
16782
16801
16803
16827
16828
16832
16864
16865
16867
16881
16886
16914
16923
16950
16969
16977
16982
16983
16991
17006
17031
17086
17095
17097
17109
17120
17157
17166
17231
17242
17263
17279
17297
17303
17304
17311
17316
17326
17331
17369
17372
17380
17405
17411
17418
17423
17430
17431
17462
17496
17502
17504
17506
17510
17535
17536
17563
17568
17576
17584
17589
17600
17606
17617
17619
17621
17622
17632
17644
17655
17658
17667
17685
17712
17722
17728
17751
17777
17788
17795
17799
17822
17847
17855
17865
17866
17869
17880
17890
17910
17922
17938
17944
17950
17952
17966
17967
17977
17979
17985
18010
18018
18021
18040
18054
18065
18072
18080
18096
18119
18120
18122
18145
18152
18169
18171
18175
18196
18198
18241
18248
18279
18295
18316
18317
18324
18328
18366
18379
18385
18391
18422
18468
18475
18500
18528
18550
18570
18571
18574
18584
18601
18619
18631
18640
18658
18685
18688
18700
18716
18720
18731
18733
18743
18748
18749
18759
18760
18779
18784
18788
18811
18843
18851
18875
18946
18948
18955
18981
19000
19020
19036
19055
19058
19062
19085
19092
19106
19169
19191
19207
19211
19212
19218
19242
19252
19254
19286
19300
19303
19304
19306
19313
19324
19336
19340
19357
19395
19405
19417
19449
19450
19456
19460
19472
19474
19483
19512
19518
19521
19523
19546
19552
19555
19567
19586
19612
19627
19631
19635
19642
19643
19657
19663
19664
19669
19678
19690
19695
19708
19713
19722
19747
19752
19753
19768
19782
19788
19798
19804
19805
19820
19828
19846
19856
19862
19894
19895
19900
19902
19905
19930
19977
19988
20024
20027
20033
20034
20035
20043
20075
20098
20104
20117
20123
20127
20134
20149
20153
20156
20168
20170
20184
20188
20198
20218
20228
20239
20256
20288
20298
20303
20304
20310
20316
20336
20352
20373
20390
20398
20406
20408
20420
20433
20451
20453
20463
20483
20507
20517
20535
20538
20550
20564
20573
20574
20600
20603
20606
20682
20701
20706
20707
20708
20720
20726
20733
20736
20745
20749
20754
20794
20795
20811
20816
20819
20836
20839
20842
20864
20868
20873
20880
20882
20883
20891
20908
20916
20925
20930
20959
20961
20970
20971
20977
20978
20990
20995
21009
21042
21059
21078
21091
21106
21110
21121
21131
21135
21136
21162
21172
21173
21185
21194
21196
21205
21208
21209
21230
21234
21244
21252
21267
21269
21285
21290
21310
21320
21325
21348
21386
21415
21422
21430
21436
21451
21452
21454
21461
21474
21477
21532
21536
21562
21576
21594
21600
21602
21643
21661
21667
21672
21679
21685
21686
21703
21710
21711
21720
21722
21723
21747
21750
21779
21785
21827
21828
21843
21853
21862
21870
21903
21921
21922
21923
21938
21942
21943
21962
21970
21971
22012
22036
22041
22046
22066
22078
22079
22088
22108
22122
22127
22132
22136
22138
22148
22158
22161
22187
22188
22209
22224
22234
22239
22245
22285
22300
22324
22345
22365
22372
22379
22401
22409
22431
22432
22442
22458
22464
22490
22502
22505
22518
22522
22523
22530
22554
22575
22581
22585
22602
22606
22610
22615
22617
22619
22624
22641
22647
22649
22652
22683
22684
22691
22700
22705
22708
22717
22720
22728
22750
22762
22767
22770
22774
22790
22797
22799
22802
22865
22866
22877
22914
22915
22925
22928
22934
22954
22960
22977
22998
23006
23021
23033
23073
23076
23080
23093
23096
23100
23106
23112
23126
23132
23134
23148
23164
23168
23172
23195
23207
23225
23227
23247
23250
23257
23259
23279
23288
23299
23304
23309
23313
23318
23325
23328
23332
23346
23348
23354
23358
23362
23363
23366
23394
23404
23440
23443
23457
23476
23520
23529
23530
23540
23543
23548
23583
23592
23597
23616
23622
23624
23638
23645
23651
23670
23682
23698
23712
23722
23740
23742
23744
23746
23749
23791
23794
23800
23802
23807
23812
23845
23850
23880
23889
23901
23903
23911
23929
23946
23957
24023
24040
24048
24059
24061
24077
24083
24089
24135
24159
24162
24166
24173
24175
24185
24186
24208
24210
24231
24242
24249
24264
24273
24283
24289
24290
24295
24330
24349
24354
24361
24381
24403
24412
24415
24427
24428
24444
24449
24468
24480
24505
24515
24552
24554
24575
24593
24602
24617
24620
24629
24643
24657
24660
24684
24699
24700
24735
24738
24748
24749
24763
24783
24785
24806
24807
24818
24827
24831
24833
24838
24839
24843
24847
24848
24852
24857
24879
24887
24900
24916
24937
24977
24986
24992
24993
24996
25000
25007
25031
25032
25034
25040
25043
25045
25059
25072
25073
25074
25088
25090
25107
25109
25145
25150
25165
25187
25196
25212
25221
25222
25234
25257
25274
25281
25289
25295
25319
25363
25379
25392
25426
25431
25446
25447
25456
25459
25461
25465
25470
25472
25480
25484
25529
25550
25554
25556
25559
25563
25592
25600
25610
25629
25670
25677
25679
25685
25691
25705
25710
25786
25791
25800
25803
25804
25818
25824
25831
25843
25856
25879
25893
25901
25927
25952
25954
25957
25970
25972
25989
25995
26025
26054
26068
26098
26100
26117
26120
26131
26132
26138
26141
26147
26157
26158
26171
26224
26261
26273
26282
26290
26295
26314
26328
26335
26361
26370
26377
26387
26410
26414
26482
26499
26513
26528
26530
26538
26544
26557
26568
26571
26578
26588
26613
26646
26651
26654
26665
26671
26685
26701
26727
26742
26744
26768
26789
26802
26811
26816
26829
26845
26847
26853
26890
26906
26913
26916
26919
26944
26947
26963
26976
26984
26997
27020
27024
27032
27043
27055
27056
27061
27106
27118
27121
27132
27151
27180
27188
27203
27205
27206
27225
27259
27284
27287
27317
27318
27319
27321
27332
27333
27344
27368
27388
27398
27408
27433
27459
27468
27493
27495
27496
27511
27521
27547
27548
27559
27562
27574
27586
27588
27590
27596
27601
27608
27629
27653
27656
27672
27682
27698
27700
27704
27712
27720
27725
27734
27743
27754
27756
27762
27770
27777
27803
27811
27813
27827
27853
27854
27865
27867
27878
27882
27913
27916
27921
27951
27969
27972
27983
27986
28012
28044
28084
28088
28089
28099
28117
28123
28147
28152
28159
28161
28163
28165
28189
28218
28247
28252
28255
28279
28281
28292
28302
28314
28333
28341
28345
28361
28373
28379
28387
28406
28408
28438
28448
28451
28452
28471
28507
28516
28552
28570
28578
28583
28589
28609
28685
28689
28699
28700
28711
28722
28732
28734
28752
28763
28764
28794
28798
28799
28811
28823
28840
28849
28855
28875
28889
28891
28903
28906
28911
28916
28931
28955
28968
28977
29011
29014
29023
29028
29032
29038
29050
29053
29054
29073
29076
29091
29140
29158
29177
29206
29215
29230
29247
29282
29295
29325
29343
29347
29352
29353
29367
29374
29379
29381
29395
29444
29449
29452
29475
29481
29489
29506
29518
29537
29539
29552
29561
29608
29628
29630
29641
29644
29668
29676
29679
29693
29704
29719
29736
29767
29781
29795
29802
29806
29814
29818
29828
29829
29843
29845
29856
29857
29896
29899
29919
29940
29941
29942
29953
29960
29975
29976
29981
30018
30031
30048
30050
30052
30061
30088
30098
30114
30155
30172
30177
30182
30185
30191
30242
30269
30294
30307
30310
30312
30315
30317
30349
30350
30355
30361
30362
30374
30417
30429
30443
30448
30454
30468
30469
30495
30549
30565
30584
30594
30600
30620
30632
30634
30637
30647
30656
30665
30670
30675
30682
30703
30708
30713
30719
30722
30730
30753
30773
30778
30783
30807
30812
30831
30832
30833
30842
30845
30852
30868
30875
30892
30901
30906
30930
30933
30934
30936
30971
30999
31007
31008
31015
31020
31021
31024
31026
31033
31052
31070
31076
31101
31106
31108
31113
31119
31131
31136
31147
31156
31170
31171
31182
31203
31220
31222
31231
31252
31298
31321
31332
31340
31341
31342
31345
31353
31357
31376
31379
31380
31391
31393
31396
31409
31415
31416
31428
31439
31440
31442
31457
31467
31481
31483
31488
31503
31507
31529
31532
31556
31562
31569
31586
31587
31591
31602
31613
31643
31646
31654
31671
31672
31690
31701
31702
31774
31786
31788
31803
31805
31826
31834
31836
31837
31847
31864
31894
31909
31915
31959
31967
31968
31975
31994
32002
32008
32016
32021
32022
32027
32037
32057
32061
32085
32096
32124
32134
32145
32151
32155
32158
32172
32182
32186
32191
32201
32240
32242
32253
32257
32258
32261
32290
32291
32310
32327
32342
32349
32361
32368
32371
32373
32376
32379
32393
32397
32407
32432
32443
32458
32468
32473
32477
32489
32491
32508
32521
32522
32555
32566
32567
32591
32595
32601
32607
32643
32685
32706
32718
32730
32741
32742
32769
32775
32787
32798
32810
32824
32835
32854
32865
32868
32872
32873
32876
32878
32886
32892
32948
32952
32953
32969
33003
33011
33020
33022
33033
33035
33046
33066
33103
33109
33125
33126
33129
33135
33147
33150
33171
33175
33192
33203
33212
33226
33233
33235
33240
33245
33283
33291
33301
33354
33364
33366
33393
33398
33402
33419
33431
33432
33440
33448
33456
33464
33472
33481
33496
33501
33509
33515
33523
33538
33579
33586
33591
33614
33624
33652
33653
33656
33672
33681
33685
33690
33694
33698
33730
33731
33736
33738
33747
33756
33762
33770
33782
33789
33804
33808
33810
33813
33826
33833
33862
33863
33864
33866
33896
33936
33951
34006
34017
34054
34080
34083
34101
34111
34131
34134
34140
34145
34182
34187
34191
34196
34213
34258
34272
34306
34319
34326
34328
34329
34336
34345
34356
34366
34367
34368
34379
34385
34403
34417
34426
34433
34445
34457
34461
34495
34496
34502
34524
34531
34535
34536
34537
34548
34568
34580
34587
34596
34602
34620
34622
34647
34648
34649
34658
34666
34682
34707
34735
34743
34757
34786
34818
34831
34844
34854
34858
34874
34886
34900
34904
34911
34921
34936
34944
34947
34970
34976
34991
34998
35002
35003
35025
35026
35030
35038
35046
35048
35077
35080
35085
35096
35098
35102
35113
35123
35136
35146
35154
35175
35179
35223
35269
35308
35310
35322
35326
35345
35362
35388
35393
35416
35433
35435
35437
35438
35442
35461
35466
35483
35498
35515
35524
35531
35539
35549
35566
35577
35584
35585
35595
35617
35648
35661
35687
35689
35693
35706
35710
35716
35727
35738
35740
35743
35762
35777
35787
35793
35797
35802
35814
35821
35832
35855
35859
35871
35877
35898
35910
35911
35919
35958
35965
35976
35983
35995
36023
36027
36034
36037
36047
36052
36063
36073
36074
36078
36084
36094
36095
36100
36116
36119
36120
36125
36127
36133
36156
36175
36176
36183
36213
36248
36252
36272
36290
36300
36302
36320
36335
36348
36359
36380
36382
36388
36389
36391
36411
36416
36427
36445
36449
36460
36473
36475
36479
36488
36490
36514
36522
36562
36565
36603
36615
36635
36642
36668
36673
36700
36711
36734
36739
36743
36752
36771
36772
36782
36814
36820
36827
36832
36844
36847
36856
36860
36867
36868
36877
36878
36880
36902
36916
36932
36947
36957
36964
36983
37005
37023
37025
37035
37042
37046
37069
37077
37079
37087
37095
37099
37143
37164
37178
37179
37186
37196
37209
37237
37240
37249
37257
37316
37322
37327
37338
37340
37358
37377
37383
37412
37415
37423
37425
37426
37491
37509
37517
37535
37542
37557
37566
37599
37620
37635
37653
37688
37711
37725
37730
37744
37759
37771
37772
37773
37797
37804
37807
37847
37873
37916
37920
37921
37962
37971
37980
37984
38061
38069
38097
38111
38123
38134
38149
38155
38173
38198
38235
38243
38257
38264
38291
38329
38334
38336
38352
38359
38364
38370
38384
38392
38401
38405
38412
38424
38430
38431
38434
38445
38458
38464
38473
38495
38505
38516
38522
38523
38526
38531
38540
38543
38547
38550
38558
38565
38566
38568
38574
38588
38607
38616
38635
38650
38664
38680
38686
38694
38703
38706
38754
38763
38787
38819
38853
38867
38878
38883
38885
38892
38902
38920
38921
38938
38945
38952
38963
38989
38994
38995
39001
39008
39011
39024
39026
39040
39046
39055
39058
39081
39090
39092
39099
39104
39108
39123
39125
39131
39137
39154
39171
39179
39182
39199
39205
39209
39221
39232
39237
39238
39242
39275
39281
39285
39294
39321
39349
39358
39370
39408
39418
39437
39442
39451
39455
39457
39465
39475
39478
39490
39502
39507
39510
39511
39514
39521
39525
39535
39543
39549
39553
39564
39577
39580
39591
39593
39610
39632
39640
39661
39664
39667
39673
39676
39680
39701
39704
39710
39711
39712
39747
39761
39769
39776
39778
39783
39821
39826
39833
39837
39849
39855
39857
39866
39869
39872
39891
39907
39915
39921
39923
39925
39940
39946
39951
39953
39960
39972
39980
39998
40003
40007
40008
40009
40013
40024
40035
40045
40070
40075
40081
40088
40117
40128
40132
40139
40141
40167
40172
40181
40184
40203
40246
40259
40261
40280
40287
40299
40313
40327
40334
40337
40356
40361
40364
40377
40380
40382
40395
40417
40432
40455
40456
40460
40461
40484
40492
40497
40498
40500
40524
40546
40563
40566
40578
40611
40619
40647
40659
40660
40661
40662
40673
40686
40700
40716
40726
40732
40737
40749
40756
40769
40779
40782
40788
40801
40804
40814
40824
40852
40896
40899
40904
40907
40909
40915
40946
40998
41007
41016
41018
41022
41037
41042
41043
41048
41049
41078
41084
41114
41127
41159
41173
41187
41219
41232
41257
41276
41280
41281
41290
41291
41297
41309
41311
41325
41330
41349
41352
41358
41363
41413
41423
41424
41463
41470
41485
41496
41499
41502
41505
41511
41515
41523
41525
41532
41554
41571
41588
41592
41639
41642
41661
41674
41682
41686
41697
41700
41710
41714
41715
41722
41755
41783
41789
41796
41802
41807
41808
41809
41823
41833
41836
41839
41857
41861
41882
41886
41891
41901
41905
41946
41947
41960
41969
41974
41980
41989
41997
42003
42015
42024
42051
42067
42069
42079
42091
42102
42133
42143
42144
42158
42164
42166
42168
42173
42192
42198
42213
42214
42223
42240
42242
42248
42257
42264
42265
42268
42276
42281
42304
42306
42308
42332
42365
42384
42390
42463
42464
42473
42478
42482
42484
42505
42521
42545
42551
42560
42568
42600
42605
42637
42643
42674
42678
42730
42739
42747
42754
42773
42774
42782
42813
42816
42826
42831
42854
42873
42888
42889
42893
42896
42917
42925
42953
42961
42973
42994
42995
43007
43013
43032
43060
43076
43081
43114
43121
43151
43156
43160
43171
43191
43195
43199
43218
43219
43243
43290
43304
43306
43310
43319
43321
43325
43327
43329
43345
43363
43394
43401
43411
43426
43427
43453
43476
43495
43538
43564
43579
43594
43613
43625
43644
43652
43653
43662
43665
43671
43682
43690
43704
43710
43711
43713
43714
43718
43723
43729
43736
43760
43771
43792
43793
43807
43819
43847
43870
43888
43917
43922
43931
43932
43994
43999
44010
44019
44029
44054
44056
44073
44095
44110
44113
44121
44137
44144
44151
44193
44203
44246
44250
44255
44280
44297
44316
44348
44352
44358
44359
44361
44367
44380
44382
44396
44397
44431
44443
44450
44451
44452
44466
44478
44480
44504
44505
44507
44522
44530
44531
44546
44563
44572
44590
44601
44609
44618
44628
44631
44647
44656
44672
44681
44697
44707
44714
44717
44750
44754
44789
44808
44845
44846
44848
44882
44887
44891
44901
44913
44925
44956
44971
44975
45010
45014
45016
45066
45072
45084
45090
45091
45104
45105
45120
45122
45126
45129
45140
45154
45156
45174
45185
45197
45198
45204
45207
45209
45210
45215
45220
45249
45251
45267
45271
45344
45350
45370
45386
45391
45395
45412
45422
45436
45440
45445
45452
45457
45464
45471
45473
45483
45513
45514
45518
45521
45526
45544
45545
45553
45558
45574
45609
45628
45630
45651
45660
45717
45733
45741
45784
45801
45805
45839
45840
45909
45922
45932
45949
45954
45985
45995
45997
46003
46008
46021
46026
46028
46031
46040
46083
46092
46095
46105
46107
46127
46140
46141
46144
46158
46193
46194
46213
46220
46230
46245
46253
46271
46289
46312
46340
46350
46373
46391
46431
46462
46472
46476
46477
46485
46495
46507
46549
46557
46573
46582
46610
46617
46629
46638
46659
46679
46682
46683
46730
46743
46750
46753
46759
46771
46775
46786
46790
46792
46793
46795
46803
46805
46806
46814
46827
46831
46834
46845
46857
46860
46861
46867
46877
46887
46888
46896
46899
46906
46918
46927
46948
46952
46953
46964
46976
46979
46986
46996
47007
47010
47025
47031
47041
47048
47064
47091
47111
47129
47144
47145
47157
47162
47164
47228
47229
47249
47253
47254
47259
47262
47279
47297
47305
47310
47324
47349
47350
47352
47406
47412
47433
47485
47486
47501
47539
47542
47547
47548
47565
47587
47609
47638
47649
47656
47718
47721
47726
47743
47750
47765
47781
47816
47832
47835
47859
47864
47877
47901
47902
47921
47939
47961
47985
47986
48002
48006
48007
48013
48041
48055
48071
48082
48091
48112
48124
48125
48131
48132
48134
48139
48140
48141
48164
48169
48172
48176
48182
48191
48223
48226
48227
48245
48254
48284
48289
48290
48313
48324
48333
48353
48370
48381
48416
48439
48474
48546
48563
48564
48578
48596
48605
48625
48629
48644
48650
48652
48654
48656
48657
48666
48675
48688
48723
48743
48758
48770
48773
48787
48795
48796
48817
48826
48837
48838
48872
48873
48877
48879
48882
48883
48906
48907
48919
48929
48953
48966
48977
48981
48989
48997
49016
49020
49026
49033
49034
49098
49144
49150
49165
49167
49174
49175
49176
49204
49208
49211
49219
49222
49236
49244
49250
49281
49283
49318
49329
49331
49342
49373
49390
49401
49412
49418
49464
49482
49493
49510
49519
49527
49532
49535
49537
49540
49543
49547
49594
49597
49606
49607
49617
49618
49625
49635
49641
49658
49666
49667
49713
49715
49725
49755
49764
49775
49788
49797
49799
49812
49839
49842
49844
49849
49869
49897
49901
49903
49906
49921
49945
49984
49993
50007
50017
50042
50061
50068
50109
50113
50120
50126
50143
50160
50164
50165
50168
50216
50231
50243
50247
50255
50266
50290
50291
50312
50313
50325
50335
50339
50343
50359
50360
50364
50380
50408
50425
50426
50448
50461
50463
50471
50481
50484
50485
50486
50501
50504
50514
50538
50551
50566
50576
50581
50610
50613
50619
50634
50653
50664
50668
50689
50693
50695
50701
50712
50713
50748
50752
50805
50815
50818
50849
50859
50894
50899
50937
50950
50976
50998
51001
51003
51016
51031
51066
51073
51079
51083
51088
51094
51108
51137
51138
51153
51154
51166
51181
51186
51194
51201
51216
51221
51250
51256
51258
51260
51263
51276
51287
51309
51331
51334
51340
51357
51361
51402
51404
51405
51409
51430
51463
51473
51479
51482
51488
51502
51531
51549
51550
51556
51595
51616
51621
51635
51653
51679
51686
51693
51701
51706
51712
51715
51720
51731
51787
51790
51816
51819
51828
51830
51832
51859
51898
51932
51934
51945
51983
51994
51999
52001
52005
52008
52020
52033
52040
52077
52078
52117
52124
52133
52139
52142
52158
52177
52211
52212
52241
52254
52265
52269
52273
52276
52287
52309
52315
52316
52331
52339
52346
52360
52363
52391
52394
52404
52417
52420
52450
52456
52466
52467
52491
52495
52497
52511
52515
52529
52531
52532
52549
52556
52558
52562
52594
52621
52644
52649
52656
52665
52671
52688
52700
52730
52743
52760
52767
52770
52797
52799
52812
52823
52871
52887
52892
52907
52952
52955
52964
52969
52981
52996
52998
53005
53015
53026
53045
53050
53063
53078
53100
53105
53109
53150
53151
53161
53173
53174
53179
53196
53228
53234
53238
53242
53260
53266
53274
53275
53284
53286
53300
53306
53310
53323
53325
53346
53355
53382
53383
53402
53406
53407
53411
53418
53431
53451
53453
53478
53502
53510
53513
53517
53518
53524
53541
53549
53556
53573
53578
53593
53611
53614
53616
53617
53633
53643
53644
53647
53648
53649
53652
53655
53656
53660
53678
53684
53685
53697
53711
53728
53732
53738
53788
53804
53814
53820
53838
53895
53907
53911
53918
53920
53925
53955
53962
53963
53965
53980
53997
54002
54011
54021
54027
54055
54059
54063
54074
54081
54108
54119
54130
54143
54146
54176
54185
54187
54196
54199
54233
54256
54260
54275
54281
54282
54287
54302
54315
54325
54336
54380
54390
54392
54401
54416
54432
54434
54442
54444
54446
54454
54467
54470
54471
54489
54496
54524
54535
54548
54554
54559
54561
54567
54573
54578
54595
54597
54609
54619
54632
54633
54655
54666
54677
54709
54713
54717
54745
54747
54748
54767
54793
54803
54804
54806
54813
54816
54841
54855
54864
54881
54897
54948
54949
54951
55013
55033
55043
55052
55053
55061
55087
55093
55100
55104
55117
55155
55156
55171
55182
55183
55208
55233
55252
55290
55291
55298
55314
55322
55337
55361
55396
55403
55412
55420
55421
55434
55449
55450
55472
55478
55495
55499
55506
55508
55515
55549
55561
55594
55595
55597
55620
55627
55636
55647
55655
55658
55663
55666
55676
55679
55691
55696
55720
55731
55743
55768
55778
55784
55786
55795
55799
55805
55818
55820
55823
55827
55839
55862
55882
55887
55918
55926
55932
55935
55937
55940
55949
55951
55965
55998
56003
56011
56029
56036
56040
56041
56073
56086
56089
56103
56128
56132
56138
56158
56167
56178
56181
56190
56210
56232
56233
56245
56259
56265
56302
56314
56321
56331
56356
56370
56375
56376
56384
56389
56419
56442
56455
56457
56464
56470
56484
56494
56513
56536
56564
56569
56571
56631
56641
56661
56662
56666
56667
56673
56679
56686
56711
56713
56739
56767
56774
56780
56786
56791
56799
56837
56847
56851
56900
56909
56923
56926
56927
56929
56946
56947
56952
56972
56991
56993
56994
57005
57012
57020
57031
57040
57049
57057
57070
57074
57098
57122
57130
57133
57139
57140
57175
57211
57225
57238
57249
57274
57282
57287
57294
57296
57300
57314
57328
57329
57333
57367
57377
57382
57384
57386
57409
57410
57419
57424
57427
57429
57446
57451
57484
57511
57521
57530
57545
57549
57551
57560
57581
57585
57587
57596
57612
57623
57624
57642
57644
57659
57695
57720
57747
57756
57763
57771
57774
57781
57794
57796
57803
57820
57821
57822
57860
57868
57885
57929
57952
57957
57961
57983
57999
58003
58008
58010
58015
58022
58034
58057
58069
58090
58105
58107
58113
58119
58124
58128
58132
58154
58165
58181
58198
58206
58207
58215
58220
58223
58229
58236
58247
58253
58259
58262
58331
58356
58404
58432
58463
58471
58472
58477
58490
58494
58533
58569
58577
58585
58594
58601
58605
58606
58611
58616
58618
58620
58626
58627
58647
58648
58658
58672
58684
58697
58702
58703
58724
58747
58751
58755
58756
58766
58777
58796
58797
58807
58811
58824
58836
58850
58859
58861
58879
58904
58924
58933
58934
58953
58983
59008
59013
59014
59030
59046
59054
59068
59075
59085
59089
59094
59095
59099
59122
59137
59141
59142
59181
59182
59187
59201
59206
59210
59217
59218
59291
59294
59295
59301
59307
59311
59312
59317
59331
59336
59342
59357
59364
59386
59390
59393
59395
59398
59402
59404
59432
59448
59465
59477
59480
59490
59492
59516
59526
59530
59538
59557
59560
59563
59571
59577
59581
59592
59596
59605
59610
59648
59662
59688
59722
59737
59739
59745
59746
59759
59767
59772
59778
59780
59787
59796
59807
59812
59846
59850
59862
59866
59871
59922
59926
59927
59986
59991
59997
60007
60023
60027
60029
60078
60083
60123
60175
60180
60187
60211
60213
60223
60240
60246
60262
60294
60310
60342
60345
60362
60383
60384
60399
60422
60440
60445
60452
60457
60466
60473
60491
60526
60535
60545
60568
60583
60601
60614
60643
60649
60656
60658
60710
60720
60781
60789
60807
60808
60814
60816
60817
60818
60827
60858
60864
60876
60881
60882
60883
60888
60917
60927
60929
60938
60942
60951
60953
60955
60978
61004
61016
61019
61022
61048
61060
61067
61078
61079
61084
61091
61116
61120
61126
61150
61153
61166
61168
61182
61184
61185
61187
61196
61238
61245
61252
61257
61291
61295
61299
61313
61317
61319
61341
61345
61357
61379
61416
61419
61423
61433
61443
61454
61458
61459
61461
61471
61482
61483
61510
61519
61523
61526
61534
61544
61546
61558
61570
61598
61618
61624
61632
61653
61658
61670
61682
61701
61729
61736
61778
61781
61786
61806
61810
61823
61833
61839
61854
61859
61871
61873
61894
61908
61945
61964
61980
61994
61997
62046
62065
62067
62070
62071
62078
62106
62127
62141
62142
62153
62169
62178
62184
62194
62198
62200
62216
62269
62283
62285
62291
62330
62331
62341
62392
62395
62406
62437
62446
62456
62530
62552
62553
62554
62558
62591
62596
62606
62623
62644
62646
62660
62667
62676
62677
62680
62690
62709
62723
62764
62769
62789
62796
62824
62831
62839
62873
62905
62908
62909
62919
62945
62961
62972
62981
62992
63000
63012
63016
63031
63052
63057
63070
63076
63143
63163
63167
63184
63188
63199
63223
63227
63231
63276
63286
63289
63293
63326
63330
63337
63346
63348
63387
63393
63400
63464
63469
63472
63485
63498
63501
63502
63516
63519
63521
63534
63549
63577
63596
63597
63611
63616
63631
63639
63735
63745
63795
63796
63821
63854
63867
63873
63887
63906
63911
63933
63956
63964
63973
63975
64001
64005
64026
64049
64067
64078
64079
64082
64083
64117
64134
64137
64145
64147
64154
64156
64157
64159
64161
64209
64230
64232
64235
64247
64267
64278
64291
64310
64316
64338
64350
64371
64372
64381
64407
64427
64430
64442
64474
64509
64512
64523
64548
64555
64571
64581
64589
64600
64601
64613
64618
64620
64633
64636
64637
64641
64642
64643
64662
64670
64673
64680
64688
64691
64699
64703
64717
64746
64749
64757
64758
64786
64794
64797
64804
64813
64847
64874
64902
64908
64956
64982
64991
65008
65042
65052
65070
65073
65092
65098
65106
65115
65123
65139
65149
65155
65161
65169
65174
65175
65217
65218
65247
65273
65286
65290
65298
65312
65329
65335
65344
65354
65357
65359
65368
65369
65384
65393
65407
65435
65446
65472
65480
65493
65508
65528
65533
65548
65550
65559
65564
65575
65585
65589
65594
65600
65604
65611
65612
65655
65662
65689
65701
65715
65741
65751
65755
65760
65780
65815
65823
65829
65833
65841
65865
65870
65872
65875
65879
65880
65909
65927
65940
65944
65961
65972
65977
65978
66017
66029
66038
66045
66048
66049
66056
66058
66067
66071
66091
66100
66114
66120
66124
66136
66147
66170
66177
66189
66199
66215
66225
66240
66267
66290
66293
66300
66302
66317
66326
66341
66346
66376
66414
66416
66436
66446
66453
66457
66473
66476
66490
66491
66496
66498
66500
66531
66535
66540
66573
66600
66636
66650
66671
66703
66710
66713
66727
66741
66759
66765
66779
66790
66798
66799
66804
66814
66846
66860
66883
66907
66915
66937
66938
66944
66967
66968
66982
66989
66996
67001
67023
67039
67044
67057
67075
67090
67097
67120
67131
67162
67172
67174
67178
67184
67189
67248
67253
67265
67274
67288
67294
67319
67321
67326
67329
67331
67336
67347
67349
67359
67365
67370
67383
67442
67455
67482
67483
67492
67502
67525
67528
67593
67606
67621
67623
67626
67685
67714
67715
67733
67741
67749
67754
67769
67783
67794
67796
67802
67830
67842
67859
67884
67886
67918
67931
67935
67946
67948
67953
67959
67995
67999
68010
68014
68025
68051
68054
68059
68062
68074
68079
68105
68133
68149
68182
68231
68239
68242
68275
68298
68304
68323
68330
68337
68356
68373
68378
68382
68384
68387
68389
68496
68497
68509
68525
68533
68547
68577
68611
68624
68632
68680
68691
68696
68711
68759
68761
68763
68766
68767
68770
68771
68777
68795
68808
68817
68824
68834
68835
68853
68881
68892
68900
68911
68916
68921
68937
68941
68943
68969
68985
69014
69018
69020
69023
69031
69052
69058
69072
69125
69154
69159
69160
69199
69219
69236
69255
69274
69293
69302
69319
69323
69328
69336
69337
69341
69345
69382
69386
69396
69399
69438
69444
69468
69471
69482
69483
69486
69488
69492
69497
69518
69519
69530
69533
69534
69541
69553
69563
69590
69594
69601
69606
69641
69644
69655
69660
69666
69667
69709
69726
69741
69747
69779
69793
69805
69810
69811
69817
69822
69824
69831
69833
69835
69854
69873
69891
69894
69911
69937
69938
69944
69969
69978
69980
69982
69989
69993
70003
70016
70019
70025
70059
70064
70084
70087
70090
70095
70106
70124
70129
70132
70137
70138
70153
70164
70186
70195
70204
70205
70226
70246
70257
70267
70270
70271
70289
70324
70329
70332
70346
70351
70367
70378
70381
70386
70389
70399
70412
70433
70441
70450
70460
70463
70471
70478
70491
70524
70528
70531
70559
70573
70588
70602
70603
70610
70614
70621
70641
70660
70668
70681
70703
70705
70707
70725
70737
70754
70755
70758
70766
70768
70770
70781
70802
70825
70830
70858
70859
70875
70883
70890
70900
70907
70910
70936
70938
70953
70964
70982
70999
71013
71030
71044
71065
71074
71094
71100
71101
71102
71103
71110
71116
71120
71124
71144
71145
71158
71173
71187
71189
71192
71209
71219
71222
71229
71253
71269
71271
71290
71302
71307
71314
71336
71338
71348
71355
71359
71361
71366
71377
71407
71429
71441
71473
71474
71482
71497
71524
71526
71535
71539
71569
71571
71611
71617
71618
71629
71636
71662
71678
71692
71693
71696
71707
71711
71713
71718
71721
71729
71759
71774
71776
71795
71796
71798
71813
71838
71851
71857
71867
71870
71891
71894
71900
71903
71943
71960
71964
71965
71974
71980
72003
72005
72006
72011
72016
72023
72032
72038
72041
72062
72071
72076
72079
72081
72104
72109
72111
72123
72129
72144
72146
72159
72189
72200
72258
72268
72273
72276
72281
72299
72304
72321
72325
72327
72334
72336
72349
72360
72383
72417
72429
72440
72480
72482
72495
72506
72509
72510
72521
72525
72527
72537
72540
72564
72578
72592
72599
72601
72615
72620
72649
72650
72655
72661
72691
72717
72735
72743
72754
72781
72782
72795
72842
72844
72850
72893
72898
72909
72929
72932
72937
72950
72955
72958
72976
72978
72998
73044
73051
73064
73067
73083
73091
73093
73098
73121
73130
73145
73153
73154
73160
73164
73173
73182
73190
73204
73224
73234
73247
73253
73260
73265
73279
73293
73303
73310
73347
73354
73367
73370
73388
73414
73427
73453
73478
73486
73491
73505
73518
73520
73538
73562
73584
73588
73593
73614
73622
73624
73629
73642
73670
73681
73688
73702
73707
73708
73713
73721
73727
73739
73741
73749
73758
73768
73769
73772
73773
73776
73784
73842
73852
73864
73873
73880
73886
73898
73902
73911
73913
73943
73949
73953
73955
73971
73973
73993
74011
74016
74020
74034
74038
74058
74059
74067
74075
74078
74085
74119
74156
74161
74175
74188
74203
74214
74220
74227
74259
74260
74269
74273
74287
74290
74305
74308
74346
74364
74385
74386
74388
74391
74398
74418
74421
74451
74467
74469
74489
74492
74502
74512
74524
74529
74556
74560
74562
74582
74586
74617
74646
74656
74661
74673
74682
74691
74710
74733
74734
74759
74782
74787
74793
74800
74801
74814
74832
74843
74845
74852
74856
74895
74908
74916
74927
74929
74936
74940
74944
74947
74964
74981
74985
74998
75032
75044
75045
75048
75058
75064
75075
75079
75086
75090
75135
75139
75141
75150
75171
75175
75185
75211
75224
75227
75239
75247
75251
75262
75281
75297
75300
75301
75306
75325
75346
75350
75352
75354
75362
75377
75393
75409
75418
75428
75429
75435
75440
75450
75464
75488
75492
75493
75525
75526
75538
75539
75556
75560
75568
75570
75572
75591
75600
75608
75640
75646
75665
75669
75674
75726
75727
75745
75771
75773
75797
75802
75803
75805
75815
75820
75847
75859
75877
75885
75887
75891
75903
75907
75935
75940
75949
75958
75982
75993
75994
76013
76036
76056
76071
76076
76082
76087
76090
76106
76114
76121
76135
76169
76176
76179
76183
76218
76243
76255
76261
76267
76291
76318
76346
76351
76360
76368
76393
76400
76409
76416
76437
76446
76449
76461
76462
76472
76474
76480
76496
76498
76542
76564
76624
76637
76663
76673
76689
76690
76721
76739
76740
76754
76759
76767
76787
76797
76804
76808
76809
76823
76826
76834
76847
76877
76880
76904
76907
76912
76920
76938
76950
76965
76969
76970
76973
76976
76986
76989
76991
76996
77067
77099
77127
77142
77154
77175
77187
77197
77198
77214
77228
77234
77239
77302
77303
77328
77392
77396
77407
77420
77421
77455
77469
77494
77510
77515
77521
77532
77540
77541
77543
77555
77558
77559
77573
77576
77585
77594
77597
77611
77612
77613
77627
77638
77662
77668
77739
77745
77759
77762
77767
77774
77782
77799
77800
77802
77813
77815
77817
77837
77848
77853
77855
77872
77920
77931
77933
77938
77945
77946
77984
78001
78036
78038
78056
78059
78061
78067
78084
78101
78109
78118
78129
78134
78151
78152
78163
78168
78187
78192
78234
78240
78247
78252
78266
78278
78280
78281
78282
78294
78300
78301
78309
78313
78349
78352
78360
78368
78390
78414
78420
78425
78429
78430
78435
78439
78440
78448
78454
78469
78489
78494
78496
78498
78540
78557
78566
78573
78595
78603
78609
78616
78629
78648
78651
78659
78724
78733
78740
78756
78771
78788
78790
78795
78803
78809
78811
78840
78854
78870
78876
78878
78883
78906
78917
78919
78953
78960
78989
79002
79027
79034
79044
79046
79055
79088
79109
79111
79115
79121
79132
79139
79142
79176
79183
79203
79206
79244
79246
79254
79262
79263
79275
79284
79318
79333
79375
79376
79392
79446
79447
79448
79452
79454
79503
79512
79527
79558
79565
79568
79573
79580
79585
79607
79616
79624
79640
79649
79651
79653
79666
79682
79703
79706
79738
79757
79758
79761
79766
79773
79781
79787
79799
79818
79826
79857
79864
79868
79872
79874
79893
79897
79898
79899
79905
79910
79912
79924
79932
79938
79956
79964
79967
79987
80000
80003
80027
80028
80031
80032
80052
80054
80071
80073
80074
80077
80104
80115
80165
80173
80197
80209
80226
80232
80244
80266
80274
80277
80294
80299
80301
80309
80313
80327
80338
80341
80343
80356
80380
80391
80417
80418
80422
80430
80436
80447
80462
80468
80469
80474
80480
80485
80497
80505
80511
80513
80546
80560
80593
80598
80599
80609
80612
80619
80643
80680
80685
80686
80688
80691
80726
80735
80741
80742
80744
80750
80752
80755
80834
80840
80843
80851
80856
80858
80860
80864
80869
80878
80886
80897
80900
80915
80929
80948
80953
80979
80982
81000
81004
81030
81033
81038
81066
81076
81108
81119
81129
81148
81161
81169
81193
81222
81239
81249
81285
81295
81325
81326
81336
81346
81354
81362
81370
81375
81376
81388
81397
81408
81412
81427
81428
81429
81431
81436
81447
81454
81455
81473
81484
81496
81501
81502
81514
81539
81565
81571
81582
81590
81591
81592
81593
81635
81637
81644
81660
81661
81686
81697
81701
81708
81709
81710
81746
81752
81763
81774
81776
81812
81814
81822
81832
81856
81881
81890
81895
81900
81911
81918
81928
81929
81930
81932
81942
81946
81959
81968
81974
81983
81989
81993
81994
82046
82047
82061
82097
82101
82142
82156
82157
82164
82170
82172
82180
82197
82200
82230
82250
82259
82271
82273
82275
82294
82300
82308
82321
82352
82371
82375
82381
82386
82405
82408
82422
82438
82440
82441
82448
82467
82469
82473
82477
82489
82493
82502
82503
82506
82514
82526
82528
82554
82559
82563
82565
82566
82568
82586
82609
82622
82643
82653
82655
82663
82674
82680
82693
82724
82725
82726
82730
82775
82819
82824
82832
82833
82843
82847
82860
82861
82866
82876
82878
82895
82901
82905
82916
82935
82976
83026
83048
83064
83067
83088
83089
83097
83116
83128
83183
83200
83223
83226
83227
83244
83249
83281
83289
83292
83315
83318
83319
83324
83344
83345
83359
83361
83381
83398
83402
83404
83412
83418
83456
83477
83504
83506
83509
83527
83553
83555
83560
83568
83572
83575
83625
83633
83638
83675
83677
83685
83699
83702
83706
83712
83716
83717
83726
83727
83767
83770
83792
83821
83836
83854
83860
83870
83877
83880
83885
83904
83927
83963
83965
83975
84000
84002
84006
84062
84069
84070
84091
84103
84108
84113
84126
84135
84178
84196
84245
84247
84273
84282
84295
84300
84314
84382
84388
84392
84398
84402
84412
84413
84414
84446
84466
84474
84478
84479
84485
84499
84503
84508
84527
84531
84555
84633
84657
84668
84672
84675
84687
84691
84698
84708
84724
84725
84734
84758
84764
84779
84782
84791
84797
84828
84838
84843
84846
84850
84860
84872
84904
84909
84914
84934
84952
84976
85005
85015
85030
85041
85045
85082
85083
85086
85099
85105
85112
85115
85124
85132
85157
85170
85176
85182
85189
85191
85194
85196
85202
85206
85215
85243
85252
85261
85262
85270
85296
85306
85314
85342
85351
85360
85384
85417
85433
85437
85438
85457
85462
85464
85477
85504
85521
85527
85533
85534
85540
85564
85578
85587
85590
85593
85596
85598
85610
85611
85616
85635
85656
85680
85691
85699
85707
85727
85733
85746
85757
85777
85795
85818
85839
85840
85862
85880
85887
85890
85897
85919
85923
85931
85938
85950
85958
85966
85971
85982
85991
85993
85994
85995
86002
86020
86038
86044
86062
86065
86081
86084
86098
86105
86119
86126
86127
86128
86141
86149
86150
86158
86171
86181
86195
86209
86210
86241
86260
86267
86280
86294
86323
86332
86346
86350
86353
86356
86361
86373
86374
86384
86394
86413
86424
86428
86430
86431
86441
86447
86448
86458
86461
86468
86482
86488
86501
86509
86512
86521
86523
86534
86557
86559
86569
86582
86585
86593
86602
86615
86624
86648
86652
86674
86680
86705
86711
86723
86745
86746
86763
86774
86778
86781
86802
86822
86835
86838
86882
86920
86927
86951
86952
86956
86961
87012
87019
87026
87055
87073
87093
87095
87112
87129
87136
87150
87151
87156
87162
87164
87166
87179
87188
87195
87198
87204
87207
87215
87216
87221
87225
87269
87283
87288
87290
87308
87330
87337
87340
87341
87358
87362
87367
87372
87380
87389
87394
87406
87419
87430
87443
87447
87449
87475
87486
87491
87498
87504
87525
87540
87551
87558
87561
87569
87575
87578
87586
87588
87592
87598
87608
87630
87644
87646
87654
87673
87684
87717
87728
87745
87748
87778
87779
87801
87806
87830
87853
87861
87865
87885
87892
87900
87934
87957
87994
87997
88003
88011
88047
88049
88061
88141
88146
88149
88156
88165
88175
88180
88185
88195
88199
88212
88224
88244
88268
88275
88301
88314
88321
88330
88333
88367
88383
88389
88390
88431
88432
88436
88437
88459
88472
88477
88524
88550
88576
88585
88588
88607
88608
88612
88623
88626
88637
88651
88667
88676
88693
88700
88701
88710
88719
88726
88754
88764
88770
88774
88779
88782
88784
88807
88817
88834
88843
88849
88852
88870
88897
88910
88920
88929
88942
88949
88956
88959
88967
88997
88998
89013
89047
89048
89070
89076
89116
89130
89139
89150
89160
89176
89203
89206
89215
89227
89247
89266
89267
89294
89298
89318
89325
89327
89359
89372
89376
89378
89388
89390
89395
89401
89403
89414
89436
89456
89461
89503
89534
89537
89539
89540
89542
89553
89576
89578
89588
89593
89606
89609
89619
89620
89626
89633
89639
89645
89648
89675
89681
89686
89726
89727
89738
89740
89745
89747
89751
89760
89800
89807
89815
89844
89853
89874
89879
89898
89899
89901
89920
89926
89931
89934
89947
89950
89965
89966
89967
89970
89981
89987
89997
90000
90027
90035
90039
90040
90074
90084
90095
90097
90101
90121
90126
90132
90142
90150
90156
90160
90162
90187
90189
90199
90216
90225
90237
90239
90241
90249
90261
90310
90325
90394
90416
90422
90430
90435
90449
90452
90456
90486
90496
90503
90506
90523
90527
90528
90551
90566
90576
90577
90582
90600
90602
90625
90635
90637
90641
90668
90674
90690
90692
90698
90702
90735
90753
90763
90771
90782
90787
90789
90799
90842
90847
90850
90865
90871
90884
90889
90895
90902
90936
90937
90940
90942
90953
90954
90978
90984
91005
91037
91065
91091
91094
91115
91144
91172
91174
91191
91203
91212
91220
91229
91266
91270
91278
91281
91287
91288
91292
91322
91346
91347
91350
91368
91389
91392
91396
91407
91421
91424
91466
91480
91486
91497
91516
91532
91535
91538
91539
91549
91552
91559
91564
91565
91576
91603
91617
91651
91663
91668
91671
91676
91685
91686
91699
91720
91725
91741
91749
91759
91774
91791
91809
91833
91834
91835
91853
91855
91862
91878
91934
91935
91936
91968
91981
91987
91988
92016
92032
92036
92050
92051
92089
92090
92107
92108
92140
92150
92153
92173
92201
92214
92216
92247
92252
92264
92268
92284
92292
92301
92306
92335
92340
92353
92355
92361
92377
92378
92384
92385
92395
92398
92407
92412
92416
92457
92495
92497
92500
92506
92514
92534
92540
92563
92573
92577
92590
92616
92618
92622
92623
92627
92641
92644
92678
92689
92694
92704
92706
92727
92747
92748
92755
92758
92781
92784
92798
92800
92812
92816
92827
92837
92845
92849
92868
92872
92884
92896
92906
92917
92935
92946
92972
92973
93002
93003
93024
93048
93057
93059
93066
93070
93073
93079
93085
93086
93087
93114
93130
93167
93218
93232
93233
93237
93265
93276
93302
93304
93306
93318
93323
93325
93347
93349
93360
93381
93384
93394
93410
93411
93416
93417
93421
93446
93469
93475
93491
93498
93510
93511
93520
93551
93561
93579
93631
93632
93636
93654
93668
93682
93687
93706
93719
93740
93745
93750
93767
93781
93788
93797
93803
93805
93809
93825
93829
93831
93842
93854
93888
93894
93898
93916
93932
93934
93953
93974
93986
93992
94001
94026
94036
94047
94057
94087
94109
94113
94117
94128
94147
94164
94175
94178
94195
94211
94247
94249
94282
94298
94311
94314
94325
94344
94348
94358
94359
94372
94391
94394
94407
94423
94434
94467
94468
94472
94483
94489
94504
94547
94583
94586
94588
94591
94597
94669
94670
94674
94680
94684
94690
94693
94699
94706
94715
94723
94738
94740
94753
94757
94785
94793
94799
94801
94807
94849
94850
94856
94871
94880
94882
94887
94900
94923
94924
94940
94945
94971
94973
94975
94982
95002
95010
95011
95021
95053
95104
95108
95113
95125
95151
95152
95156
95157
95159
95185
95189
95197
95204
95218
95222
95245
95289
95291
95293
95295
95297
95302
95303
95305
95313
95347
95372
95374
95385
95397
95407
95418
95437
95445
95458
95486
95510
95523
95533
95538
95588
95611
95620
95628
95650
95658
95668
95670
95672
95674
95681
95686
95725
95729
95755
95760
95771
95797
95808
95842
95852
95873
95881
95891
95893
95911
95930
95947
95965
95981
95985
96006
96013
96033
96040
96048
96049
96070
96092
96097
96102
96111
96113
96128
96131
96167
96181
96187
96218
96224
96227
96228
96235
96249
96258
96284
96286
96299
96311
96316
96335
96341
96351
96352
96355
96356
96382
96385
96420
96424
96432
96450
96474
96483
96498
96522
96532
96548
96561
96568
96575
96587
96592
96597
96598
96626
96628
96637
96640
96653
96657
96658
96666
96683
96684
96702
96711
96716
96725
96731
96740
96744
96767
96773
96776
96789
96802
96823
96843
96845
96896
96897
96903
96908
96917
96920
96924
96929
96930
96934
96935
96950
96980
97001
97007
97008
97018
97032
97036
97037
97040
97064
97078
97084
97102
97113
97125
97133
97150
97159
97173
97178
97189
97212
97215
97222
97232
97253
97295
97301
97338
97353
97355
97360
97373
97384
97389
97432
97443
97446
97451
97452
97458
97487
97513
97530
97563
97565
97573
97574
97579
97591
97593
97596
97625
97662
97692
97714
97735
97740
97743
97754
97756
97758
97776
97780
97784
97788
97789
97836
97837
97844
97859
97872
97906
97921
97925
97953
97956
97966
97968
97986
98004
98009
98057
98065
98084
98103
98110
98147
98169
98170
98184
98229
98233
98246
98247
98251
98262
98278
98294
98303
98331
98334
98336
98351
98379
98391
98398
98400
98413
98436
98453
98456
98471
98474
98475
98490
98495
98503
98513
98537
98552
98555
98559
98574
98578
98648
98661
98682
98690
98695
98699
98708
98720
98726
98751
98761
98763
98786
98799
98800
98824
98853
98860
98871
98876
98883
98884
98887
98888
98910
98927
98933
98943
98947
98949
98953
98957
98970
98999
99030
99051
99053
99064
99088
99110
99132
99139
99143
99158
99166
99182
99206
99236
99237
99268
99277
99283
99293
99300
99307
99318
99330
99371
99395
99402
99431
99442
99443
99453
99460
99463
99471
99483
99491
99523
99526
99535
99545
99558
99563
99580
99585
99587
99591
99592
99611
99613
99674
99676
99697
99709
99716
99723
99730
99749
99769
99792
99800
99811
99818
99821
99833
99866
99876
99889
99952
99958
99964
99981
99983
99984
99996
--------
19
20
28
56
65
79
85
127
132
157
169
178
210
227
279
302
309
316
328
352
353
355
360
368
370
380
393
395
432
436
445
448
450
466
475
492
511
513
520
524
532
552
554
559
570
574
582
586
596
605
608
623
630
699
712
718
731
732
735
739
741
769
803
824
833
836
838
850
852
888
894
903
906
944
954
971
1026
1046
1047
1052
1062
1065
1092
1103
1110
1119
1123
1125
1131
1132
1175
1186
1195
1196
1197
1218
1221
1237
1250
1275
1288
1292
1293
1297
1303
1305
1327
1337
1347
1371
1373
1422
1425
1432
1434
1435
1438
1444
1452
1487
1493
1497
1498
1499
1505
1508
1510
1511
1512
1514
1526
1527
1528
1537
1558
1563
1564
1579
1590
1596
1603
1619
1630
1651
1659
1668
1672
1674
1679
1688
1697
1701
1704
1745
1775
1794
1803
1817
1829
1840
1845
1889
1896
1900
1924
1945
1982
1983
1986
1999
2040
2053
2056
2063
2067
2068
2073
2080
2089
2096
2107
2120
2132
2133
2149
2157
2176
2187
2197
2200
2203
2212
2213
2225
2250
2254
2280
2286
2297
2309
2314
2339
2356
2357
2383
2439
2443
2448
2474
2486
2488
2514
2517
2537
2560
2567
2583
2594
2599
2604
2622
2650
2665
2667
2697
2707
2731
2742
2748
2758
2773
2788
2795
2808
2817
2826
2859
2863
2865
2871
2872
2874
2885
2897
2918
2922
2951
2955
2976
2987
2991
2994
2996
3010
3021
3036
3047
3078
3152
3154
3186
3197
3216
3245
3253
3262
3264
3317
3342
3344
3356
3364
3375
3386
3432
3453
3458
3470
3491
3498
3505
3513
3548
3578
3584
3606
3633
3639
3644
3645
3650
3657
3665
3677
3686
3709
3715
3757
3762
3785
3791
3819
3820
3830
3833
3839
3840
3843
3844
3854
3864
3899
3907
3916
3926
3927
3937
3958
3959
3960
3965
3966
3968
3971
3992
3993
4000
4016
4028
4029
4037
4049
4061
4063
4066
4083
4087
4095
4098
4128
4148
4152
4154
4161
4172
4174
4175
4181
4184
4186
4204
4210
4214
4223
4231
4241
4247
4269
4276
4279
4283
4299
4304
4307
4312
4325
4327
4339
4353
4377
4382
4388
4395
4397
4433
4454
4460
4477
4505
4510
4511
4513
4545
4550
4557
4560
4566
4588
4592
4600
4628
4629
4634
4643
4644
4647
4655
4666
4689
4691
4730
4741
4776
4794
4822
4827
4828
4832
4843
4864
4874
4894
4905
4913
4922
4926
4933
4935
4939
4947
4949
4953
4978
4979
5024
5025
5030
5038
5043
5086
5089
5092
5099
5115
5166
5169
5173
5178
5191
5206
5225
5231
5240
5242
5248
5256
5258
5279
5286
5335
5366
5410
5424
5449
5458
5461
5465
5467
5480
5486
5542
5554
5556
5566
5571
5587
5594
5607
5610
5626
5651
5657
5659
5665
5674
5678
5681
5700
5702
5725
5730
5739
5777
5779
5789
5805
5816
5823
5824
5841
5849
5852
5865
5868
5871
5889
5906
5907
5917
5920
5921
5926
5927
5935
5936
5952
5969
5977
5991
5992
6000
6008
6014
6019
6028
6047
6050
6053
6056
6058
6066
6073
6086
6091
6119
6130
6157
6162
6176
6181
6194
6206
6227
6239
6243
6268
6274
6276
6292
6296
6304
6309
6310
6318
6332
6358
6397
6413
6425
6452
6470
6484
6489
6511
6513
6516
6525
6537
6546
6560
6581
6589
6595
6599
6617
6621
6632
6635
6638
6650
6658
6662
6673
6676
6678
6702
6708
6713
6715
6718
6724
6754
6762
6792
6810
6813
6824
6835
6849
6853
6879
6883
6886
6888
6897
6920
6928
6949
6976
6980
6987
6990
6991
7008
7037
7086
7089
7092
7130
7134
7168
7174
7175
7182
7198
7210
7211
7239
7242
7245
7283
7293
7298
7306
7311
7326
7330
7332
7335
7337
7338
7361
7374
7394
7404
7407
7409
7418
7422
7426
7444
7445
7454
7457
7462
7468
7474
7478
7496
7500
7501
7535
7561
7564
7601
7607
7620
7624
7631
7657
7662
7667
7701
7704
7711
7740
7755
7763
7766
7768
7773
7776
7779
7805
7807
7808
7826
7827
7829
7839
7847
7857
7865
7910
7915
7918
7922
7925
7926
7931
7965
7975
7993
8000
8004
8027
8038
8069
8076
8082
8086
8096
8098
8123
8128
8133
8145
8157
8161
8165
8181
8188
8189
8199
8213
8228
8236
8258
8272
8292
8303
8305
8307
8310
8325
8359
8362
8386
8389
8397
8399
8404
8413
8432
8433
8475
8478
8483
8486
8496
8533
8542
8547
8555
8557
8591
8606
8621
8641
8697
8701
8713
8720
8734
8766
8781
8783
8789
8820
8837
8853
8859
8887
8907
8911
8912
8924
8951
8953
8966
8981
8984
9017
9026
9040
9059
9067
9085
9091
9093
9099
9101
9104
9108
9111
9132
9149
9153
9180
9192
9202
9229
9235
9238
9261
9286
9313
9319
9327
9337
9356
9357
9363
9381
9385
9388
9420
9424
9442
9451
9478
9489
9496
9520
9538
9541
9555
9579
9583
9603
9606
9620
9631
9635
9636
9647
9668
9679
9683
9685
9693
9705
9711
9747
9748
9751
9752
9796
9797
9798
9811
9820
9831
9833
9840
9842
9843
9852
9865
9880
9882
9891
9895
9898
9913
9925
9931
9959
9968
9986
9993
10016
10027
10044
10077
10080
10095
10098
10104
10118
10122
10126
10145
10146
10150
10152
10154
10155
10183
10196
10199
10253
10270
10271
10275
10300
10317
10335
10352
10380
10404
10411
10426
10428
10430
10435
10448
10508
10520
10523
10525
10539
10555
10569
10589
10607
10609
10616
10624
10627
10663
10672
10696
10697
10718
10722
10731
10739
10776
10792
10793
10795
10803
10822
10827
10831
10841
10842
10854
10859
10863
10864
10873
10880
10892
10896
10911
10925
10938
10969
10972
10977
10987
10997
11039
11071
11082
11096
11101
11129
11133
11149
11150
11161
11168
11173
11193
11195
11202
11208
11228
11258
11280
11326
11328
11333
11355
11365
11374
11379
11395
11399
11405
11415
11426
11440
11459
11462
11465
11470
11477
11507
11527
11532
11549
11566
11619
11620
11634
11650
11664
11672
11679
11689
11706
11717
11732
11739
11753
11779
11781
11786
11799
11801
11830
11837
11864
11879
11883
11898
11901
11918
11921
11965
11966
11971
11973
11996
12009
12024
12039
12041
12057
12062
12076
12084
12097
12125
12132
12143
12144
12149
12160
12161
12175
12179
12181
12233
12246
12266
12279
12284
12287
12303
12307
12321
12339
12368
12372
12390
12398
12423
12433
12451
12453
12463
12470
12472
12498
12509
12527
12536
12537
12543
12556
12566
12578
12586
12603
12632
12633
12634
12679
12689
12710
12733
12752
12794
12799
12808
12824
12849
12855
12876
12920
12927
12946
12952
12964
12966
12970
12979
12995
13006
13011
13012
13027
13034
13065
13082
13083
13087
13092
13093
13094
13103
13106
13110
13115
13129
13139
13152
13155
13159
13168
13174
13181
13189
13190
13202
13210
13214
13232
13239
13255
13264
13267
13294
13311
13316
13322
13326
13334
13345
13348
13355
13359
13361
13407
13443
13470
13485
13493
13509
13512
13516
13526
13527
13540
13544
13545
13560
13566
13577
13583
13598
13615
13617
13627
13628
13650
13680
13683
13689
13738
13745
13765
13769
13774
13799
13810
13841
13843
13849
13871
13875
13877
13885
13886
13898
13915
13926
13957
13960
13991
13995
13997
14001
14005
14039
14055
14066
14085
14087
14113
14129
14159
14184
14185
14187
14188
14196
14203
14219
14244
14262
14288
14296
14325
14350
14365
14366
14370
14375
14383
14402
14422
14435
14453
14485
14497
14498
14505
14513
14518
14525
14541
14542
14560
14578
14597
14604
14626
14646
14659
14663
14671
14689
14720
14724
14754
14755
14782
14790
14798
14800
14822
14824
14828
14834
14837
14840
14842
14858
14865
14870
14871
14884
14898
14915
14938
14951
14954
14981
14994
15027
15065
15099
15100
15102
15104
15138
15141
15172
15186
15194
15210
15211
15219
15222
15223
15225
15233
15243
15296
15332
15342
15344
15347
15368
15381
15393
15408
15421
15429
15431
15488
15499
15502
15525
15531
15561
15565
15569
15600
15606
15616
15627
15646
15651
15660
15667
15678
15688
15708
15726
15731
15735
15743
15744
15748
15761
15764
15769
15774
15785
15788
15821
15823
15831
15838
15844
15847
15852
15874
15889
15911
15913
15918
15923
15930
15943
15955
15971
15985
15996
16049
16055
16072
16088
16107
16115
16130
16146
16153
16178
16182
16188
16194
16195
16197
16239
16253
16258
16261
16279
16285
16289
16306
16320
16331
16333
16350
16355
16356
16404
16414
16444
16447
16471
16475
16515
16517
16523
16527
16543
16548
16559
16590
16602
16606
16608
16610
16611
16619
16631
16639
16646
16659
16693
16696
16724
16732
16745
16750
16782
16801
16803
16827
16828
16832
16864
16865
16867
16881
16886
16914
16923
16950
16969
16977
16982
16983
16991
17006
17031
17086
17095
17097
17109
17120
17157
17166
17231
17242
17263
17279
17297
17303
17304
17311
17316
17326
17331
17369
17372
17380
17405
17411
17418
17423
17430
17431
17462
17496
17502
17504
17506
17510
17535
17536
17563
17568
17576
17584
17589
17600
17606
17617
17619
17621
17622
17632
17644
17655
17658
17667
17685
17712
17722
17728
17751
17777
17788
17795
17799
17822
17847
17855
17865
17866
17869
17880
17890
17910
17922
17938
17944
17950
17952
17966
17967
17977
17979
17985
18010
18018
18021
18040
18054
18065
18072
18080
18096
18119
18120
18122
18145
18152
18169
18171
18175
18196
18198
18241
18248
18279
18295
18316
18317
18324
18328
18366
18379
18385
18391
18422
18468
18475
18500
18528
18550
18570
18571
18574
18584
18601
18619
18631
18640
18658
18685
18688
18700
18716
18720
18731
18733
18743
18748
18749
18759
18760
18779
18784
18788
18811
18843
18851
18875
18946
18948
18955
18981
19000
19020
19036
19055
19058
19062
19085
19092
19106
19169
19191
19207
19211
19212
19218
19242
19252
19254
19286
19300
19303
19304
19306
19313
19324
19336
19340
19357
19395
19405
19417
19449
19450
19456
19460
19472
19474
19483
19512
19518
19521
19523
19546
19552
19555
19567
19586
19612
19627
19631
19635
19642
19643
19657
19663
19664
19669
19678
19690
19695
19708
19713
19722
19747
19752
19753
19768
19782
19788
19798
19804
19805
19820
19828
19846
19856
19862
19894
19895
19900
19902
19905
19930
19977
19988
20024
20027
20033
20034
20035
20043
20075
20098
20104
20117
20123
20127
20134
20149
20153
20156
20168
20170
20184
20188
20198
20218
20228
20239
20256
20288
20298
20303
20304
20310
20316
20336
20352
20373
20390
20398
20406
20408
20420
20433
20451
20453
20463
20483
20507
20517
20535
20538
20550
20564
20573
20574
20600
20603
20606
20682
20701
20706
20707
20708
20720
20726
20733
20736
20745
20749
20754
20794
20795
20811
20816
20819
20836
20839
20842
20864
20868
20873
20880
20882
20883
20891
20908
20916
20925
20930
20959
20961
20970
20971
20977
20978
20990
20995
21009
21042
21059
21078
21091
21106
21110
21121
21131
21135
21136
21162
21172
21173
21185
21194
21196
21205
21208
21209
21230
21234
21244
21252
21267
21269
21285
21290
21310
21320
21325
21348
21386
21415
21422
21430
21436
21451
21452
21454
21461
21474
21477
21532
21536
21562
21576
21594
21600
21602
21643
21661
21667
21672
21679
21685
21686
21703
21710
21711
21720
21722
21723
21747
21750
21779
21785
21827
21828
21843
21853
21862
21870
21903
21921
21922
21923
21938
21942
21943
21962
21970
21971
22012
22036
22041
22046
22066
22078
22079
22088
22108
22122
22127
22132
22136
22138
22148
22158
22161
22187
22188
22209
22224
22234
22239
22245
22285
22300
22324
22345
22365
22372
22379
22401
22409
22431
22432
22442
22458
22464
22490
22502
22505
22518
22522
22523
22530
22554
22575
22581
22585
22602
22606
22610
22615
22617
22619
22624
22641
22647
22649
22652
22683
22684
22691
22700
22705
22708
22717
22720
22728
22750
22762
22767
22770
22774
22790
22797
22799
22802
22865
22866
22877
22914
22915
22925
22928
22934
22954
22960
22977
22998
23006
23021
23033
23073
23076
23080
23093
23096
23100
23106
23112
23126
23132
23134
23148
23164
23168
23172
23195
23207
23225
23227
23247
23250
23257
23259
23279
23288
23299
23304
23309
23313
23318
23325
23328
23332
23346
23348
23354
23358
23362
23363
23366
23394
23404
23440
23443
23457
23476
23520
23529
23530
23540
23543
23548
23583
23592
23597
23616
23622
23624
23638
23645
23651
23670
23682
23698
23712
23722
23740
23742
23744
23746
23749
23791
23794
23800
23802
23807
23812
23845
23850
23880
23889
23901
23903
23911
23929
23946
23957
24023
24040
24048
24059
24061
24077
24083
24089
24135
24159
24162
24166
24173
24175
24185
24186
24208
24210
24231
24242
24249
24264
24273
24283
24289
24290
24295
24330
24349
24354
24361
24381
24403
24412
24415
24427
24428
24444
24449
24468
24480
24505
24515
24552
24554
24575
24593
24602
24617
24620
24629
24643
24657
24660
24684
24699
24700
24735
24738
24748
24749
24763
24783
24785
24806
24807
24818
24827
24831
24833
24838
24839
24843
24847
24848
24852
24857
24879
24887
24900
24916
24937
24977
24986
24992
24993
24996
25000
25007
25031
25032
25034
25040
25043
25045
25059
25072
25073
25074
25088
25090
25107
25109
25145
25150
25165
25187
25196
25212
25221
25222
25234
25257
25274
25281
25289
25295
25319
25363
25379
25392
25426
25431
25446
25447
25456
25459
25461
25465
25470
25472
25480
25484
25529
25550
25554
25556
25559
25563
25592
25600
25610
25629
25670
25677
25679
25685
25691
25705
25710
25786
25791
25800
25803
25804
25818
25824
25831
25843
25856
25879
25893
25901
25927
25952
25954
25957
25970
25972
25989
25995
26025
26054
26068
26098
26100
26117
26120
26131
26132
26138
26141
26147
26157
26158
26171
26224
26261
26273
26282
26290
26295
26314
26328
26335
26361
26370
26377
26387
26410
26414
26482
26499
26513
26528
26530
26538
26544
26557
26568
26571
26578
26588
26613
26646
26651
26654
26665
26671
26685
26701
26727
26742
26744
26768
26789
26802
26811
26816
26829
26845
26847
26853
26890
26906
26913
26916
26919
26944
26947
26963
26976
26984
26997
27020
27024
27032
27043
27055
27056
27061
27106
27118
27121
27132
27151
27180
27188
27203
27205
27206
27225
27259
27284
27287
27317
27318
27319
27321
27332
27333
27344
27368
27388
27398
27408
27433
27459
27468
27493
27495
27496
27511
27521
27547
27548
27559
27562
27574
27586
27588
27590
27596
27601
27608
27629
27653
27656
27672
27682
27698
27700
27704
27712
27720
27725
27734
27743
27754
27756
27762
27770
27777
27803
27811
27813
27827
27853
27854
27865
27867
27878
27882
27913
27916
27921
27951
27969
27972
27983
27986
28012
28044
28084
28088
28089
28099
28117
28123
28147
28152
28159
28161
28163
28165
28189
28218
28247
28252
28255
28279
28281
28292
28302
28314
28333
28341
28345
28361
28373
28379
28387
28406
28408
28438
28448
28451
28452
28471
28507
28516
28552
28570
28578
28583
28589
28609
28685
28689
28699
28700
28711
28722
28732
28734
28752
28763
28764
28794
28798
28799
28811
28823
28840
28849
28855
28875
28889
28891
28903
28906
28911
28916
28931
28955
28968
28977
29011
29014
29023
29028
29032
29038
29050
29053
29054
29073
29076
29091
29140
29158
29177
29206
29215
29230
29247
29282
29295
29325
29343
29347
29352
29353
29367
29374
29379
29381
29395
29444
29449
29452
29475
29481
29489
29506
29518
29537
29539
29552
29561
29608
29628
29630
29641
29644
29668
29676
29679
29693
29704
29719
29736
29767
29781
29795
29802
29806
29814
29818
29828
29829
29843
29845
29856
29857
29896
29899
29919
29940
29941
29942
29953
29960
29975
29976
29981
30018
30031
30048
30050
30052
30061
30088
30098
30114
30155
30172
30177
30182
30185
30191
30242
30269
30294
30307
30310
30312
30315
30317
30349
30350
30355
30361
30362
30374
30417
30429
30443
30448
30454
30468
30469
30495
30549
30565
30584
30594
30600
30620
30632
30634
30637
30647
30656
30665
30670
30675
30682
30703
30708
30713
30719
30722
30730
30753
30773
30778
30783
30807
30812
30831
30832
30833
30842
30845
30852
30868
30875
30892
30901
30906
30930
30933
30934
30936
30971
30999
31007
31008
31015
31020
31021
31024
31026
31033
31052
31070
31076
31101
31106
31108
31113
31119
31131
31136
31147
31156
31170
31171
31182
31203
31220
31222
31231
31252
31298
31321
31332
31340
31341
31342
31345
31353
31357
31376
31379
31380
31391
31393
31396
31409
31415
31416
31428
31439
31440
31442
31457
31467
31481
31483
31488
31503
31507
31529
31532
31556
31562
31569
31586
31587
31591
31602
31613
31643
31646
31654
31671
31672
31690
31701
31702
31774
31786
31788
31803
31805
31826
31834
31836
31837
31847
31864
31894
31909
31915
31959
31967
31968
31975
31994
32002
32008
32016
32021
32022
32027
32037
32057
32061
32085
32096
32124
32134
32145
32151
32155
32158
32172
32182
32186
32191
32201
32240
32242
32253
32257
32258
32261
32290
32291
32310
32327
32342
32349
32361
32368
32371
32373
32376
32379
32393
32397
32407
32432
32443
32458
32468
32473
32477
32489
32491
32508
32521
32522
32555
32566
32567
32591
32595
32601
32607
32643
32685
32706
32718
32730
32741
32742
32769
32775
32787
32798
32810
32824
32835
32854
32865
32868
32872
32873
32876
32878
32886
32892
32948
32952
32953
32969
33003
33011
33020
33022
33033
33035
33046
33066
33103
33109
33125
33126
33129
33135
33147
33150
33171
33175
33192
33203
33212
33226
33233
33235
33240
33245
33283
33291
33301
33354
33364
33366
33393
33398
33402
33419
33431
33432
33440
33448
33456
33464
33472
33481
33496
33501
33509
33515
33523
33538
33579
33586
33591
33614
33624
33652
33653
33656
33672
33681
33685
33690
33694
33698
33730
33731
33736
33738
33747
33756
33762
33770
33782
33789
33804
33808
33810
33813
33826
33833
33862
33863
33864
33866
33896
33936
33951
34006
34017
34054
34080
34083
34101
34111
34131
34134
34140
34145
34182
34187
34191
34196
34213
34258
34272
34306
34319
34326
34328
34329
34336
34345
34356
34366
34367
34368
34379
34385
34403
34417
34426
34433
34445
34457
34461
34495
34496
34502
34524
34531
34535
34536
34537
34548
34568
34580
34587
34596
34602
34620
34622
34647
34648
34649
34658
34666
34682
34707
34735
34743
34757
34786
34818
34831
34844
34854
34858
34874
34886
34900
34904
34911
34921
34936
34944
34947
34970
34976
34991
34998
35002
35003
35025
35026
35030
35038
35046
35048
35077
35080
35085
35096
35098
35102
35113
35123
35136
35146
35154
35175
35179
35223
35269
35308
35310
35322
35326
35345
35362
35388
35393
35416
35433
35435
35437
35438
35442
35461
35466
35483
35498
35515
35524
35531
35539
35549
35566
35577
35584
35585
35595
35617
35648
35661
35687
35689
35693
35706
35710
35716
35727
35738
35740
35743
35762
35777
35787
35793
35797
35802
35814
35821
35832
35855
35859
35871
35877
35898
35910
35911
35919
35958
35965
35976
35983
35995
36023
36027
36034
36037
36047
36052
36063
36073
36074
36078
36084
36094
36095
36100
36116
36119
36120
36125
36127
36133
36156
36175
36176
36183
36213
36248
36252
36272
36290
36300
36302
36320
36335
36348
36359
36380
36382
36388
36389
36391
36411
36416
36427
36445
36449
36460
36473
36475
36479
36488
36490
36514
36522
36562
36565
36603
36615
36635
36642
36668
36673
36700
36711
36734
36739
36743
36752
36771
36772
36782
36814
36820
36827
36832
36844
36847
36856
36860
36867
36868
36877
36878
36880
36902
36916
36932
36947
36957
36964
36983
37005
37023
37025
37035
37042
37046
37069
37077
37079
37087
37095
37099
37143
37164
37178
37179
37186
37196
37209
37237
37240
37249
37257
37316
37322
37327
37338
37340
37358
37377
37383
37412
37415
37423
37425
37426
37491
37509
37517
37535
37542
37557
37566
37599
37620
37635
37653
37688
37711
37725
37730
37744
37759
37771
37772
37773
37797
37804
37807
37847
37873
37916
37920
37921
37962
37971
37980
37984
38061
38069
38097
38111
38123
38134
38149
38155
38173
38198
38235
38243
38257
38264
38291
38329
38334
38336
38352
38359
38364
38370
38384
38392
38401
38405
38412
38424
38430
38431
38434
38445
38458
38464
38473
38495
38505
38516
38522
38523
38526
38531
38540
38543
38547
38550
38558
38565
38566
38568
38574
38588
38607
38616
38635
38650
38664
38680
38686
38694
38703
38706
38754
38763
38787
38819
38853
38867
38878
38883
38885
38892
38902
38920
38921
38938
38945
38952
38963
38989
38994
38995
39001
39008
39011
39024
39026
39040
39046
39055
39058
39081
39090
39092
39099
39104
39108
39123
39125
39131
39137
39154
39171
39179
39182
39199
39205
39209
39221
39232
39237
39238
39242
39275
39281
39285
39294
39321
39349
39358
39370
39408
39418
39437
39442
39451
39455
39457
39465
39475
39478
39490
39502
39507
39510
39511
39514
39521
39525
39535
39543
39549
39553
39564
39577
39580
39591
39593
39610
39632
39640
39661
39664
39667
39673
39676
39680
39701
39704
39710
39711
39712
39747
39761
39769
39776
39778
39783
39821
39826
39833
39837
39849
39855
39857
39866
39869
39872
39891
39907
39915
39921
39923
39925
39940
39946
39951
39953
39960
39972
39980
39998
40003
40007
40008
40009
40013
40024
40035
40045
40070
40075
40081
40088
40117
40128
40132
40139
40141
40167
40172
40181
40184
40203
40246
40259
40261
40280
40287
40299
40313
40327
40334
40337
40356
40361
40364
40377
40380
40382
40395
40417
40432
40455
40456
40460
40461
40484
40492
40497
40498
40500
40524
40546
40563
40566
40578
40611
40619
40647
40659
40660
40661
40662
40673
40686
40700
40716
40726
40732
40737
40749
40756
40769
40779
40782
40788
40801
40804
40814
40824
40852
40896
40899
40904
40907
40909
40915
40946
40998
41007
41016
41018
41022
41037
41042
41043
41048
41049
41078
41084
41114
41127
41159
41173
41187
41219
41232
41257
41276
41280
41281
41290
41291
41297
41309
41311
41325
41330
41349
41352
41358
41363
41413
41423
41424
41463
41470
41485
41496
41499
41502
41505
41511
41515
41523
41525
41532
41554
41571
41588
41592
41639
41642
41661
41674
41682
41686
41697
41700
41710
41714
41715
41722
41755
41783
41789
41796
41802
41807
41808
41809
41823
41833
41836
41839
41857
41861
41882
41886
41891
41901
41905
41946
41947
41960
41969
41974
41980
41989
41997
42003
42015
42024
42051
42067
42069
42079
42091
42102
42133
42143
42144
42158
42164
42166
42168
42173
42192
42198
42213
42214
42223
42240
42242
42248
42257
42264
42265
42268
42276
42281
42304
42306
42308
42332
42365
42384
42390
42463
42464
42473
42478
42482
42484
42505
42521
42545
42551
42560
42568
42600
42605
42637
42643
42674
42678
42730
42739
42747
42754
42773
42774
42782
42813
42816
42826
42831
42854
42873
42888
42889
42893
42896
42917
42925
42953
42961
42973
42994
42995
43007
43013
43032
43060
43076
43081
43114
43121
43151
43156
43160
43171
43191
43195
43199
43218
43219
43243
43290
43304
43306
43310
43319
43321
43325
43327
43329
43345
43363
43394
43401
43411
43426
43427
43453
43476
43495
43538
43564
43579
43594
43613
43625
43644
43652
43653
43662
43665
43671
43682
43690
43704
43710
43711
43713
43714
43718
43723
43729
43736
43760
43771
43792
43793
43807
43819
43847
43870
43888
43917
43922
43931
43932
43994
43999
44010
44019
44029
44054
44056
44073
44095
44110
44113
44121
44137
44144
44151
44193
44203
44246
44250
44255
44280
44297
44316
44348
44352
44358
44359
44361
44367
44380
44382
44396
44397
44431
44443
44450
44451
44452
44466
44478
44480
44504
44505
44507
44522
44530
44531
44546
44563
44572
44590
44601
44609
44618
44628
44631
44647
44656
44672
44681
44697
44707
44714
44717
44750
44754
44789
44808
44845
44846
44848
44882
44887
44891
44901
44913
44925
44956
44971
44975
45010
45014
45016
45066
45072
45084
45090
45091
45104
45105
45120
45122
45126
45129
45140
45154
45156
45174
45185
45197
45198
45204
45207
45209
45210
45215
45220
45249
45251
45267
45271
45344
45350
45370
45386
45391
45395
45412
45422
45436
45440
45445
45452
45457
45464
45471
45473
45483
45513
45514
45518
45521
45526
45544
45545
45553
45558
45574
45609
45628
45630
45651
45660
45717
45733
45741
45784
45801
45805
45839
45840
45909
45922
45932
45949
45954
45985
45995
45997
46003
46008
46021
46026
46028
46031
46040
46083
46092
46095
46105
46107
46127
46140
46141
46144
46158
46193
46194
46213
46220
46230
46245
46253
46271
46289
46312
46340
46350
46373
46391
46431
46462
46472
46476
46477
46485
46495
46507
46549
46557
46573
46582
46610
46617
46629
46638
46659
46679
46682
46683
46730
46743
46750
46753
46759
46771
46775
46786
46790
46792
46793
46795
46803
46805
46806
46814
46827
46831
46834
46845
46857
46860
46861
46867
46877
46887
46888
46896
46899
46906
46918
46927
46948
46952
46953
46964
46976
46979
46986
46996
47007
47010
47025
47031
47041
47048
47064
47091
47111
47129
47144
47145
47157
47162
47164
47228
47229
47249
47253
47254
47259
47262
47279
47297
47305
47310
47324
47349
47350
47352
47406
47412
47433
47485
47486
47501
47539
47542
47547
47548
47565
47587
47609
47638
47649
47656
47718
47721
47726
47743
47750
47765
47781
47816
47832
47835
47859
47864
47877
47901
47902
47921
47939
47961
47985
47986
48002
48006
48007
48013
48041
48055
48071
48082
48091
48112
48124
48125
48131
48132
48134
48139
48140
48141
48164
48169
48172
48176
48182
48191
48223
48226
48227
48245
48254
48284
48289
48290
48313
48324
48333
48353
48370
48381
48416
48439
48474
48546
48563
48564
48578
48596
48605
48625
48629
48644
48650
48652
48654
48656
48657
48666
48675
48688
48723
48743
48758
48770
48773
48787
48795
48796
48817
48826
48837
48838
48872
48873
48877
48879
48882
48883
48906
48907
48919
48929
48953
48966
48977
48981
48989
48997
49016
49020
49026
49033
49034
49098
49144
49150
49165
49167
49174
49175
49176
49204
49208
49211
49219
49222
49236
49244
49250
49281
49283
49318
49329
49331
49342
49373
49390
49401
49412
49418
49464
49482
49493
49510
49519
49527
49532
49535
49537
49540
49543
49547
49594
49597
49606
49607
49617
49618
49625
49635
49641
49658
49666
49667
49713
49715
49725
49755
49764
49775
49788
49797
49799
49812
49839
49842
49844
49849
49869
49897
49901
49903
49906
49921
49945
49984
49993
50007
50017
50042
50061
50068
50109
50113
50120
50126
50143
50160
50164
50165
50168
50216
50231
50243
50247
50255
50266
50290
50291
50312
50313
50325
50335
50339
50343
50359
50360
50364
50380
50408
50425
50426
50448
50461
50463
50471
50481
50484
50485
50486
50501
50504
50514
50538
50551
50566
50576
50581
50610
50613
50619
50634
50653
50664
50668
50689
50693
50695
50701
50712
50713
50748
50752
50805
50815
50818
50849
50859
50894
50899
50937
50950
50976
50998
51001
51003
51016
51031
51066
51073
51079
51083
51088
51094
51108
51137
51138
51153
51154
51166
51181
51186
51194
51201
51216
51221
51250
51256
51258
51260
51263
51276
51287
51309
51331
51334
51340
51357
51361
51402
51404
51405
51409
51430
51463
51473
51479
51482
51488
51502
51531
51549
51550
51556
51595
51616
51621
51635
51653
51679
51686
51693
51701
51706
51712
51715
51720
51731
51787
51790
51816
51819
51828
51830
51832
51859
51898
51932
51934
51945
51983
51994
51999
52001
52005
52008
52020
52033
52040
52077
52078
52117
52124
52133
52139
52142
52158
52177
52211
52212
52241
52254
52265
52269
52273
52276
52287
52309
52315
52316
52331
52339
52346
52360
52363
52391
52394
52404
52417
52420
52450
52456
52466
52467
52491
52495
52497
52511
52515
52529
52531
52532
52549
52556
52558
52562
52594
52621
52644
52649
52656
52665
52671
52688
52700
52730
52743
52760
52767
52770
52797
52799
52812
52823
52871
52887
52892
52907
52952
52955
52964
52969
52981
52996
52998
53005
53015
53026
53045
53050
53063
53078
53100
53105
53109
53150
53151
53161
53173
53174
53179
53196
53228
53234
53238
53242
53260
53266
53274
53275
53284
53286
53300
53306
53310
53323
53325
53346
53355
53382
53383
53402
53406
53407
53411
53418
53431
53451
53453
53478
53502
53510
53513
53517
53518
53524
53541
53549
53556
53573
53578
53593
53611
53614
53616
53617
53633
53643
53644
53647
53648
53649
53652
53655
53656
53660
53678
53684
53685
53697
53711
53728
53732
53738
53788
53804
53814
53820
53838
53895
53907
53911
53918
53920
53925
53955
53962
53963
53965
53980
53997
54002
54011
54021
54027
54055
54059
54063
54074
54081
54108
54119
54130
54143
54146
54176
54185
54187
54196
54199
54233
54256
54260
54275
54281
54282
54287
54302
54315
54325
54336
54380
54390
54392
54401
54416
54432
54434
54442
54444
54446
54454
54467
54470
54471
54489
54496
54524
54535
54548
54554
54559
54561
54567
54573
54578
54595
54597
54609
54619
54632
54633
54655
54666
54677
54709
54713
54717
54745
54747
54748
54767
54793
54803
54804
54806
54813
54816
54841
54855
54864
54881
54897
54948
54949
54951
55013
55033
55043
55052
55053
55061
55087
55093
55100
55104
55117
55155
55156
55171
55182
55183
55208
55233
55252
55290
55291
55298
55314
55322
55337
55361
55396
55403
55412
55420
55421
55434
55449
55450
55472
55478
55495
55499
55506
55508
55515
55549
55561
55594
55595
55597
55620
55627
55636
55647
55655
55658
55663
55666
55676
55679
55691
55696
55720
55731
55743
55768
55778
55784
55786
55795
55799
55805
55818
55820
55823
55827
55839
55862
55882
55887
55918
55926
55932
55935
55937
55940
55949
55951
55965
55998
56003
56011
56029
56036
56040
56041
56073
56086
56089
56103
56128
56132
56138
56158
56167
56178
56181
56190
56210
56232
56233
56245
56259
56265
56302
56314
56321
56331
56356
56370
56375
56376
56384
56389
56419
56442
56455
56457
56464
56470
56484
56494
56513
56536
56564
56569
56571
56631
56641
56661
56662
56666
56667
56673
56679
56686
56711
56713
56739
56767
56774
56780
56786
56791
56799
56837
56847
56851
56900
56909
56923
56926
56927
56929
56946
56947
56952
56972
56991
56993
56994
57005
57012
57020
57031
57040
57049
57057
57070
57074
57098
57122
57130
57133
57139
57140
57175
57211
57225
57238
57249
57274
57282
57287
57294
57296
57300
57314
57328
57329
57333
57367
57377
57382
57384
57386
57409
57410
57419
57424
57427
57429
57446
57451
57484
57511
57521
57530
57545
57549
57551
57560
57581
57585
57587
57596
57612
57623
57624
57642
57644
57659
57695
57720
57747
57756
57763
57771
57774
57781
57794
57796
57803
57820
57821
57822
57860
57868
57885
57929
57952
57957
57961
57983
57999
58003
58008
58010
58015
58022
58034
58057
58069
58090
58105
58107
58113
58119
58124
58128
58132
58154
58165
58181
58198
58206
58207
58215
58220
58223
58229
58236
58247
58253
58259
58262
58331
58356
58404
58432
58463
58471
58472
58477
58490
58494
58533
58569
58577
58585
58594
58601
58605
58606
58611
58616
58618
58620
58626
58627
58647
58648
58658
58672
58684
58697
58702
58703
58724
58747
58751
58755
58756
58766
58777
58796
58797
58807
58811
58824
58836
58850
58859
58861
58879
58904
58924
58933
58934
58953
58983
59008
59013
59014
59030
59046
59054
59068
59075
59085
59089
59094
59095
59099
59122
59137
59141
59142
59181
59182
59187
59201
59206
59210
59217
59218
59291
59294
59295
59301
59307
59311
59312
59317
59331
59336
59342
59357
59364
59386
59390
59393
59395
59398
59402
59404
59432
59448
59465
59477
59480
59490
59492
59516
59526
59530
59538
59557
59560
59563
59571
59577
59581
59592
59596
59605
59610
59648
59662
59688
59722
59737
59739
59745
59746
59759
59767
59772
59778
59780
59787
59796
59807
59812
59846
59850
59862
59866
59871
59922
59926
59927
59986
59991
59997
60007
60023
60027
60029
60078
60083
60123
60175
60180
60187
60211
60213
60223
60240
60246
60262
60294
60310
60342
60345
60362
60383
60384
60399
60422
60440
60445
60452
60457
60466
60473
60491
60526
60535
60545
60568
60583
60601
60614
60643
60649
60656
60658
60710
60720
60781
60789
60807
60808
60814
60816
60817
60818
60827
60858
60864
60876
60881
60882
60883
60888
60917
60927
60929
60938
60942
60951
60953
60955
60978
61004
61016
61019
61022
61048
61060
61067
61078
61079
61084
61091
61116
61120
61126
61150
61153
61166
61168
61182
61184
61185
61187
61196
61238
61245
61252
61257
61291
61295
61299
61313
61317
61319
61341
61345
61357
61379
61416
61419
61423
61433
61443
61454
61458
61459
61461
61471
61482
61483
61510
61519
61523
61526
61534
61544
61546
61558
61570
61598
61618
61624
61632
61653
61658
61670
61682
61701
61729
61736
61778
61781
61786
61806
61810
61823
61833
61839
61854
61859
61871
61873
61894
61908
61945
61964
61980
61994
61997
62046
62065
62067
62070
62071
62078
62106
62127
62141
62142
62153
62169
62178
62184
62194
62198
62200
62216
62269
62283
62285
62291
62330
62331
62341
62392
62395
62406
62437
62446
62456
62530
62552
62553
62554
62558
62591
62596
62606
62623
62644
62646
62660
62667
62676
62677
62680
62690
62709
62723
62764
62769
62789
62796
62824
62831
62839
62873
62905
62908
62909
62919
62945
62961
62972
62981
62992
63000
63012
63016
63031
63052
63057
63070
63076
63143
63163
63167
63184
63188
63199
63223
63227
63231
63276
63286
63289
63293
63326
63330
63337
63346
63348
63387
63393
63400
63464
63469
63472
63485
63498
63501
63502
63516
63519
63521
63534
63549
63577
63596
63597
63611
63616
63631
63639
63735
63745
63795
63796
63821
63854
63867
63873
63887
63906
63911
63933
63956
63964
63973
63975
64001
64005
64026
64049
64067
64078
64079
64082
64083
64117
64134
64137
64145
64147
64154
64156
64157
64159
64161
64209
64230
64232
64235
64247
64267
64278
64291
64310
64316
64338
64350
64371
64372
64381
64407
64427
64430
64442
64474
64509
64512
64523
64548
64555
64571
64581
64589
64600
64601
64613
64618
64620
64633
64636
64637
64641
64642
64643
64662
64670
64673
64680
64688
64691
64699
64703
64717
64746
64749
64757
64758
64786
64794
64797
64804
64813
64847
64874
64902
64908
64956
64982
64991
65008
65042
65052
65070
65073
65092
65098
65106
65115
65123
65139
65149
65155
65161
65169
65174
65175
65217
65218
65247
65273
65286
65290
65298
65312
65329
65335
65344
65354
65357
65359
65368
65369
65384
65393
65407
65435
65446
65472
65480
65493
65508
65528
65533
65548
65550
65559
65564
65575
65585
65589
65594
65600
65604
65611
65612
65655
65662
65689
65701
65715
65741
65751
65755
65760
65780
65815
65823
65829
65833
65841
65865
65870
65872
65875
65879
65880
65909
65927
65940
65944
65961
65972
65977
65978
66017
66029
66038
66045
66048
66049
66056
66058
66067
66071
66091
66100
66114
66120
66124
66136
66147
66170
66177
66189
66199
66215
66225
66240
66267
66290
66293
66300
66302
66317
66326
66341
66346
66376
66414
66416
66436
66446
66453
66457
66473
66476
66490
66491
66496
66498
66500
66531
66535
66540
66573
66600
66636
66650
66671
66703
66710
66713
66727
66741
66759
66765
66779
66790
66798
66799
66804
66814
66846
66860
66883
66907
66915
66937
66938
66944
66967
66968
66982
66989
66996
67001
67023
67039
67044
67057
67075
67090
67097
67120
67131
67162
67172
67174
67178
67184
67189
67248
67253
67265
67274
67288
67294
67319
67321
67326
67329
67331
67336
67347
67349
67359
67365
67370
67383
67442
67455
67482
67483
67492
67502
67525
67528
67593
67606
67621
67623
67626
67685
67714
67715
67733
67741
67749
67754
67769
67783
67794
67796
67802
67830
67842
67859
67884
67886
67918
67931
67935
67946
67948
67953
67959
67995
67999
68010
68014
68025
68051
68054
68059
68062
68074
68079
68105
68133
68149
68182
68231
68239
68242
68275
68298
68304
68323
68330
68337
68356
68373
68378
68382
68384
68387
68389
68496
68497
68509
68525
68533
68547
68577
68611
68624
68632
68680
68691
68696
68711
68759
68761
68763
68766
68767
68770
68771
68777
68795
68808
68817
68824
68834
68835
68853
68881
68892
68900
68911
68916
68921
68937
68941
68943
68969
68985
69014
69018
69020
69023
69031
69052
69058
69072
69125
69154
69159
69160
69199
69219
69236
69255
69274
69293
69302
69319
69323
69328
69336
69337
69341
69345
69382
69386
69396
69399
69438
69444
69468
69471
69482
69483
69486
69488
69492
69497
69518
69519
69530
69533
69534
69541
69553
69563
69590
69594
69601
69606
69641
69644
69655
69660
69666
69667
69709
69726
69741
69747
69779
69793
69805
69810
69811
69817
69822
69824
69831
69833
69835
69854
69873
69891
69894
69911
69937
69938
69944
69969
69978
69980
69982
69989
69993
70003
70016
70019
70025
70059
70064
70084
70087
70090
70095
70106
70124
70129
70132
70137
70138
70153
70164
70186
70195
70204
70205
70226
70246
70257
70267
70270
70271
70289
70324
70329
70332
70346
70351
70367
70378
70381
70386
70389
70399
70412
70433
70441
70450
70460
70463
70471
70478
70491
70524
70528
70531
70559
70573
70588
70602
70603
70610
70614
70621
70641
70660
70668
70681
70703
70705
70707
70725
70737
70754
70755
70758
70766
70768
70770
70781
70802
70825
70830
70858
70859
70875
70883
70890
70900
70907
70910
70936
70938
70953
70964
70982
70999
71013
71030
71044
71065
71074
71094
71100
71101
71102
71103
71110
71116
71120
71124
71144
71145
71158
71173
71187
71189
71192
71209
71219
71222
71229
71253
71269
71271
71290
71302
71307
71314
71336
71338
71348
71355
71359
71361
71366
71377
71407
71429
71441
71473
71474
71482
71497
71524
71526
71535
71539
71569
71571
71611
71617
71618
71629
71636
71662
71678
71692
71693
71696
71707
71711
71713
71718
71721
71729
71759
71774
71776
71795
71796
71798
71813
71838
71851
71857
71867
71870
71891
71894
71900
71903
71943
71960
71964
71965
71974
71980
72003
72005
72006
72011
72016
72023
72032
72038
72041
72062
72071
72076
72079
72081
72104
72109
72111
72123
72129
72144
72146
72159
72189
72200
72258
72268
72273
72276
72281
72299
72304
72321
72325
72327
72334
72336
72349
72360
72383
72417
72429
72440
72480
72482
72495
72506
72509
72510
72521
72525
72527
72537
72540
72564
72578
72592
72599
72601
72615
72620
72649
72650
72655
72661
72691
72717
72735
72743
72754
72781
72782
72795
72842
72844
72850
72893
72898
72909
72929
72932
72937
72950
72955
72958
72976
72978
72998
73044
73051
73064
73067
73083
73091
73093
73098
73121
73130
73145
73153
73154
73160
73164
73173
73182
73190
73204
73224
73234
73247
73253
73260
73265
73279
73293
73303
73310
73347
73354
73367
73370
73388
73414
73427
73453
73478
73486
73491
73505
73518
73520
73538
73562
73584
73588
73593
73614
73622
73624
73629
73642
73670
73681
73688
73702
73707
73708
73713
73721
73727
73739
73741
73749
73758
73768
73769
73772
73773
73776
73784
73842
73852
73864
73873
73880
73886
73898
73902
73911
73913
73943
73949
73953
73955
73971
73973
73993
74011
74016
74020
74034
74038
74058
74059
74067
74075
74078
74085
74119
74156
74161
74175
74188
74203
74214
74220
74227
74259
74260
74269
74273
74287
74290
74305
74308
74346
74364
74385
74386
74388
74391
74398
74418
74421
74451
74467
74469
74489
74492
74502
74512
74524
74529
74556
74560
74562
74582
74586
74617
74646
74656
74661
74673
74682
74691
74710
74733
74734
74759
74782
74787
74793
74800
74801
74814
74832
74843
74845
74852
74856
74895
74908
74916
74927
74929
74936
74940
74944
74947
74964
74981
74985
74998
75032
75044
75045
75048
75058
75064
75075
75079
75086
75090
75135
75139
75141
75150
75171
75175
75185
75211
75224
75227
75239
75247
75251
75262
75281
75297
75300
75301
75306
75325
75346
75350
75352
75354
75362
75377
75393
75409
75418
75428
75429
75435
75440
75450
75464
75488
75492
75493
75525
75526
75538
75539
75556
75560
75568
75570
75572
75591
75600
75608
75640
75646
75665
75669
75674
75726
75727
75745
75771
75773
75797
75802
75803
75805
75815
75820
75847
75859
75877
75885
75887
75891
75903
75907
75935
75940
75949
75958
75982
75993
75994
76013
76036
76056
76071
76076
76082
76087
76090
76106
76114
76121
76135
76169
76176
76179
76183
76218
76243
76255
76261
76267
76291
76318
76346
76351
76360
76368
76393
76400
76409
76416
76437
76446
76449
76461
76462
76472
76474
76480
76496
76498
76542
76564
76624
76637
76663
76673
76689
76690
76721
76739
76740
76754
76759
76767
76787
76797
76804
76808
76809
76823
76826
76834
76847
76877
76880
76904
76907
76912
76920
76938
76950
76965
76969
76970
76973
76976
76986
76989
76991
76996
77067
77099
77127
77142
77154
77175
77187
77197
77198
77214
77228
77234
77239
77302
77303
77328
77392
77396
77407
77420
77421
77455
77469
77494
77510
77515
77521
77532
77540
77541
77543
77555
77558
77559
77573
77576
77585
77594
77597
77611
77612
77613
77627
77638
77662
77668
77739
77745
77759
77762
77767
77774
77782
77799
77800
77802
77813
77815
77817
77837
77848
77853
77855
77872
77920
77931
77933
77938
77945
77946
77984
78001
78036
78038
78056
78059
78061
78067
78084
78101
78109
78118
78129
78134
78151
78152
78163
78168
78187
78192
78234
78240
78247
78252
78266
78278
78280
78281
78282
78294
78300
78301
78309
78313
78349
78352
78360
78368
78390
78414
78420
78425
78429
78430
78435
78439
78440
78448
78454
78469
78489
78494
78496
78498
78540
78557
78566
78573
78595
78603
78609
78616
78629
78648
78651
78659
78724
78733
78740
78756
78771
78788
78790
78795
78803
78809
78811
78840
78854
78870
78876
78878
78883
78906
78917
78919
78953
78960
78989
79002
79027
79034
79044
79046
79055
79088
79109
79111
79115
79121
79132
79139
79142
79176
79183
79203
79206
79244
79246
79254
79262
79263
79275
79284
79318
79333
79375
79376
79392
79446
79447
79448
79452
79454
79503
79512
79527
79558
79565
79568
79573
79580
79585
79607
79616
79624
79640
79649
79651
79653
79666
79682
79703
79706
79738
79757
79758
79761
79766
79773
79781
79787
79799
79818
79826
79857
79864
79868
79872
79874
79893
79897
79898
79899
79905
79910
79912
79924
79932
79938
79956
79964
79967
79987
80000
80003
80027
80028
80031
80032
80052
80054
80071
80073
80074
80077
80104
80115
80165
80173
80197
80209
80226
80232
80244
80266
80274
80277
80294
80299
80301
80309
80313
80327
80338
80341
80343
80356
80380
80391
80417
80418
80422
80430
80436
80447
80462
80468
80469
80474
80480
80485
80497
80505
80511
80513
80546
80560
80593
80598
80599
80609
80612
80619
80643
80680
80685
80686
80688
80691
80726
80735
80741
80742
80744
80750
80752
80755
80834
80840
80843
80851
80856
80858
80860
80864
80869
80878
80886
80897
80900
80915
80929
80948
80953
80979
80982
81000
81004
81030
81033
81038
81066
81076
81108
81119
81129
81148
81161
81169
81193
81222
81239
81249
81285
81295
81325
81326
81336
81346
81354
81362
81370
81375
81376
81388
81397
81408
81412
81427
81428
81429
81431
81436
81447
81454
81455
81473
81484
81496
81501
81502
81514
81539
81565
81571
81582
81590
81591
81592
81593
81635
81637
81644
81660
81661
81686
81697
81701
81708
81709
81710
81746
81752
81763
81774
81776
81812
81814
81822
81832
81856
81881
81890
81895
81900
81911
81918
81928
81929
81930
81932
81942
81946
81959
81968
81974
81983
81989
81993
81994
82046
82047
82061
82097
82101
82142
82156
82157
82164
82170
82172
82180
82197
82200
82230
82250
82259
82271
82273
82275
82294
82300
82308
82321
82352
82371
82375
82381
82386
82405
82408
82422
82438
82440
82441
82448
82467
82469
82473
82477
82489
82493
82502
82503
82506
82514
82526
82528
82554
82559
82563
82565
82566
82568
82586
82609
82622
82643
82653
82655
82663
82674
82680
82693
82724
82725
82726
82730
82775
82819
82824
82832
82833
82843
82847
82860
82861
82866
82876
82878
82895
82901
82905
82916
82935
82976
83026
83048
83064
83067
83088
83089
83097
83116
83128
83183
83200
83223
83226
83227
83244
83249
83281
83289
83292
83315
83318
83319
83324
83344
83345
83359
83361
83381
83398
83402
83404
83412
83418
83456
83477
83504
83506
83509
83527
83553
83555
83560
83568
83572
83575
83625
83633
83638
83675
83677
83685
83699
83702
83706
83712
83716
83717
83726
83727
83767
83770
83792
83821
83836
83854
83860
83870
83877
83880
83885
83904
83927
83963
83965
83975
84000
84002
84006
84062
84069
84070
84091
84103
84108
84113
84126
84135
84178
84196
84245
84247
84273
84282
84295
84300
84314
84382
84388
84392
84398
84402
84412
84413
84414
84446
84466
84474
84478
84479
84485
84499
84503
84508
84527
84531
84555
84633
84657
84668
84672
84675
84687
84691
84698
84708
84724
84725
84734
84758
84764
84779
84782
84791
84797
84828
84838
84843
84846
84850
84860
84872
84904
84909
84914
84934
84952
84976
85005
85015
85030
85041
85045
85082
85083
85086
85099
85105
85112
85115
85124
85132
85157
85170
85176
85182
85189
85191
85194
85196
85202
85206
85215
85243
85252
85261
85262
85270
85296
85306
85314
85342
85351
85360
85384
85417
85433
85437
85438
85457
85462
85464
85477
85504
85521
85527
85533
85534
85540
85564
85578
85587
85590
85593
85596
85598
85610
85611
85616
85635
85656
85680
85691
85699
85707
85727
85733
85746
85757
85777
85795
85818
85839
85840
85862
85880
85887
85890
85897
85919
85923
85931
85938
85950
85958
85966
85971
85982
85991
85993
85994
85995
86002
86020
86038
86044
86062
86065
86081
86084
86098
86105
86119
86126
86127
86128
86141
86149
86150
86158
86171
86181
86195
86209
86210
86241
86260
86267
86280
86294
86323
86332
86346
86350
86353
86356
86361
86373
86374
86384
86394
86413
86424
86428
86430
86431
86441
86447
86448
86458
86461
86468
86482
86488
86501
86509
86512
86521
86523
86534
86557
86559
86569
86582
86585
86593
86602
86615
86624
86648
86652
86674
86680
86705
86711
86723
86745
86746
86763
86774
86778
86781
86802
86822
86835
86838
86882
86920
86927
86951
86952
86956
86961
87012
87019
87026
87055
87073
87093
87095
87112
87129
87136
87150
87151
87156
87162
87164
87166
87179
87188
87195
87198
87204
87207
87215
87216
87221
87225
87269
87283
87288
87290
87308
87330
87337
87340
87341
87358
87362
87367
87372
87380
87389
87394
87406
87419
87430
87443
87447
87449
87475
87486
87491
87498
87504
87525
87540
87551
87558
87561
87569
87575
87578
87586
87588
87592
87598
87608
87630
87644
87646
87654
87673
87684
87717
87728
87745
87748
87778
87779
87801
87806
87830
87853
87861
87865
87885
87892
87900
87934
87957
87994
87997
88003
88011
88047
88049
88061
88141
88146
88149
88156
88165
88175
88180
88185
88195
88199
88212
88224
88244
88268
88275
88301
88314
88321
88330
88333
88367
88383
88389
88390
88431
88432
88436
88437
88459
88472
88477
88524
88550
88576
88585
88588
88607
88608
88612
88623
88626
88637
88651
88667
88676
88693
88700
88701
88710
88719
88726
88754
88764
88770
88774
88779
88782
88784
88807
88817
88834
88843
88849
88852
88870
88897
88910
88920
88929
88942
88949
88956
88959
88967
88997
88998
89013
89047
89048
89070
89076
89116
89130
89139
89150
89160
89176
89203
89206
89215
89227
89247
89266
89267
89294
89298
89318
89325
89327
89359
89372
89376
89378
89388
89390
89395
89401
89403
89414
89436
89456
89461
89503
89534
89537
89539
89540
89542
89553
89576
89578
89588
89593
89606
89609
89619
89620
89626
89633
89639
89645
89648
89675
89681
89686
89726
89727
89738
89740
89745
89747
89751
89760
89800
89807
89815
89844
89853
89874
89879
89898
89899
89901
89920
89926
89931
89934
89947
89950
89965
89966
89967
89970
89981
89987
89997
90000
90027
90035
90039
90040
90074
90084
90095
90097
90101
90121
90126
90132
90142
90150
90156
90160
90162
90187
90189
90199
90216
90225
90237
90239
90241
90249
90261
90310
90325
90394
90416
90422
90430
90435
90449
90452
90456
90486
90496
90503
90506
90523
90527
90528
90551
90566
90576
90577
90582
90600
90602
90625
90635
90637
90641
90668
90674
90690
90692
90698
90702
90735
90753
90763
90771
90782
90787
90789
90799
90842
90847
90850
90865
90871
90884
90889
90895
90902
90936
90937
90940
90942
90953
90954
90978
90984
91005
91037
91065
91091
91094
91115
91144
91172
91174
91191
91203
91212
91220
91229
91266
91270
91278
91281
91287
91288
91292
91322
91346
91347
91350
91368
91389
91392
91396
91407
91421
91424
91466
91480
91486
91497
91516
91532
91535
91538
91539
91549
91552
91559
91564
91565
91576
91603
91617
91651
91663
91668
91671
91676
91685
91686
91699
91720
91725
91741
91749
91759
91774
91791
91809
91833
91834
91835
91853
91855
91862
91878
91934
91935
91936
91968
91981
91987
91988
92016
92032
92036
92050
92051
92089
92090
92107
92108
92140
92150
92153
92173
92201
92214
92216
92247
92252
92264
92268
92284
92292
92301
92306
92335
92340
92353
92355
92361
92377
92378
92384
92385
92395
92398
92407
92412
92416
92457
92495
92497
92500
92506
92514
92534
92540
92563
92573
92577
92590
92616
92618
92622
92623
92627
92641
92644
92678
92689
92694
92704
92706
92727
92747
92748
92755
92758
92781
92784
92798
92800
92812
92816
92827
92837
92845
92849
92868
92872
92884
92896
92906
92917
92935
92946
92972
92973
93002
93003
93024
93048
93057
93059
93066
93070
93073
93079
93085
93086
93087
93114
93130
93167
93218
93232
93233
93237
93265
93276
93302
93304
93306
93318
93323
93325
93347
93349
93360
93381
93384
93394
93410
93411
93416
93417
93421
93446
93469
93475
93491
93498
93510
93511
93520
93551
93561
93579
93631
93632
93636
93654
93668
93682
93687
93706
93719
93740
93745
93750
93767
93781
93788
93797
93803
93805
93809
93825
93829
93831
93842
93854
93888
93894
93898
93916
93932
93934
93953
93974
93986
93992
94001
94026
94036
94047
94057
94087
94109
94113
94117
94128
94147
94164
94175
94178
94195
94211
94247
94249
94282
94298
94311
94314
94325
94344
94348
94358
94359
94372
94391
94394
94407
94423
94434
94467
94468
94472
94483
94489
94504
94547
94583
94586
94588
94591
94597
94669
94670
94674
94680
94684
94690
94693
94699
94706
94715
94723
94738
94740
94753
94757
94785
94793
94799
94801
94807
94849
94850
94856
94871
94880
94882
94887
94900
94923
94924
94940
94945
94971
94973
94975
94982
95002
95010
95011
95021
95053
95104
95108
95113
95125
95151
95152
95156
95157
95159
95185
95189
95197
95204
95218
95222
95245
95289
95291
95293
95295
95297
95302
95303
95305
95313
95347
95372
95374
95385
95397
95407
95418
95437
95445
95458
95486
95510
95523
95533
95538
95588
95611
95620
95628
95650
95658
95668
95670
95672
95674
95681
95686
95725
95729
95755
95760
95771
95797
95808
95842
95852
95873
95881
95891
95893
95911
95930
95947
95965
95981
95985
96006
96013
96033
96040
96048
96049
96070
96092
96097
96102
96111
96113
96128
96131
96167
96181
96187
96218
96224
96227
96228
96235
96249
96258
96284
96286
96299
96311
96316
96335
96341
96351
96352
96355
96356
96382
96385
96420
96424
96432
96450
96474
96483
96498
96522
96532
96548
96561
96568
96575
96587
96592
96597
96598
96626
96628
96637
96640
96653
96657
96658
96666
96683
96684
96702
96711
96716
96725
96731
96740
96744
96767
96773
96776
96789
96802
96823
96843
96845
96896
96897
96903
96908
96917
96920
96924
96929
96930
96934
96935
96950
96980
97001
97007
97008
97018
97032
97036
97037
97040
97064
97078
97084
97102
97113
97125
97133
97150
97159
97173
97178
97189
97212
97215
97222
97232
97253
97295
97301
97338
97353
97355
97360
97373
97384
97389
97432
97443
97446
97451
97452
97458
97487
97513
97530
97563
97565
97573
97574
97579
97591
97593
97596
97625
97662
97692
97714
97735
97740
97743
97754
97756
97758
97776
97780
97784
97788
97789
97836
97837
97844
97859
97872
97906
97921
97925
97953
97956
97966
97968
97986
98004
98009
98057
98065
98084
98103
98110
98147
98169
98170
98184
98229
98233
98246
98247
98251
98262
98278
98294
98303
98331
98334
98336
98351
98379
98391
98398
98400
98413
98436
98453
98456
98471
98474
98475
98490
98495
98503
98513
98537
98552
98555
98559
98574
98578
98648
98661
98682
98690
98695
98699
98708
98720
98726
98751
98761
98763
98786
98799
98800
98824
98853
98860
98871
98876
98883
98884
98887
98888
98910
98927
98933
98943
98947
98949
98953
98957
98970
98999
99030
99051
99053
99064
99088
99110
99132
99139
99143
99158
99166
99182
99206
99236
99237
99268
99277
99283
99293
99300
99307
99318
99330
99371
99395
99402
99431
99442
99443
99453
99460
99463
99471
99483
99491
99523
99526
99535
99545
99558
99563
99580
99585
99587
99591
99592
99611
99613
99674
99676
99697
99709
99716
99723
99730
99749
99769
99792
99800
99811
99818
99821
99833
99866
99876
99889
99952
99958
99964
99981
99983
99984
99996
