25
67
125
184
209
313
317
355
388
420
427
429
484
499
512
588
603
668
769
781
908
1004
1023
1051
1091
1094
1110
1149
1192
1219
1290
1294
1346
1351
1454
1461
1476
1605
1669
1758
1844
1882
1902
1935
1946
1966
1975
2006
2036
2062
2119
2269
2272
2378
2396
2451
2457
2555
2570
2571
2585
2638
2689
2701
2782
2797
2812
2871
2903
3019
3081
3096
3145
3147
3172
3284
3294
3346
3390
3452
3531
3604
3633
3648
3655
3664
3680
3703
3799
3844
3906
3919
3951
3970
4000
4082
4263
4403
4408
4537
4584
4602
4678
4680
4688
4703
4721
4751
4770
4779
4790
4940
4995
5007
5056
5115
5263
5301
5305
5324
5330
5357
5358
5364
5377
5412
5554
5565
5645
5660
5737
5852
5958
5964
5987
5993
6023
6081
6084
6126
6136
6157
6256
6404
6406
6539
6575
6600
6618
6643
6674
6781
6849
6899
6923
6961
6964
6965
6996
7031
7040
7067
7138
7162
7172
7191
7203
7211
7220
7336
7345
7366
7367
7410
7456
7541
7552
7618
7651
7693
7706
7734
7772
7789
7806
7834
7906
7998
8000
8118
8152
8180
8216
8225
8241
8245
8289
8317
8369
8446
8475
8496
8560
8562
8610
8632
8634
8635
8675
8772
8776
8825
8828
8829
8831
8837
8944
9003
9015
9096
9135
9137
9162
9274
9370
9391
9479
9513
9523
9537
9582
9586
9638
9641
9666
9679
9756
9804
9811
9940
9985
10102
10119
10158
10228
10245
10265
10308
10359
10398
10497
10536
10602
10654
10676
10688
10752
10801
10820
10846
10847
11005
11200
11242
11331
11456
11466
11518
11532
11600
11612
11643
11650
11758
11882
11931
11953
11959
12003
12147
12153
12190
12200
12403
12416
12602
12747
12773
12830
12838
12974
13013
13019
13087
13107
13166
13250
13273
13294
13331
13384
13398
13399
13434
13496
13551
13584
13630
13680
13682
13703
13756
13798
13803
13810
13874
13954
13964
13969
13977
14041
14086
14121
14127
14128
14130
14224
14229
14231
14260
14269
14288
14376
14406
14423
14452
14466
14468
14558
14589
14619
14671
14703
14719
14729
14839
14854
14936
14937
14974
14998
15288
15341
15368
15371
15456
15482
15484
15535
15537
15599
15628
15689
15741
15783
15786
15821
15822
15829
15852
15932
15936
15943
15949
16001
16018
16107
16128
16190
16249
16286
16534
16548
16564
16633
16648
16793
16818
16880
16901
16923
16969
17016
17027
17138
17222
17258
17260
17300
17315
17316
17396
17492
17500
17508
17521
17537
17603
17615
17661
17697
17802
17842
17884
17907
17984
18079
18122
18129
18195
18261
18289
18298
18303
18308
18376
18384
18471
18518
18546
18554
18649
18705
18708
18718
18733
18736
18744
18782
18847
18869
18897
18943
19021
19056
19103
19157
19172
19249
19293
19338
19343
19409
19417
19438
19473
19494
19517
19582
19622
19643
19650
19662
19725
19763
19808
19826
19844
19874
19917
19918
19934
20034
20081
20099
20183
20251
20303
20322
20377
20387
20426
20433
20503
20565
20714
20740
20847
20894
20916
20935
20939
21048
21077
21173
21184
21210
21286
21312
21325
21361
21381
21398
21400
21465
21486
21502
21518
21602
21607
21649
21652
21680
21711
21796
21815
21895
21923
22040
22132
22171
22176
22201
22209
22338
22358
22365
22381
22388
22439
22448
22477
22567
22574
22578
22594
22600
22655
22657
22729
22768
22770
22803
22818
22917
22936
22942
22954
22959
22977
22994
23110
23168
23291
23323
23324
23325
23372
23412
23429
23432
23498
23557
23594
23630
23646
23726
23770
23808
23818
23848
23967
24014
24099
24190
24211
24327
24523
24555
24617
24699
24723
24732
24897
24905
25020
25058
25069
25081
25195
25224
25225
25230
25297
25463
25494
25530
25541
25570
25625
25752
25774
25826
25828
25852
25858
26016
26054
26234
26236
26311
26417
26437
26483
26641
26668
26677
26733
26783
26795
26828
26844
26865
26917
26918
26955
26987
27015
27032
27033
27100
27110
27141
27162
27216
27231
27255
27303
27342
27414
27468
27473
27615
27633
27739
27796
27811
27904
27935
27974
28178
28208
28212
28268
28320
28370
28372
28387
28402
28405
28412
28485
28492
28514
28528
28551
28553
28582
28701
28720
28761
28808
28830
28865
28873
28899
29027
29029
29037
29056
29148
29186
29410
29433
29478
29490
29494
29506
29541
29636
29640
29662
29690
29701
29727
29758
29812
29826
29941
30070
30076
30108
30116
30210
30224
30280
30291
30367
30405
30409
30515
30528
30591
30680
30687
30703
30711
30719
30761
30835
30836
30883
30927
30935
30959
30988
31080
31089
31099
31100
31106
31182
31187
31209
31216
31276
31284
31298
31310
31364
31365
31400
31423
31453
31578
31588
31594
31619
31634
31658
31694
31841
31915
31939
31952
31965
31996
32064
32134
32187
32227
32246
32293
32303
32319
32372
32381
32413
32444
32499
32552
32606
32627
32680
32681
32700
32745
32759
32765
32822
32884
32888
33076
33078
33112
33145
33216
33222
33271
33273
33306
33354
33374
33416
33517
33540
33566
33572
33594
33653
33702
33726
33728
33790
33807
33812
33820
33826
33919
33931
33984
34115
34120
34136
34190
34245
34273
34322
34356
34373
34404
34460
34612
34660
34710
34742
34752
34778
34825
35049
35097
35114
35123
35127
35186
35227
35234
35327
35350
35351
35486
35511
35623
35662
35671
35678
35735
35763
35772
35832
35856
35867
35868
35881
35899
35981
36050
36084
36179
36260
36275
36288
36303
36372
36394
36412
36430
36462
36467
36470
36533
36554
36565
36602
36710
36803
36824
36867
36916
36942
36952
36969
37021
37024
37026
37029
37039
37106
37119
37182
37187
37189
37216
37346
37370
37378
37421
37442
37527
37529
37559
37601
37669
37705
37745
37755
37891
37916
37993
38009
38086
38104
38117
38144
38145
38149
38163
38200
38285
38356
38375
38385
38424
38461
38563
38588
38614
38637
38677
38762
38784
38837
38853
38880
38886
39005
39038
39128
39254
39264
39321
39329
39333
39412
39475
39678
39760
39769
39781
39782
39797
39833
39840
39901
40065
40123
40193
40202
40322
40387
40438
40488
40507
40536
40555
40580
40587
40607
40634
40677
40751
40794
40797
40801
40802
40864
40874
40908
40943
41058
41109
41129
41135
41150
41168
41173
41184
41203
41324
41334
41461
41494
41519
41581
41625
41648
41668
41682
41709
41753
41784
41790
41798
41860
41977
42003
42007
42083
42129
42148
42177
42180
42309
42328
42372
42378
42381
42408
42468
42487
42489
42511
42594
42690
42708
42839
42920
42963
43025
43090
43129
43142
43248
43379
43388
43431
43449
43492
43533
43575
43673
43698
43722
43922
43937
43955
44051
44181
44184
44253
44346
44351
44420
44477
44489
44518
44573
44575
44593
44595
44628
44659
44721
44744
44746
44805
45060
45061
45084
45119
45135
45146
45182
45183
45194
45265
45305
45308
45321
45336
45339
45411
45428
45446
45519
45536
45567
45568
45573
45600
45620
45626
45641
45730
45761
45762
45842
45964
46130
46139
46155
46165
46200
46227
46238
46270
46288
46305
46322
46349
46379
46424
46480
46515
46600
46683
46785
46940
46957
47089
47125
47179
47185
47220
47233
47240
47532
47568
47570
47625
47645
47886
47958
48022
48083
48106
48242
48267
48339
48352
48365
48376
48488
48500
48559
48560
48569
48642
48791
48921
48998
49037
49053
49067
49101
49158
49178
49179
49189
49246
49295
49376
49387
49396
49533
49578
49583
49608
49683
49745
49783
49885
49994
50093
50097
50100
50138
50172
50274
50402
50436
50543
50544
50545
50593
50622
50637
50639
50731
50765
50814
50820
50866
50884
50942
50994
51004
51030
51053
51054
51098
51148
51182
51226
51308
51356
51391
51468
51518
51582
51593
51643
51728
51764
51788
51864
51877
51887
51896
51957
51987
52031
52039
52097
52150
52177
52197
52202
52254
52258
52334
52356
52421
52515
52526
52532
52537
52657
52706
52805
52995
53090
53106
53157
53158
53234
53237
53242
53245
53246
53252
53285
53311
53322
53342
53349
53461
53579
53613
53654
53684
53748
53776
53826
53885
53924
54093
54169
54185
54186
54207
54217
54259
54344
54413
54587
54686
54786
54936
54968
54983
54985
55070
55093
55170
55250
55298
55352
55359
55392
55525
55587
55682
55803
55813
55822
55876
55892
55972
56045
56047
56067
56068
56101
56118
56128
56177
56215
56265
56290
56320
56322
56410
56418
56430
56587
56598
56611
56641
56671
56735
56754
56791
56847
56928
56941
56985
56987
57000
57011
57102
57143
57193
57224
57237
57271
57314
57401
57403
57460
57503
57529
57532
57768
57788
57796
57831
57833
57836
57837
57912
57931
57940
57972
57976
58051
58074
58115
58160
58200
58209
58288
58312
58349
58354
58363
58394
58502
58511
58548
58621
58646
58653
58662
58675
58702
58976
59001
59033
59050
59062
59178
59188
59213
59234
59256
59265
59312
59315
59370
59441
59481
59552
59576
59619
59734
59769
59832
59887
59893
59899
59910
60057
60073
60278
60297
60423
60541
60655
60723
60727
60744
60775
60803
60806
60820
60848
60894
60926
60930
60976
60979
61027
61059
61103
61123
61167
61218
61249
61277
61317
61351
61356
61370
61378
61470
61471
61487
61638
61673
61771
61819
61855
61923
61959
61996
62024
62056
62091
62119
62159
62275
62292
62310
62403
62463
62520
62586
62614
62631
62701
62750
62813
62860
62890
62900
62929
62993
63093
63105
63215
63230
63252
63267
63305
63319
63373
63396
63420
63440
63449
63475
63637
63833
63881
64000
64026
64036
64037
64060
64105
64188
64221
64254
64255
64290
64331
64444
64469
64475
64505
64550
64561
64640
64648
64717
64728
64783
64849
64861
64868
64875
65156
65192
65236
65300
65353
65381
65408
65446
65510
65545
65575
65634
65650
65669
65733
65742
65779
65791
65860
65870
65878
66165
66190
66208
66224
66265
66285
66324
66335
66532
66554
66603
66617
66653
66672
66691
66696
66832
66836
66843
66996
67061
67263
67304
67308
67324
67342
67353
67391
67399
67512
67522
67529
67547
67569
67597
67621
67644
67712
67734
67769
67972
67986
68000
68019
68024
68055
68091
68244
68290
68303
68339
68343
68376
68384
68426
68465
68511
68533
68645
68669
68686
68734
68742
68752
68765
68828
68862
68944
69031
69202
69219
69355
69400
69501
69507
69560
69564
69584
69591
69593
69615
69616
69663
69756
69768
69830
69831
69917
69952
70074
70104
70114
70206
70243
70316
70324
70364
70368
70409
70451
70536
70538
70545
70563
70592
70595
70617
70645
70657
70803
70820
70855
70890
70891
70951
70960
71077
71100
71118
71132
71136
71201
71203
71298
71313
71375
71380
71414
71418
71429
71457
71563
71569
71599
71647
71709
71720
71840
71852
71888
71948
72027
72037
72057
72121
72147
72179
72204
72264
72319
72338
72339
72380
72398
72523
72526
72585
72601
72610
72622
72636
72709
72713
72727
72737
72746
72768
72784
72844
72864
72876
72887
72939
72969
73000
73011
73030
73111
73237
73283
73325
73327
73334
73351
73383
73441
73498
73504
73545
73724
73727
73847
73896
73926
73944
74159
74178
74193
74227
74303
74321
74364
74390
74391
74430
74465
74498
74504
74561
74566
74578
74601
74642
74665
74733
74768
74775
74793
74892
74927
74931
75017
75064
75083
75108
75152
75168
75231
75242
75307
75308
75338
75407
75445
75673
75675
75757
75776
75909
76173
76204
76284
76291
76346
76394
76398
76441
76473
76500
76539
76618
76685
76692
76696
76751
76809
76839
76889
76897
76918
76944
77016
77088
77121
77169
77303
77386
77419
77508
77558
77589
77593
77596
77606
77624
77690
77706
77761
77919
77930
77931
77939
78018
78059
78087
78117
78141
78181
78258
78261
78266
78323
78335
78437
78451
78736
78828
78872
78874
78885
78996
79009
79061
79103
79136
79168
79176
79253
79256
79419
79428
79564
79571
79709
79767
79839
79865
79974
79986
79996
80121
80127
80135
80148
80163
80288
80328
80393
80428
80432
80442
80469
80548
80564
80596
80606
80655
80668
80685
80687
80742
80897
80913
81006
81027
81100
81109
81189
81222
81225
81245
81293
81330
81340
81359
81422
81498
81520
81545
81663
81844
81872
81881
81884
82001
82011
82014
82151
82217
82303
82311
82315
82344
82349
82534
82556
82664
82670
82687
82776
82781
82786
82892
82902
82980
82996
83036
83081
83105
83172
83177
83271
83275
83341
83388
83420
83424
83638
83641
83715
83784
83809
83841
83933
83955
84065
84108
84118
84183
84232
84306
84313
84330
84395
84396
84399
84400
84436
84499
84538
84580
84598
84605
84732
84754
84782
84830
84927
84984
85066
85137
85228
85253
85259
85290
85337
85388
85424
85489
85541
85584
85603
85702
85730
85737
85745
85764
85772
85774
85832
85871
85877
85921
85925
86055
86104
86143
86191
86211
86244
86301
86323
86360
86410
86454
86519
86545
86582
86607
86645
86657
86702
86712
86736
86760
86806
86840
86932
87010
87113
87231
87233
87238
87295
87312
87380
87414
87426
87459
87470
87590
87833
87835
87851
87868
87931
87970
87971
87976
88013
88032
88089
88127
88145
88153
88174
88191
88195
88209
88217
88316
88335
88355
88369
88392
88432
88442
88448
88495
88502
88604
88637
88741
88772
88846
88857
88865
88885
88894
89011
89051
89108
89143
89405
89463
89503
89555
89631
89636
89675
89780
89843
89851
89882
89905
89920
89978
89998
90083
90112
90133
90137
90184
90291
90300
90304
90318
90348
90353
90378
90618
90638
90640
90683
90770
90799
90823
90824
90853
90873
90874
90927
90929
91116
91166
91227
91265
91304
91308
91349
91403
91447
91461
91484
91550
91558
91695
91753
91768
91910
91919
91971
92101
92102
92152
92296
92309
92331
92337
92338
92429
92494
92597
92624
92730
92749
92758
92787
92790
92805
92828
92890
92977
93001
93034
93062
93067
93092
93167
93169
93236
93290
93327
93368
93379
93447
93470
93536
93556
93657
93661
93792
93860
93911
93974
93985
93999
94106
94206
94220
94333
94382
94385
94387
94418
94448
94483
94522
94536
94593
94644
94690
94723
94726
94962
95050
95059
95068
95111
95145
95212
95263
95328
95388
95411
95418
95489
95501
95578
95581
95612
95690
95870
95886
95895
95904
95907
95915
95917
96031
96053
96081
96114
96147
96151
96297
96390
96443
96480
96565
96574
96598
96606
96652
96714
96750
96787
96791
96833
96903
96994
97132
97167
97201
97240
97241
97259
97331
97358
97391
97427
97572
97583
97602
97620
97625
97640
97665
97694
97698
97702
97802
97818
97835
97884
97936
97964
97980
98009
98012
98052
98078
98116
98145
98152
98163
98198
98204
98209
98229
98256
98259
98276
98347
98396
98430
98431
98453
98619
98635
98641
98660
98672
98725
98735
98754
98763
98853
98931
98972
98975
98976
99083
99091
99118
99125
99179
99195
99216
99269
99271
99433
99442
99457
99462
99489
99494
99568
99600
99683
99687
99690
99696
99705
99745
99757
99791
99809
99827
99855
99944
99965
99983
--------
9
15
22
25
29
30
33
36
50
56
67
69
70
82
97
104
110
111
125
132
148
150
152
154
176
178
183
184
188
200
207
209
211
213
219
222
223
229
242
246
252
264
267
269
272
275
280
282
285
300
301
303
308
313
317
328
333
334
335
347
355
363
366
375
382
383
388
411
412
420
427
429
433
438
443
454
470
474
481
484
495
498
499
505
512
516
523
544
549
564
579
587
588
589
598
602
603
618
647
656
668
683
694
699
705
706
737
750
752
768
769
770
772
781
797
812
823
827
829
830
841
844
852
866
872
881
890
891
904
908
919
920
927
931
948
961
970
976
977
979
984
987
988
1004
1006
1021
1023
1025
1026
1033
1046
1051
1062
1079
1091
1094
1095
1097
1103
1106
1110
1116
1117
1118
1129
1134
1143
1149
1153
1155
1157
1161
1164
1166
1170
1179
1187
1192
1194
1201
1206
1219
1230
1232
1233
1237
1241
1243
1244
1255
1256
1279
1282
1284
1287
1290
1292
1293
1294
1295
1296
1306
1317
1319
1320
1346
1351
1352
1366
1374
1377
1379
1381
1384
1388
1413
1414
1420
1426
1431
1442
1451
1454
1457
1461
1466
1476
1483
1486
1487
1498
1510
1515
1520
1535
1538
1541
1542
1545
1546
1555
1556
1565
1589
1597
1604
1605
1622
1631
1637
1648
1650
1659
1663
1669
1682
1705
1710
1737
1743
1747
1758
1773
1776
1777
1788
1804
1812
1817
1820
1829
1835
1840
1844
1851
1857
1865
1882
1884
1886
1887
1889
1892
1894
1901
1902
1905
1916
1932
1935
1938
1946
1966
1971
1975
1976
1977
1979
1983
1990
1993
2006
2008
2020
2036
2041
2044
2046
2047
2062
2066
2069
2076
2092
2097
2113
2114
2119
2122
2124
2130
2137
2162
2171
2173
2178
2195
2196
2197
2203
2207
2217
2222
2239
2243
2248
2250
2253
2263
2269
2272
2277
2284
2300
2302
2308
2309
2338
2342
2348
2351
2353
2356
2369
2378
2383
2384
2396
2409
2417
2440
2443
2445
2446
2451
2454
2455
2457
2458
2462
2464
2471
2474
2480
2484
2489
2494
2502
2508
2515
2518
2533
2540
2541
2545
2551
2555
2570
2571
2578
2585
2600
2607
2610
2621
2622
2626
2637
2638
2658
2661
2662
2669
2685
2689
2693
2695
2701
2707
2708
2724
2726
2730
2737
2745
2749
2782
2785
2788
2796
2797
2798
2802
2806
2807
2808
2812
2822
2834
2835
2857
2865
2868
2871
2876
2877
2886
2893
2895
2901
2903
2912
2914
2925
2940
2942
2948
2955
2959
2964
2973
2976
2980
2981
2985
3007
3008
3012
3015
3019
3021
3024
3040
3048
3054
3071
3072
3076
3078
3079
3081
3095
3096
3103
3106
3107
3130
3136
3141
3145
3147
3149
3154
3172
3176
3178
3179
3183
3186
3188
3190
3192
3195
3196
3201
3205
3212
3220
3223
3241
3250
3255
3260
3274
3281
3284
3294
3296
3306
3313
3314
3322
3327
3329
3337
3342
3343
3346
3361
3366
3377
3384
3390
3394
3400
3415
3420
3452
3454
3458
3471
3489
3494
3503
3507
3510
3527
3531
3535
3550
3561
3582
3592
3595
3604
3619
3620
3633
3634
3639
3643
3648
3649
3652
3655
3662
3664
3665
3671
3680
3683
3696
3702
3703
3707
3743
3746
3758
3769
3770
3776
3783
3784
3799
3807
3813
3817
3829
3834
3843
3844
3845
3847
3862
3873
3892
3897
3899
3906
3912
3919
3928
3929
3936
3939
3941
3945
3949
3951
3953
3963
3967
3970
3976
3979
3989
3991
3993
3997
3999
4000
4011
4012
4040
4046
4061
4063
4076
4078
4082
4088
4095
4110
4113
4114
4122
4124
4127
4128
4138
4148
4153
4154
4155
4160
4162
4166
4170
4171
4172
4175
4183
4184
4190
4194
4209
4217
4223
4240
4249
4254
4263
4274
4278
4280
4287
4288
4298
4299
4300
4306
4329
4340
4347
4366
4367
4374
4398
4399
4403
4408
4417
4424
4431
4441
4446
4451
4476
4484
4485
4501
4507
4512
4515
4522
4537
4539
4542
4547
4562
4573
4584
4594
4598
4602
4613
4620
4643
4663
4665
4671
4678
4680
4682
4688
4694
4701
4703
4707
4721
4723
4725
4732
4736
4739
4742
4745
4750
4751
4754
4755
4770
4773
4779
4783
4784
4787
4790
4792
4794
4816
4820
4827
4835
4842
4847
4859
4882
4885
4896
4897
4900
4902
4914
4938
4940
4942
4970
4977
4991
4995
4999
5007
5012
5014
5016
5018
5020
5023
5035
5048
5056
5079
5090
5102
5110
5115
5118
5119
5138
5142
5146
5151
5171
5174
5187
5194
5195
5198
5203
5205
5213
5216
5218
5219
5231
5234
5263
5266
5272
5288
5289
5292
5298
5300
5301
5303
5305
5309
5312
5317
5324
5327
5330
5332
5333
5336
5349
5351
5357
5358
5364
5377
5389
5390
5391
5412
5418
5432
5446
5465
5470
5478
5489
5496
5497
5498
5505
5516
5525
5528
5540
5554
5558
5559
5563
5565
5583
5584
5586
5609
5610
5618
5641
5644
5645
5660
5663
5669
5677
5678
5702
5703
5709
5719
5723
5737
5739
5740
5756
5763
5779
5804
5807
5811
5821
5823
5826
5842
5845
5846
5852
5859
5861
5863
5870
5883
5902
5914
5915
5920
5924
5940
5953
5958
5959
5962
5963
5964
5965
5971
5974
5981
5985
5987
5988
5993
6023
6030
6031
6038
6042
6077
6078
6081
6084
6087
6096
6097
6100
6123
6126
6130
6135
6136
6141
6142
6154
6156
6157
6173
6182
6193
6203
6210
6216
6222
6239
6255
6256
6258
6265
6270
6282
6284
6285
6291
6320
6327
6356
6357
6370
6379
6404
6406
6422
6424
6430
6449
6471
6524
6526
6538
6539
6551
6558
6562
6567
6575
6580
6583
6597
6600
6604
6612
6618
6619
6624
6627
6633
6640
6643
6646
6647
6654
6661
6662
6668
6674
6682
6689
6694
6696
6699
6724
6725
6731
6742
6746
6748
6750
6780
6781
6793
6800
6807
6811
6824
6833
6842
6848
6849
6850
6858
6872
6886
6899
6900
6906
6907
6922
6923
6930
6936
6937
6944
6957
6961
6962
6964
6965
6966
6971
6981
6985
6987
6996
7000
7006
7014
7020
7025
7030
7031
7037
7040
7051
7053
7059
7064
7067
7069
7091
7097
7098
7104
7115
7121
7138
7146
7147
7148
7157
7158
7162
7163
7168
7172
7181
7186
7191
7201
7203
7204
7206
7209
7210
7211
7213
7215
7217
7220
7225
7230
7231
7235
7238
7244
7247
7258
7261
7270
7281
7296
7298
7301
7307
7309
7313
7316
7321
7323
7326
7327
7336
7339
7343
7345
7349
7358
7360
7363
7366
7367
7372
7378
7392
7410
7416
7422
7423
7441
7456
7465
7484
7502
7515
7533
7535
7539
7541
7549
7551
7552
7555
7580
7590
7591
7598
7601
7611
7615
7618
7619
7622
7633
7636
7643
7651
7676
7693
7694
7696
7700
7704
7706
7710
7727
7728
7734
7735
7744
7752
7755
7756
7761
7771
7772
7773
7786
7789
7790
7791
7806
7817
7829
7834
7842
7844
7848
7853
7856
7864
7877
7893
7906
7909
7920
7929
7969
7982
7995
7998
8000
8004
8013
8021
8028
8029
8042
8049
8054
8064
8090
8097
8101
8117
8118
8122
8125
8132
8146
8151
8152
8153
8156
8157
8159
8164
8174
8175
8178
8180
8189
8205
8208
8215
8216
8225
8226
8228
8236
8238
8239
8241
8243
8244
8245
8259
8267
8270
8284
8286
8287
8289
8291
8311
8314
8317
8321
8326
8327
8328
8329
8332
8361
8369
8387
8403
8412
8424
8435
8446
8447
8455
8466
8470
8475
8478
8486
8496
8500
8512
8516
8519
8525
8526
8542
8554
8560
8562
8567
8575
8603
8610
8613
8632
8634
8635
8636
8658
8665
8670
8673
8675
8705
8711
8732
8737
8740
8752
8755
8758
8772
8773
8776
8777
8778
8784
8787
8819
8825
8826
8827
8828
8829
8831
8834
8837
8839
8856
8859
8866
8867
8868
8888
8891
8895
8911
8916
8917
8943
8944
8958
8963
8964
8972
8974
8981
8991
8994
8995
8996
9003
9009
9015
9025
9034
9036
9039
9042
9049
9063
9066
9077
9082
9086
9096
9107
9109
9112
9126
9133
9135
9137
9158
9160
9162
9177
9190
9198
9203
9206
9213
9222
9232
9237
9243
9247
9252
9258
9274
9278
9281
9283
9325
9340
9348
9366
9370
9371
9388
9390
9391
9401
9408
9410
9412
9421
9422
9425
9427
9446
9465
9469
9479
9483
9502
9503
9506
9510
9513
9518
9523
9533
9537
9538
9542
9544
9552
9554
9576
9582
9586
9599
9604
9618
9620
9628
9632
9636
9638
9641
9642
9643
9645
9654
9662
9664
9666
9679
9687
9689
9703
9708
9718
9722
9723
9729
9734
9745
9750
9756
9769
9777
9782
9788
9790
9792
9795
9798
9804
9809
9811
9813
9816
9844
9860
9865
9867
9877
9886
9890
9901
9903
9908
9920
9925
9926
9929
9936
9937
9939
9940
9948
9966
9969
9970
9985
9992
10027
10029
10043
10071
10083
10084
10093
10102
10109
10111
10116
10119
10130
10152
10158
10163
10170
10176
10187
10192
10201
10202
10206
10210
10227
10228
10231
10240
10245
10246
10247
10249
10252
10259
10261
10265
10267
10280
10287
10299
10304
10308
10317
10318
10329
10331
10335
10342
10344
10349
10354
10355
10359
10392
10393
10398
10399
10409
10421
10423
10427
10444
10461
10465
10473
10487
10494
10497
10500
10507
10517
10535
10536
10546
10548
10560
10575
10579
10580
10592
10596
10597
10602
10603
10606
10608
10616
10619
10622
10629
10630
10632
10643
10654
10662
10667
10676
10688
10691
10711
10722
10727
10734
10736
10737
10738
10742
10752
10755
10760
10762
10766
10769
10772
10774
10783
10784
10785
10787
10793
10797
10799
10801
10811
10817
10819
10820
10830
10834
10840
10846
10847
10852
10860
10873
10880
10882
10889
10899
10901
10903
10904
10930
10940
10941
10952
10962
10970
10972
10984
10997
11002
11003
11004
11005
11020
11031
11035
11041
11046
11050
11056
11089
11093
11098
11101
11103
11112
11116
11127
11130
11138
11144
11157
11162
11192
11194
11200
11204
11228
11233
11242
11259
11262
11264
11265
11268
11272
11284
11301
11311
11331
11336
11343
11354
11366
11368
11369
11376
11381
11384
11394
11395
11401
11403
11415
11416
11432
11441
11456
11458
11466
11477
11479
11481
11518
11532
11545
11557
11558
11564
11572
11592
11597
11600
11611
11612
11621
11632
11633
11638
11641
11643
11650
11653
11662
11672
11675
11683
11691
11709
11714
11716
11721
11723
11739
11741
11744
11745
11749
11750
11752
11758
11764
11772
11773
11778
11779
11781
11784
11788
11800
11806
11815
11820
11821
11823
11833
11834
11847
11849
11856
11863
11879
11882
11887
11894
11895
11897
11900
11910
11918
11931
11936
11950
11953
11959
11960
11963
11964
11987
12000
12003
12005
12008
12010
12019
12021
12029
12031
12042
12043
12044
12048
12054
12056
12066
12069
12072
12074
12075
12080
12083
12085
12099
12101
12102
12105
12110
12111
12126
12147
12150
12152
12153
12159
12168
12169
12180
12181
12189
12190
12196
12200
12252
12260
12268
12289
12296
12302
12317
12320
12327
12336
12349
12361
12366
12381
12392
12393
12394
12398
12400
12402
12403
12406
12415
12416
12418
12444
12449
12451
12457
12461
12468
12473
12474
12480
12500
12503
12504
12522
12523
12531
12536
12540
12543
12546
12548
12554
12558
12566
12568
12576
12584
12602
12603
12605
12612
12626
12631
12661
12662
12664
12682
12690
12692
12700
12704
12713
12716
12732
12733
12734
12740
12743
12747
12759
12766
12773
12782
12785
12809
12812
12820
12825
12827
12830
12838
12842
12853
12864
12866
12887
12889
12905
12916
12918
12934
12940
12953
12964
12968
12974
12976
12982
13000
13013
13019
13027
13036
13041
13044
13045
13046
13048
13052
13071
13083
13084
13086
13087
13088
13095
13097
13106
13107
13108
13109
13123
13151
13159
13166
13173
13175
13186
13196
13201
13227
13240
13250
13255
13260
13261
13264
13270
13273
13281
13282
13287
13292
13293
13294
13296
13300
13301
13331
13333
13338
13339
13355
13357
13365
13368
13369
13370
13373
13375
13384
13398
13399
13402
13408
13419
13433
13434
13438
13439
13461
13462
13482
13496
13509
13518
13519
13520
13528
13533
13545
13551
13558
13559
13563
13572
13584
13587
13605
13616
13626
13629
13630
13653
13666
13680
13682
13689
13703
13717
13747
13755
13756
13762
13770
13786
13789
13791
13794
13797
13798
13803
13807
13810
13812
13825
13828
13834
13851
13854
13859
13874
13877
13879
13884
13891
13901
13905
13937
13954
13963
13964
13965
13969
13977
13987
14005
14017
14024
14037
14038
14041
14045
14047
14055
14057
14058
14067
14073
14086
14100
14103
14106
14121
14127
14128
14130
14145
14146
14160
14167
14170
14178
14183
14206
14211
14223
14224
14228
14229
14231
14235
14238
14243
14249
14252
14260
14266
14267
14269
14275
14276
14278
14285
14288
14294
14300
14309
14313
14314
14328
14332
14336
14337
14338
14347
14376
14378
14385
14392
14406
14407
14412
14423
14432
14437
14439
14452
14455
14464
14466
14468
14474
14475
14491
14492
14495
14500
14501
14503
14514
14527
14528
14536
14537
14545
14558
14560
14563
14578
14589
14601
14610
14619
14624
14634
14642
14650
14659
14662
14663
14671
14672
14684
14703
14705
14719
14729
14736
14739
14743
14752
14754
14769
14770
14776
14793
14800
14813
14822
14836
14839
14848
14849
14854
14855
14858
14863
14866
14875
14880
14882
14889
14906
14909
14916
14918
14924
14931
14936
14937
14945
14951
14974
14976
14978
14989
14990
14998
15003
15006
15013
15027
15032
15043
15047
15051
15068
15078
15083
15112
15122
15125
15137
15141
15144
15146
15166
15180
15195
15196
15207
15238
15241
15249
15251
15255
15259
15273
15285
15288
15290
15292
15308
15335
15337
15338
15341
15347
15355
15367
15368
15371
15375
15385
15395
15406
15412
15427
15431
15453
15456
15458
15461
15467
15472
15482
15484
15485
15491
15495
15498
15503
15504
15511
15534
15535
15537
15554
15556
15560
15568
15569
15578
15585
15599
15614
15616
15628
15635
15653
15656
15660
15663
15668
15674
15675
15676
15685
15687
15689
15705
15733
15741
15743
15748
15764
15766
15772
15778
15783
15784
15786
15814
15816
15821
15822
15829
15843
15844
15852
15853
15855
15877
15878
15883
15884
15904
15921
15927
15932
15934
15936
15943
15948
15949
15964
15966
15980
15981
15985
15993
15994
16001
16005
16018
16032
16038
16042
16061
16062
16067
16070
16075
16078
16094
16097
16099
16107
16108
16110
16119
16128
16139
16151
16171
16173
16174
16190
16200
16202
16221
16223
16239
16248
16249
16267
16278
16280
16286
16300
16302
16307
16309
16310
16322
16327
16328
16334
16342
16346
16354
16358
16362
16363
16368
16376
16392
16401
16402
16417
16422
16465
16471
16473
16477
16479
16480
16487
16499
16517
16519
16534
16536
16537
16543
16544
16546
16548
16553
16556
16563
16564
16567
16578
16607
16612
16614
16616
16618
16619
16633
16634
16642
16643
16644
16648
16649
16655
16661
16679
16690
16698
16699
16700
16702
16706
16752
16767
16768
16776
16789
16793
16805
16809
16810
16818
16821
16822
16826
16856
16857
16859
16865
16867
16868
16869
16880
16885
16891
16897
16901
16902
16922
16923
16924
16943
16950
16951
16969
16980
16983
17006
17016
17018
17027
17031
17038
17041
17081
17082
17091
17106
17115
17123
17127
17138
17143
17163
17167
17181
17194
17222
17231
17242
17245
17258
17260
17264
17276
17297
17300
17315
17316
17336
17364
17366
17370
17371
17378
17380
17396
17399
17400
17402
17412
17414
17415
17419
17420
17427
17435
17443
17444
17457
17459
17479
17481
17483
17486
17491
17492
17500
17503
17504
17508
17512
17515
17521
17531
17537
17543
17546
17581
17584
17588
17591
17593
17603
17605
17607
17612
17615
17624
17628
17641
17652
17660
17661
17670
17683
17690
17691
17697
17706
17761
17779
17782
17788
17801
17802
17806
17808
17809
17823
17831
17832
17842
17859
17884
17896
17904
17907
17909
17910
17917
17919
17920
17925
17927
17934
17939
17956
17957
17962
17972
17977
17982
17983
17984
17990
18015
18019
18028
18031
18040
18044
18047
18056
18064
18071
18079
18092
18095
18097
18101
18113
18118
18122
18129
18143
18154
18155
18178
18180
18190
18195
18198
18212
18214
18216
18219
18232
18233
18243
18250
18261
18269
18274
18288
18289
18298
18302
18303
18305
18308
18324
18325
18332
18338
18365
18366
18376
18378
18384
18397
18398
18401
18404
18410
18440
18445
18449
18453
18471
18472
18476
18491
18509
18518
18520
18531
18535
18544
18546
18550
18554
18571
18580
18593
18597
18604
18618
18630
18645
18649
18650
18661
18666
18668
18670
18689
18705
18706
18708
18718
18730
18731
18733
18736
18737
18740
18744
18749
18750
18759
18764
18767
18771
18782
18786
18793
18805
18806
18810
18827
18828
18831
18847
18848
18849
18867
18869
18870
18877
18895
18897
18909
18912
18913
18918
18931
18938
18943
18946
18954
18959
18965
19021
19026
19035
19037
19049
19056
19077
19083
19096
19100
19103
19104
19110
19111
19120
19122
19137
19157
19161
19170
19172
19183
19220
19224
19238
19239
19249
19251
19255
19256
19270
19274
19281
19293
19297
19312
19317
19323
19328
19334
19335
19336
19338
19342
19343
19345
19348
19360
19366
19371
19373
19391
19392
19404
19406
19409
19417
19423
19425
19427
19435
19438
19443
19456
19463
19464
19467
19473
19475
19479
19482
19494
19500
19506
19517
19520
19549
19560
19577
19582
19587
19591
19596
19597
19603
19612
19616
19620
19622
19626
19629
19638
19643
19650
19662
19663
19670
19672
19674
19692
19704
19708
19721
19725
19733
19737
19741
19753
19758
19759
19762
19763
19764
19767
19778
19780
19801
19807
19808
19813
19815
19826
19827
19832
19844
19846
19865
19874
19878
19897
19909
19910
19917
19918
19934
19945
19947
19952
19968
19975
19986
19987
19990
19991
20020
20021
20022
20024
20034
20049
20050
20055
20063
20065
20068
20077
20081
20083
20091
20099
20104
20112
20113
20117
20126
20128
20138
20183
20195
20196
20202
20203
20213
20224
20227
20232
20237
20247
20251
20252
20253
20256
20257
20260
20261
20269
20270
20274
20293
20303
20318
20320
20322
20324
20330
20341
20344
20345
20354
20371
20377
20381
20387
20390
20409
20415
20418
20426
20429
20431
20433
20434
20441
20459
20463
20469
20476
20478
20481
20503
20505
20508
20520
20541
20560
20562
20564
20565
20566
20569
20571
20576
20579
20591
20593
20595
20596
20606
20611
20620
20622
20640
20650
20651
20653
20665
20669
20682
20683
20692
20697
20700
20705
20707
20714
20720
20730
20733
20738
20740
20744
20747
20762
20768
20778
20780
20788
20790
20798
20799
20802
20807
20811
20822
20825
20839
20844
20847
20873
20875
20890
20894
20897
20898
20903
20907
20908
20914
20916
20917
20935
20937
20939
20950
20958
20959
20963
20964
20969
20970
20973
20978
20985
20996
21002
21009
21018
21033
21035
21042
21045
21048
21053
21060
21077
21091
21102
21105
21119
21120
21128
21136
21140
21154
21173
21184
21191
21196
21199
21205
21207
21208
21210
21213
21218
21245
21246
21261
21265
21266
21273
21286
21287
21288
21312
21317
21323
21325
21332
21338
21352
21361
21372
21379
21381
21383
21386
21390
21398
21400
21402
21405
21419
21427
21434
21446
21453
21463
21465
21475
21478
21485
21486
21501
21502
21515
21517
21518
21520
21523
21532
21537
21543
21544
21552
21556
21560
21564
21565
21577
21601
21602
21607
21608
21628
21637
21644
21649
21652
21658
21669
21673
21679
21680
21711
21736
21740
21741
21747
21761
21764
21770
21786
21792
21795
21796
21809
21815
21819
21821
21822
21837
21838
21847
21849
21855
21864
21866
21881
21891
21893
21895
21902
21909
21923
21928
21942
21947
21957
21960
21965
21966
21976
21977
21987
22006
22007
22010
22022
22031
22040
22056
22057
22086
22088
22106
22109
22127
22132
22143
22150
22151
22167
22171
22172
22176
22195
22201
22204
22206
22209
22210
22215
22220
22230
22236
22250
22251
22257
22258
22265
22282
22284
22286
22287
22297
22302
22303
22306
22307
22316
22322
22329
22335
22336
22338
22346
22353
22358
22365
22368
22381
22388
22394
22401
22418
22421
22427
22439
22448
22451
22453
22472
22477
22493
22508
22510
22513
22521
22526
22537
22542
22548
22567
22573
22574
22576
22578
22586
22588
22594
22595
22600
22616
22621
22633
22650
22655
22657
22671
22682
22684
22690
22709
22714
22717
22721
22722
22724
22729
22745
22752
22767
22768
22770
22803
22809
22815
22818
22819
22835
22851
22867
22871
22902
22906
22914
22915
22917
22931
22936
22939
22942
22954
22955
22959
22962
22965
22966
22975
22977
22985
22994
22998
23012
23022
23034
23035
23053
23056
23059
23071
23082
23092
23100
23104
23105
23110
23111
23118
23119
23124
23136
23150
23158
23161
23167
23168
23182
23209
23214
23216
23217
23221
23222
23227
23239
23242
23243
23253
23270
23288
23290
23291
23293
23294
23295
23299
23301
23323
23324
23325
23328
23330
23331
23335
23336
23351
23352
23358
23372
23384
23403
23407
23412
23416
23429
23430
23432
23434
23452
23454
23457
23471
23473
23478
23487
23491
23498
23499
23518
23521
23522
23525
23532
23550
23553
23557
23582
23583
23584
23594
23605
23611
23614
23626
23627
23630
23636
23646
23656
23660
23667
23679
23681
23686
23701
23713
23723
23726
23728
23734
23757
23766
23768
23770
23772
23776
23779
23782
23798
23801
23802
23808
23813
23818
23826
23837
23848
23853
23861
23862
23872
23874
23886
23903
23913
23915
23957
23959
23967
23976
23985
24003
24010
24014
24020
24024
24032
24033
24047
24059
24062
24063
24070
24079
24092
24095
24099
24107
24110
24111
24118
24119
24122
24129
24137
24140
24142
24146
24174
24181
24190
24200
24201
24209
24211
24243
24245
24263
24265
24283
24284
24285
24288
24290
24296
24297
24298
24324
24326
24327
24339
24342
24365
24366
24375
24382
24389
24393
24395
24400
24404
24408
24430
24433
24435
24440
24446
24458
24470
24471
24478
24481
24482
24490
24495
24498
24507
24512
24514
24523
24528
24529
24530
24549
24555
24569
24575
24581
24588
24612
24617
24620
24623
24632
24633
24644
24660
24683
24691
24699
24700
24703
24706
24710
24712
24723
24727
24732
24740
24747
24751
24755
24757
24769
24775
24779
24787
24792
24814
24825
24831
24840
24863
24876
24882
24884
24885
24887
24897
24898
24905
24908
24912
24914
24915
24916
24917
24928
24944
24945
24955
24976
25018
25020
25026
25031
25038
25045
25046
25049
25055
25058
25063
25069
25075
25081
25086
25090
25094
25097
25099
25101
25103
25105
25113
25114
25121
25123
25130
25139
25154
25173
25176
25183
25186
25195
25201
25209
25212
25213
25224
25225
25230
25232
25262
25281
25291
25297
25305
25306
25318
25325
25330
25332
25333
25340
25369
25373
25387
25393
25406
25411
25413
25416
25425
25432
25435
25442
25448
25456
25457
25460
25463
25491
25494
25495
25508
25509
25516
25520
25530
25533
25537
25541
25552
25566
25570
25585
25589
25591
25601
25610
25625
25628
25630
25631
25635
25663
25665
25666
25691
25698
25699
25716
25719
25731
25733
25752
25761
25763
25772
25774
25777
25795
25802
25804
25813
25818
25820
25826
25828
25829
25850
25852
25858
25864
25867
25868
25877
25878
25888
25894
25938
25949
25954
25958
25959
25977
25978
25991
26004
26005
26011
26016
26025
26026
26027
26028
26030
26052
26054
26062
26076
26077
26079
26088
26089
26106
26110
26111
26119
26123
26124
26128
26142
26143
26154
26177
26182
26188
26196
26198
26207
26215
26222
26234
26236
26239
26249
26260
26273
26277
26290
26292
26306
26311
26315
26318
26338
26345
26346
26350
26351
26383
26386
26391
26403
26406
26417
26418
26437
26438
26440
26445
26470
26471
26483
26504
26506
26507
26509
26510
26512
26542
26550
26563
26567
26571
26572
26574
26576
26580
26588
26590
26591
26597
26606
26620
26626
26628
26630
26631
26635
26641
26643
26644
26668
26670
26674
26677
26679
26682
26700
26716
26733
26742
26748
26755
26762
26771
26783
26795
26800
26802
26804
26811
26817
26827
26828
26834
26835
26837
26840
26844
26850
26865
26870
26878
26888
26899
26907
26913
26917
26918
26921
26925
26932
26936
26948
26951
26955
26972
26979
26982
26985
26987
26997
26999
27001
27003
27009
27015
27032
27033
27048
27058
27074
27095
27100
27109
27110
27115
27120
27133
27141
27143
27155
27162
27168
27182
27191
27196
27213
27216
27217
27228
27231
27237
27240
27242
27255
27259
27265
27270
27275
27291
27293
27300
27303
27304
27307
27310
27316
27322
27328
27330
27336
27342
27363
27372
27390
27397
27414
27415
27418
27427
27432
27435
27437
27439
27442
27443
27446
27458
27463
27464
27468
27473
27484
27499
27512
27531
27539
27545
27546
27557
27560
27576
27585
27591
27594
27614
27615
27616
27630
27633
27636
27646
27649
27650
27661
27666
27683
27693
27701
27715
27721
27723
27727
27734
27739
27744
27745
27777
27781
27796
27801
27804
27811
27820
27826
27827
27828
27840
27846
27853
27856
27858
27860
27868
27870
27876
27883
27884
27887
27892
27903
27904
27917
27924
27928
27935
27938
27949
27972
27974
27988
27997
27999
28000
28001
28027
28040
28055
28056
28060
28062
28065
28078
28080
28085
28100
28111
28122
28130
28151
28156
28161
28178
28208
28209
28212
28217
28237
28244
28248
28249
28253
28255
28268
28291
28296
28297
28299
28305
28306
28312
28313
28320
28322
28347
28350
28352
28355
28358
28363
28365
28370
28372
28376
28387
28394
28402
28405
28407
28408
28409
28412
28418
28422
28423
28431
28433
28435
28438
28448
28460
28472
28473
28475
28485
28491
28492
28499
28500
28501
28509
28514
28521
28528
28530
28543
28546
28548
28550
28551
28553
28555
28560
28570
28572
28580
28582
28592
28598
28605
28608
28609
28612
28614
28673
28701
28720
28726
28732
28737
28740
28761
28770
28772
28775
28783
28799
28808
28812
28816
28819
28824
28829
28830
28843
28857
28865
28868
28873
28875
28877
28878
28885
28897
28899
28910
28930
28931
28937
28941
28945
28967
28969
28970
28973
28976
29005
29017
29020
29022
29027
29029
29037
29042
29048
29050
29054
29056
29066
29076
29078
29082
29086
29093
29097
29102
29105
29146
29148
29149
29157
29160
29162
29163
29165
29167
29186
29188
29190
29195
29217
29218
29222
29226
29232
29236
29239
29245
29271
29277
29280
29295
29297
29298
29301
29304
29322
29326
29330
29334
29360
29361
29362
29374
29380
29386
29410
29433
29444
29445
29451
29453
29455
29458
29466
29469
29472
29478
29482
29483
29490
29494
29506
29539
29541
29551
29563
29565
29569
29576
29597
29600
29608
29609
29622
29631
29632
29636
29639
29640
29642
29651
29652
29658
29662
29663
29666
29668
29689
29690
29700
29701
29702
29705
29723
29727
29729
29735
29738
29745
29757
29758
29779
29791
29803
29808
29812
29815
29825
29826
29829
29832
29833
29854
29857
29864
29865
29870
29876
29877
29892
29893
29922
29933
29941
29949
29957
29974
29975
29980
29982
29990
29994
30033
30034
30053
30058
30059
30070
30076
30077
30078
30091
30105
30108
30116
30124
30133
30135
30146
30159
30164
30167
30171
30202
30203
30207
30210
30213
30224
30229
30241
30268
30275
30277
30280
30289
30291
30310
30318
30322
30323
30327
30331
30343
30346
30353
30355
30360
30362
30366
30367
30371
30373
30385
30399
30404
30405
30409
30412
30427
30443
30445
30446
30449
30453
30454
30458
30481
30493
30501
30511
30515
30517
30528
30530
30537
30545
30564
30566
30576
30588
30591
30595
30600
30605
30624
30628
30644
30651
30663
30677
30679
30680
30687
30696
30703
30711
30719
30732
30752
30753
30761
30763
30776
30780
30781
30782
30791
30803
30809
30810
30813
30829
30833
30835
30836
30837
30841
30845
30859
30875
30876
30883
30896
30901
30906
30910
30912
30927
30935
30941
30950
30951
30955
30956
30958
30959
30968
30974
30977
30988
30990
30992
30993
31007
31008
31009
31015
31017
31029
31038
31042
31060
31064
31073
31080
31089
31093
31099
31100
31104
31106
31107
31111
31116
31118
31120
31129
31132
31136
31152
31167
31182
31187
31194
31207
31209
31216
31224
31226
31249
31254
31260
31264
31266
31276
31277
31284
31288
31298
31300
31310
31322
31326
31328
31335
31356
31359
31364
31365
31366
31373
31381
31400
31403
31409
31411
31423
31436
31448
31453
31461
31466
31501
31538
31553
31566
31570
31578
31588
31589
31592
31594
31596
31600
31619
31634
31645
31658
31659
31693
31694
31699
31742
31757
31762
31763
31773
31791
31810
31829
31833
31837
31839
31841
31848
31855
31856
31861
31866
31897
31900
31905
31907
31915
31919
31922
31929
31939
31940
31942
31952
31963
31965
31969
31977
31981
31996
31997
31999
32002
32003
32017
32023
32024
32030
32031
32046
32050
32054
32062
32064
32066
32070
32071
32076
32101
32108
32124
32134
32144
32145
32146
32157
32159
32178
32187
32202
32213
32215
32223
32227
32232
32238
32242
32246
32250
32282
32284
32285
32287
32293
32298
32303
32311
32319
32323
32327
32339
32345
32347
32351
32352
32356
32367
32370
32372
32375
32381
32384
32388
32400
32407
32408
32410
32413
32419
32421
32428
32431
32444
32445
32458
32464
32465
32472
32474
32484
32493
32497
32499
32506
32516
32521
32547
32552
32562
32563
32571
32574
32581
32586
32598
32606
32608
32613
32626
32627
32633
32637
32654
32657
32664
32669
32680
32681
32684
32694
32700
32712
32729
32737
32745
32759
32765
32799
32800
32813
32815
32822
32836
32839
32861
32862
32870
32884
32888
32890
32894
32896
32899
32903
32904
32911
32917
32919
32921
32922
32935
32939
32957
32963
32965
32970
32976
32977
32993
33000
33008
33012
33032
33041
33045
33048
33051
33062
33076
33077
33078
33086
33087
33089
33097
33098
33102
33108
33111
33112
33117
33121
33124
33145
33146
33177
33183
33191
33197
33201
33208
33216
33222
33254
33257
33260
33271
33273
33280
33286
33306
33311
33313
33317
33328
33348
33354
33371
33374
33378
33396
33397
33401
33416
33417
33425
33430
33431
33439
33445
33450
33451
33469
33474
33491
33517
33522
33526
33530
33536
33540
33550
33551
33554
33556
33566
33572
33586
33591
33594
33607
33612
33622
33630
33643
33649
33653
33656
33666
33680
33681
33682
33699
33702
33711
33712
33718
33721
33726
33728
33731
33741
33752
33753
33774
33776
33777
33790
33796
33802
33807
33812
33820
33826
33828
33842
33844
33855
33858
33861
33866
33875
33882
33886
33887
33892
33898
33902
33904
33908
33912
33919
33927
33931
33933
33937
33949
33959
33962
33984
33985
33986
33988
33989
33990
34004
34006
34009
34030
34034
34040
34061
34069
34077
34096
34103
34115
34120
34124
34127
34128
34132
34136
34140
34148
34151
34152
34161
34162
34173
34190
34208
34211
34216
34222
34225
34231
34232
34245
34251
34254
34257
34263
34272
34273
34291
34294
34299
34306
34322
34326
34330
34332
34356
34358
34365
34366
34367
34369
34373
34378
34379
34380
34381
34399
34402
34404
34415
34427
34452
34460
34465
34468
34481
34489
34493
34497
34514
34541
34553
34574
34598
34605
34608
34611
34612
34623
34631
34655
34656
34660
34665
34668
34671
34677
34684
34689
34701
34710
34712
34733
34734
34737
34742
34752
34759
34778
34782
34785
34792
34803
34808
34814
34815
34825
34832
34833
34835
34839
34843
34857
34860
34866
34883
34905
34925
34958
34966
34972
34973
34979
34997
35000
35020
35025
35036
35038
35049
35056
35063
35082
35097
35101
35109
35114
35118
35123
35125
35126
35127
35131
35135
35151
35157
35165
35168
35180
35186
35204
35207
35208
35210
35227
35228
35232
35234
35240
35243
35244
35268
35286
35290
35302
35314
35322
35323
35327
35334
35345
35347
35348
35350
35351
35355
35356
35359
35360
35369
35371
35372
35378
35389
35398
35401
35403
35408
35418
35428
35433
35437
35453
35468
35474
35478
35479
35484
35486
35496
35511
35512
35518
35520
35525
35532
35533
35540
35544
35546
35571
35574
35575
35579
35586
35589
35590
35595
35597
35623
35630
35635
35642
35643
35655
35659
35660
35662
35669
35671
35676
35678
35687
35691
35702
35707
35708
35723
35734
35735
35763
35765
35769
35772
35775
35785
35807
35808
35822
35825
35828
35832
35836
35844
35850
35851
35852
35856
35861
35862
35863
35864
35867
35868
35870
35881
35885
35896
35899
35926
35927
35932
35938
35942
35946
35947
35949
35968
35978
35981
35984
35995
36005
36008
36011
36019
36027
36040
36050
36062
36074
36077
36084
36086
36090
36096
36103
36105
36108
36111
36114
36117
36135
36141
36144
36149
36152
36155
36159
36167
36169
36175
36178
36179
36182
36189
36195
36204
36207
36210
36212
36217
36219
36229
36230
36236
36240
36253
36260
36269
36271
36275
36276
36288
36303
36304
36318
36366
36372
36377
36378
36387
36389
36394
36396
36401
36406
36407
36411
36412
36430
36431
36442
36452
36456
36459
36461
36462
36465
36467
36468
36469
36470
36472
36482
36486
36489
36500
36514
36516
36518
36519
36524
36533
36535
36554
36561
36565
36569
36572
36580
36600
36602
36608
36634
36647
36651
36658
36668
36688
36689
36691
36710
36711
36712
36713
36719
36722
36727
36731
36743
36745
36748
36749
36755
36762
36774
36775
36785
36800
36801
36803
36805
36811
36824
36828
36835
36844
36845
36849
36860
36863
36867
36904
36916
36920
36925
36930
36937
36942
36943
36951
36952
36955
36956
36961
36969
36970
36971
36973
36990
36998
37002
37007
37012
37021
37024
37026
37029
37032
37033
37037
37038
37039
37043
37051
37058
37074
37081
37094
37095
37099
37103
37106
37114
37117
37119
37126
37130
37131
37152
37159
37167
37168
37176
37182
37187
37189
37216
37226
37233
37237
37245
37261
37262
37272
37275
37289
37297
37299
37302
37305
37308
37321
37324
37327
37330
37335
37345
37346
37347
37358
37359
37369
37370
37372
37375
37378
37387
37388
37392
37395
37421
37425
37426
37438
37442
37447
37451
37459
37472
37475
37507
37509
37516
37527
37529
37541
37543
37544
37547
37554
37559
37575
37577
37580
37585
37595
37601
37605
37609
37615
37617
37620
37630
37631
37634
37639
37645
37659
37664
37666
37669
37670
37671
37677
37679
37681
37684
37691
37702
37705
37714
37715
37719
37728
37730
37738
37742
37745
37746
37749
37750
37755
37758
37763
37793
37817
37830
37833
37849
37851
37852
37860
37862
37875
37877
37891
37912
37914
37916
37919
37933
37938
37943
37962
37979
37981
37987
37989
37993
38009
38016
38022
38024
38042
38054
38058
38059
38073
38077
38086
38093
38101
38104
38116
38117
38127
38142
38144
38145
38149
38162
38163
38170
38176
38182
38192
38196
38200
38202
38203
38216
38217
38220
38234
38235
38264
38266
38272
38273
38285
38287
38298
38304
38311
38322
38332
38351
38356
38369
38370
38375
38385
38394
38398
38407
38411
38413
38421
38422
38424
38430
38433
38437
38440
38441
38450
38452
38456
38458
38461
38471
38507
38509
38517
38528
38529
38532
38535
38550
38557
38559
38563
38565
38573
38574
38578
38588
38597
38606
38607
38614
38622
38635
38637
38643
38666
38669
38677
38678
38697
38700
38733
38735
38742
38754
38758
38762
38773
38777
38784
38788
38791
38795
38833
38837
38848
38849
38853
38873
38875
38879
38880
38886
38887
38891
38892
38894
38899
38905
38914
38915
38916
38917
38920
38921
38922
38927
38946
38969
38973
38986
38987
38998
39001
39005
39011
39019
39022
39023
39038
39039
39041
39051
39055
39056
39090
39113
39128
39129
39135
39136
39138
39140
39142
39143
39145
39147
39158
39167
39181
39190
39211
39220
39228
39231
39232
39251
39254
39261
39264
39286
39291
39292
39303
39307
39321
39325
39329
39333
39335
39339
39349
39361
39377
39379
39386
39389
39393
39398
39407
39409
39411
39412
39414
39421
39423
39429
39433
39442
39448
39453
39457
39465
39467
39471
39475
39484
39489
39497
39499
39514
39523
39527
39531
39549
39550
39554
39555
39559
39567
39568
39569
39575
39584
39595
39599
39606
39612
39615
39625
39638
39641
39646
39658
39662
39678
39682
39687
39693
39697
39709
39716
39717
39719
39720
39727
39728
39742
39745
39748
39757
39758
39760
39769
39781
39782
39788
39792
39797
39811
39812
39813
39829
39833
39835
39840
39849
39868
39892
39898
39901
39906
39920
39924
39929
39933
39938
39941
39948
39961
39972
39987
39991
39992
39995
39996
40007
40009
40031
40065
40077
40084
40085
40089
40096
40121
40123
40127
40137
40155
40161
40173
40180
40186
40190
40191
40193
40198
40201
40202
40203
40235
40246
40260
40264
40277
40279
40280
40282
40297
40299
40304
40317
40322
40326
40333
40366
40376
40377
40378
40387
40392
40393
40394
40412
40420
40424
40430
40436
40438
40445
40446
40450
40456
40459
40479
40487
40488
40503
40507
40508
40516
40519
40530
40536
40538
40546
40553
40555
40559
40566
40577
40578
40580
40584
40587
40599
40605
40607
40617
40622
40633
40634
40651
40656
40658
40661
40668
40675
40676
40677
40686
40688
40689
40696
40707
40709
40710
40714
40729
40733
40747
40748
40750
40751
40768
40780
40784
40787
40790
40791
40794
40797
40801
40802
40806
40811
40814
40834
40847
40854
40856
40864
40872
40874
40880
40883
40894
40898
40899
40902
40908
40910
40913
40921
40927
40930
40937
40943
40954
40969
40974
40978
40990
41013
41023
41025
41034
41058
41061
41064
41066
41069
41095
41105
41109
41119
41129
41135
41150
41162
41163
41166
41167
41168
41173
41179
41184
41185
41192
41195
41200
41203
41205
41213
41227
41257
41264
41285
41290
41295
41304
41310
41319
41324
41334
41360
41365
41366
41380
41385
41390
41391
41400
41403
41413
41424
41437
41438
41443
41451
41461
41465
41471
41472
41478
41480
41489
41493
41494
41500
41504
41513
41516
41519
41520
41533
41544
41546
41555
41567
41569
41573
41574
41575
41581
41595
41596
41600
41604
41610
41625
41631
41641
41643
41647
41648
41655
41660
41664
41665
41668
41682
41684
41686
41688
41696
41709
41711
41713
41717
41720
41722
41723
41724
41728
41740
41753
41760
41762
41765
41769
41779
41784
41785
41789
41790
41798
41804
41805
41814
41817
41827
41831
41844
41845
41846
41860
41861
41878
41887
41891
41892
41896
41916
41918
41926
41930
41949
41950
41953
41966
41976
41977
41978
41981
41987
41991
41993
42000
42003
42007
42009
42012
42015
42019
42020
42040
42042
42059
42061
42081
42083
42087
42100
42102
42105
42106
42113
42121
42128
42129
42135
42138
42148
42161
42175
42177
42180
42185
42189
42192
42194
42211
42225
42247
42253
42260
42275
42277
42284
42285
42293
42309
42317
42320
42325
42328
42338
42348
42355
42360
42366
42370
42372
42373
42374
42378
42381
42394
42395
42396
42403
42404
42408
42409
42411
42415
42418
42419
42431
42435
42438
42448
42449
42450
42457
42459
42468
42485
42487
42489
42490
42491
42494
42510
42511
42515
42516
42521
42524
42530
42539
42540
42541
42558
42567
42569
42586
42593
42594
42595
42614
42620
42624
42626
42631
42637
42642
42655
42671
42672
42676
42690
42708
42721
42724
42726
42752
42753
42763
42769
42771
42774
42794
42804
42809
42810
42817
42831
42835
42836
42839
42846
42848
42852
42876
42882
42883
42886
42899
42902
42909
42920
42923
42955
42958
42963
42972
42974
42997
43007
43011
43014
43015
43018
43025
43028
43048
43059
43064
43071
43075
43081
43087
43090
43096
43097
43100
43115
43123
43129
43130
43132
43137
43142
43143
43149
43150
43152
43155
43159
43162
43168
43169
43195
43199
43200
43205
43224
43227
43240
43245
43246
43248
43250
43279
43281
43286
43291
43297
43299
43306
43309
43311
43313
43321
43326
43336
43338
43339
43348
43372
43379
43388
43391
43414
43423
43425
43431
43449
43454
43455
43456
43461
43473
43477
43478
43486
43490
43492
43509
43522
43533
43540
43546
43558
43565
43571
43575
43576
43600
43601
43603
43608
43661
43673
43675
43681
43683
43693
43698
43704
43711
43722
43748
43749
43753
43755
43758
43768
43776
43796
43808
43819
43824
43828
43834
43842
43846
43852
43857
43859
43862
43865
43876
43890
43900
43901
43902
43908
43922
43924
43930
43932
43936
43937
43944
43946
43955
43958
43963
43968
43970
43978
43982
43998
44000
44007
44011
44017
44034
44042
44051
44052
44056
44064
44065
44075
44086
44091
44119
44121
44124
44139
44144
44155
44170
44181
44184
44185
44191
44217
44230
44234
44253
44260
44262
44278
44284
44288
44291
44313
44324
44334
44346
44348
44351
44357
44361
44362
44373
44378
44381
44386
44398
44401
44404
44405
44407
44420
44421
44422
44430
44447
44450
44453
44477
44478
44489
44513
44514
44518
44521
44529
44539
44547
44573
44575
44590
44593
44595
44596
44601
44602
44607
44613
44628
44631
44639
44652
44656
44659
44664
44675
44690
44698
44721
44722
44725
44744
44746
44753
44759
44767
44769
44772
44773
44779
44780
44784
44787
44803
44805
44807
44813
44823
44824
44845
44852
44868
44871
44878
44883
44890
44897
44899
44902
44904
44910
44916
44919
44922
44928
44934
44935
44946
44952
44958
44969
44982
44996
44997
45003
45012
45013
45042
45047
45048
45060
45061
45081
45084
45088
45119
45128
45132
45134
45135
45141
45146
45149
45161
45170
45182
45183
45194
45207
45212
45214
45236
45237
45258
45259
45265
45272
45279
45281
45305
45308
45310
45311
45321
45324
45328
45336
45339
45348
45357
45365
45373
45376
45383
45392
45397
45411
45416
45428
45446
45463
45464
45465
45468
45472
45500
45511
45519
45525
45533
45535
45536
45538
45541
45545
45551
45554
45562
45567
45568
45573
45579
45592
45593
45600
45606
45619
45620
45626
45640
45641
45650
45657
45658
45683
45684
45697
45701
45702
45714
45729
45730
45736
45742
45744
45750
45761
45762
45766
45775
45777
45784
45797
45799
45805
45806
45808
45825
45842
45855
45859
45866
45867
45873
45874
45888
45889
45891
45892
45912
45925
45936
45944
45949
45964
45966
45970
45973
45974
45989
45996
45999
46016
46017
46020
46025
46027
46030
46035
46037
46045
46051
46059
46068
46076
46089
46099
46107
46110
46116
46121
46123
46124
46130
46139
46148
46153
46155
46162
46165
46166
46175
46191
46197
46200
46227
46238
46249
46270
46288
46291
46302
46305
46306
46317
46319
46322
46323
46345
46349
46363
46364
46368
46374
46379
46383
46396
46401
46412
46424
46429
46433
46436
46445
46455
46457
46458
46461
46466
46477
46478
46480
46482
46503
46505
46509
46511
46514
46515
46540
46552
46554
46559
46568
46573
46583
46598
46600
46608
46618
46631
46644
46650
46651
46662
46666
46667
46674
46683
46685
46689
46710
46712
46714
46719
46731
46733
46738
46744
46755
46759
46761
46773
46778
46782
46783
46785
46786
46787
46795
46800
46803
46804
46812
46814
46839
46840
46859
46875
46900
46904
46905
46910
46928
46940
46957
46977
46979
46982
46984
46992
46998
47010
47024
47026
47030
47033
47035
47036
47037
47052
47061
47062
47072
47074
47086
47087
47089
47092
47107
47112
47123
47125
47127
47128
47131
47137
47140
47145
47154
47168
47170
47171
47172
47174
47179
47185
47200
47201
47208
47213
47220
47221
47233
47240
47247
47258
47264
47269
47271
47291
47298
47299
47301
47306
47312
47317
47320
47329
47334
47335
47338
47369
47372
47377
47385
47407
47408
47427
47430
47437
47456
47458
47462
47469
47477
47497
47511
47516
47524
47529
47532
47565
47568
47570
47590
47599
47602
47604
47616
47617
47618
47620
47625
47629
47636
47645
47647
47648
47673
47676
47680
47699
47708
47722
47723
47728
47735
47736
47738
47739
47751
47756
47769
47782
47783
47789
47795
47805
47806
47825
47834
47840
47850
47866
47886
47887
47890
47894
47895
47916
47928
47946
47947
47948
47951
47953
47956
47958
47962
47973
47987
48000
48022
48057
48061
48062
48069
48077
48080
48081
48083
48085
48087
48091
48100
48104
48106
48110
48117
48123
48130
48135
48136
48142
48144
48160
48161
48170
48173
48176
48177
48178
48184
48189
48194
48196
48200
48242
48254
48256
48258
48263
48266
48267
48268
48271
48272
48273
48276
48277
48299
48312
48319
48339
48344
48352
48354
48361
48362
48365
48366
48376
48383
48388
48397
48407
48409
48411
48421
48433
48441
48451
48457
48475
48482
48487
48488
48494
48499
48500
48502
48503
48518
48519
48521
48526
48527
48547
48554
48557
48559
48560
48561
48569
48570
48571
48579
48580
48592
48615
48621
48626
48629
48635
48642
48651
48652
48660
48662
48663
48667
48675
48681
48683
48684
48691
48693
48696
48707
48724
48728
48735
48738
48748
48751
48760
48768
48777
48780
48788
48789
48791
48793
48800
48804
48807
48838
48840
48842
48856
48859
48863
48867
48874
48889
48906
48911
48912
48914
48918
48921
48926
48930
48934
48935
48945
48955
48956
48961
48963
48970
48975
48976
48979
48989
48994
48998
49017
49021
49022
49023
49024
49027
49029
49037
49053
49067
49071
49096
49101
49118
49119
49125
49126
49127
49129
49143
49158
49172
49178
49179
49181
49189
49191
49203
49204
49207
49214
49215
49223
49227
49243
49245
49246
49265
49276
49277
49292
49295
49298
49314
49319
49328
49333
49338
49350
49359
49376
49387
49393
49395
49396
49404
49424
49427
49428
49447
49450
49453
49469
49472
49479
49494
49498
49511
49516
49529
49532
49533
49538
49556
49557
49559
49562
49564
49565
49574
49578
49579
49581
49583
49590
49593
49595
49604
49608
49612
49628
49648
49653
49656
49668
49669
49680
49681
49682
49683
49685
49686
49689
49694
49703
49709
49710
49720
49730
49742
49745
49753
49759
49761
49774
49783
49788
49791
49804
49814
49816
49822
49830
49847
49849
49852
49866
49873
49876
49878
49885
49898
49908
49918
49919
49920
49933
49937
49940
49951
49959
49963
49966
49978
49994
49997
49999
50000
50023
50024
50032
50055
50059
50061
50066
50073
50074
50077
50082
50093
50097
50099
50100
50107
50110
50113
50114
50118
50119
50121
50137
50138
50144
50147
50154
50163
50172
50177
50179
50185
50190
50203
50227
50228
50239
50255
50261
50265
50269
50274
50277
50286
50292
50313
50315
50319
50330
50348
50355
50357
50360
50363
50366
50368
50375
50379
50380
50396
50397
50400
50402
50404
50417
50426
50436
50440
50443
50445
50447
50459
50461
50489
50490
50493
50496
50500
50505
50509
50526
50534
50539
50543
50544
50545
50546
50548
50578
50583
50585
50591
50592
50593
50596
50612
50613
50622
50637
50639
50641
50648
50661
50664
50666
50673
50674
50692
50697
50699
50709
50710
50717
50718
50728
50729
50731
50733
50755
50765
50781
50784
50792
50793
50797
50803
50814
50820
50821
50848
50853
50855
50856
50858
50866
50873
50878
50884
50888
50891
50892
50893
50898
50899
50900
50908
50911
50924
50930
50939
50940
50942
50958
50980
50982
50984
50994
51000
51001
51004
51010
51015
51017
51023
51026
51030
51032
51034
51053
51054
51057
51069
51072
51081
51088
51094
51098
51099
51108
51121
51142
51143
51148
51164
51166
51177
51182
51183
51197
51222
51224
51226
51247
51255
51269
51282
51291
51306
51308
51311
51316
51320
51324
51337
51342
51344
51348
51356
51359
51377
51378
51385
51391
51404
51411
51427
51431
51435
51437
51451
51454
51468
51471
51496
51498
51502
51507
51518
51520
51525
51544
51563
51569
51571
51582
51586
51592
51593
51608
51611
51612
51619
51624
51627
51628
51632
51643
51664
51671
51677
51698
51704
51709
51714
51728
51729
51741
51743
51747
51750
51763
51764
51765
51771
51788
51796
51807
51811
51815
51816
51851
51864
51868
51876
51877
51881
51887
51889
51894
51896
51902
51905
51906
51914
51931
51935
51943
51947
51950
51953
51954
51957
51963
51964
51971
51981
51987
51997
52000
52011
52012
52030
52031
52039
52068
52070
52076
52081
52083
52097
52118
52124
52139
52150
52158
52161
52162
52169
52170
52173
52177
52188
52189
52197
52200
52202
52229
52230
52238
52240
52254
52258
52259
52301
52310
52311
52318
52323
52334
52348
52349
52351
52356
52369
52377
52379
52394
52396
52405
52417
52421
52433
52437
52442
52444
52445
52460
52482
52486
52497
52498
52500
52515
52517
52526
52532
52536
52537
52546
52551
52552
52553
52564
52568
52578
52599
52603
52607
52627
52636
52642
52645
52650
52657
52662
52673
52686
52690
52698
52706
52719
52722
52726
52744
52749
52753
52757
52769
52781
52796
52800
52805
52806
52811
52883
52886
52905
52915
52933
52942
52945
52946
52948
52951
52954
52955
52963
52964
52967
52988
52989
52995
52999
53012
53015
53018
53020
53029
53035
53039
53054
53063
53075
53076
53078
53088
53090
53106
53110
53116
53123
53128
53134
53140
53147
53154
53155
53157
53158
53162
53168
53175
53176
53177
53180
53190
53194
53206
53217
53234
53237
53242
53245
53246
53252
53255
53259
53263
53268
53277
53279
53285
53286
53287
53290
53293
53301
53305
53311
53322
53325
53329
53331
53338
53342
53345
53347
53349
53353
53361
53365
53379
53403
53406
53410
53415
53424
53433
53436
53445
53446
53448
53461
53475
53482
53491
53496
53497
53500
53508
53515
53526
53541
53557
53560
53566
53567
53576
53579
53580
53585
53613
53616
53618
53625
53626
53654
53658
53659
53670
53684
53688
53705
53726
53735
53741
53745
53746
53748
53772
53775
53776
53778
53782
53789
53805
53806
53815
53826
53829
53839
53843
53853
53856
53865
53866
53885
53886
53901
53912
53915
53921
53923
53924
53927
53929
53935
53937
53939
53941
53954
53960
53969
53975
54000
54012
54013
54020
54040
54041
54069
54072
54074
54087
54093
54096
54099
54127
54141
54142
54163
54169
54175
54177
54185
54186
54196
54198
54206
54207
54217
54218
54232
54245
54259
54261
54262
54264
54265
54276
54290
54300
54304
54310
54331
54337
54339
54344
54352
54353
54358
54375
54382
54384
54409
54413
54423
54433
54436
54440
54444
54447
54463
54487
54489
54490
54497
54504
54509
54515
54527
54529
54538
54542
54547
54561
54584
54587
54602
54605
54606
54608
54639
54652
54655
54661
54682
54686
54697
54698
54699
54700
54706
54723
54729
54742
54752
54753
54757
54759
54760
54766
54769
54771
54786
54807
54809
54810
54812
54819
54831
54835
54852
54857
54865
54872
54889
54908
54921
54927
54928
54930
54932
54934
54936
54949
54968
54978
54982
54983
54985
54986
55001
55005
55008
55012
55023
55050
55056
55065
55066
55068
55070
55075
55078
55091
55093
55105
55110
55116
55130
55133
55134
55135
55137
55139
55147
55170
55174
55180
55184
55186
55188
55214
55219
55228
55232
55234
55243
55246
55250
55260
55263
55270
55278
55286
55291
55295
55297
55298
55320
55340
55343
55352
55354
55359
55372
55388
55392
55395
55400
55406
55420
55432
55457
55503
55505
55522
55525
55538
55550
55551
55554
55555
55556
55566
55576
55583
55584
55587
55608
55612
55617
55634
55637
55646
55661
55668
55673
55675
55682
55684
55702
55716
55721
55722
55729
55731
55733
55738
55740
55741
55761
55764
55780
55788
55789
55793
55794
55803
55804
55808
55809
55813
55815
55822
55823
55832
55840
55841
55850
55858
55870
55872
55875
55876
55882
55891
55892
55898
55899
55901
55906
55911
55915
55916
55920
55924
55944
55972
55974
55980
55981
55991
55998
56004
56006
56009
56013
56015
56027
56028
56032
56045
56047
56066
56067
56068
56075
56101
56111
56115
56118
56128
56136
56139
56140
56143
56149
56153
56165
56170
56177
56180
56193
56194
56196
56199
56203
56204
56210
56215
56216
56226
56236
56251
56256
56265
56275
56286
56290
56294
56303
56306
56308
56313
56320
56322
56329
56337
56339
56345
56346
56347
56351
56352
56358
56368
56386
56389
56410
56416
56418
56430
56431
56434
56442
56446
56462
56472
56476
56486
56489
56496
56503
56510
56511
56513
56526
56531
56541
56546
56554
56559
56561
56562
56563
56564
56577
56587
56594
56598
56603
56611
56621
56635
56637
56641
56643
56647
56671
56681
56690
56699
56711
56712
56728
56735
56739
56746
56754
56755
56777
56791
56804
56828
56835
56842
56845
56847
56879
56893
56903
56922
56928
56930
56937
56938
56941
56948
56953
56954
56967
56970
56985
56987
56988
57000
57003
57011
57013
57020
57021
57023
57025
57028
57039
57040
57060
57067
57073
57076
57079
57084
57102
57103
57116
57117
57120
57136
57141
57143
57156
57160
57167
57168
57178
57179
57186
57193
57195
57196
57199
57203
57215
57224
57237
57248
57254
57268
57271
57279
57282
57294
57299
57308
57314
57315
57333
57346
57352
57359
57362
57364
57365
57379
57383
57387
57389
57392
57397
57401
57403
57404
57416
57446
57460
57472
57479
57495
57503
57507
57517
57519
57529
57532
57561
57562
57568
57576
57578
57582
57605
57613
57625
57638
57649
57654
57669
57674
57675
57682
57686
57692
57697
57700
57705
57709
57734
57755
57768
57769
57770
57778
57788
57796
57801
57829
57831
57833
57836
57837
57838
57846
57864
57870
57871
57878
57880
57891
57900
57911
57912
57923
57925
57931
57935
57940
57948
57949
57957
57966
57968
57972
57976
57982
57985
57992
58012
58022
58026
58042
58049
58051
58058
58064
58065
58074
58080
58084
58096
58115
58118
58123
58131
58141
58160
58173
58182
58186
58200
58207
58209
58222
58245
58246
58257
58269
58271
58272
58276
58281
58283
58284
58285
58288
58292
58295
58298
58308
58312
58317
58318
58327
58329
58331
58332
58348
58349
58351
58352
58353
58354
58363
58365
58388
58391
58393
58394
58409
58410
58411
58412
58415
58421
58423
58424
58435
58450
58456
58460
58468
58482
58484
58489
58502
58511
58515
58516
58521
58539
58540
58546
58548
58554
58556
58566
58571
58576
58590
58614
58619
58621
58624
58632
58636
58646
58653
58656
58662
58674
58675
58695
58699
58702
58707
58714
58716
58724
58726
58727
58728
58731
58740
58742
58755
58766
58767
58784
58786
58787
58794
58830
58837
58843
58858
58862
58877
58890
58897
58898
58906
58910
58911
58920
58921
58922
58930
58954
58958
58973
58974
58975
58976
58978
59000
59001
59007
59013
59017
59018
59033
59036
59041
59047
59050
59053
59060
59062
59070
59073
59077
59082
59086
59095
59114
59115
59117
59124
59154
59158
59167
59177
59178
59182
59188
59196
59200
59211
59213
59218
59222
59225
59228
59229
59234
59249
59255
59256
59261
59263
59265
59272
59273
59287
59288
59295
59299
59305
59308
59310
59312
59315
59318
59321
59325
59334
59347
59348
59354
59358
59359
59362
59363
59367
59370
59372
59373
59379
59385
59388
59389
59395
59431
59439
59441
59445
59450
59460
59462
59481
59503
59505
59507
59516
59521
59524
59535
59552
59558
59560
59568
59570
59574
59576
59584
59592
59599
59606
59608
59611
59619
59624
59625
59630
59635
59646
59650
59676
59679
59684
59685
59692
59693
59697
59700
59702
59715
59718
59734
59745
59761
59769
59775
59781
59789
59798
59807
59811
59817
59818
59832
59837
59839
59853
59875
59880
59887
59889
59892
59893
59899
59910
59914
59931
59937
59945
59956
59962
59967
59968
59978
59981
59982
59995
60002
60006
60015
60017
60020
60033
60036
60038
60048
60057
60062
60066
60068
60073
60082
60084
60101
60105
60107
60110
60128
60143
60150
60174
60214
60218
60219
60231
60236
60237
60264
60267
60278
60281
60282
60285
60290
60297
60301
60307
60309
60312
60333
60343
60352
60359
60365
60382
60386
60389
60391
60395
60408
60423
60429
60430
60432
60433
60439
60444
60452
60457
60470
60471
60477
60481
60487
60508
60510
60512
60514
60515
60518
60519
60522
60523
60535
60541
60553
60564
60568
60574
60580
60583
60584
60599
60601
60602
60604
60613
60624
60636
60639
60645
60646
60649
60655
60658
60665
60672
60675
60684
60687
60689
60694
60703
60707
60723
60727
60729
60744
60746
60762
60766
60770
60773
60774
60775
60781
60782
60803
60806
60811
60817
60820
60829
60831
60833
60840
60848
60852
60868
60870
60876
60879
60881
60890
60894
60904
60905
60920
60926
60930
60941
60942
60966
60976
60979
60993
61000
61005
61013
61017
61021
61022
61023
61027
61029
61034
61039
61040
61050
61052
61058
61059
61073
61074
61081
61096
61100
61103
61104
61113
61117
61123
61128
61130
61135
61139
61150
61153
61167
61187
61213
61218
61219
61222
61231
61235
61239
61249
61259
61262
61273
61277
61282
61297
61309
61317
61319
61327
61330
61332
61333
61337
61350
61351
61356
61357
61358
61364
61367
61370
61376
61378
61386
61397
61402
61410
61417
61419
61438
61453
61470
61471
61487
61493
61495
61507
61530
61539
61542
61544
61547
61560
61599
61609
61638
61640
61645
61653
61656
61658
61662
61673
61677
61692
61711
61742
61745
61771
61772
61779
61786
61794
61797
61803
61819
61821
61831
61848
61849
61853
61855
61860
61873
61888
61891
61904
61910
61914
61918
61919
61920
61922
61923
61924
61931
61938
61944
61959
61978
61981
61984
61996
61997
62016
62019
62024
62033
62034
62040
62043
62051
62056
62069
62088
62091
62102
62105
62107
62119
62124
62126
62127
62156
62159
62160
62166
62168
62170
62171
62180
62187
62189
62193
62198
62208
62209
62231
62241
62248
62251
62273
62275
62276
62282
62284
62285
62291
62292
62310
62321
62323
62334
62343
62348
62350
62353
62356
62373
62382
62402
62403
62416
62423
62430
62432
62440
62444
62450
62451
62454
62462
62463
62467
62474
62476
62485
62486
62491
62497
62500
62510
62513
62514
62516
62520
62525
62528
62541
62543
62556
62571
62574
62575
62579
62586
62588
62590
62595
62603
62614
62631
62637
62638
62640
62642
62650
62656
62666
62674
62691
62697
62701
62702
62720
62746
62748
62750
62754
62774
62778
62779
62780
62784
62795
62806
62813
62829
62831
62834
62837
62849
62860
62864
62866
62867
62872
62880
62885
62887
62889
62890
62892
62897
62898
62900
62905
62908
62910
62924
62926
62929
62933
62939
62947
62954
62957
62968
62975
62979
62982
62984
62987
62993
62996
62999
63026
63035
63038
63058
63065
63067
63071
63074
63090
63093
63098
63105
63108
63113
63114
63117
63122
63127
63130
63137
63139
63142
63143
63147
63155
63156
63164
63190
63204
63206
63215
63224
63230
63240
63249
63252
63263
63267
63276
63287
63291
63295
63297
63303
63305
63307
63308
63310
63312
63313
63319
63321
63345
63349
63373
63377
63378
63396
63397
63398
63402
63405
63407
63413
63417
63419
63420
63424
63440
63449
63454
63456
63468
63475
63477
63498
63499
63506
63509
63513
63529
63545
63554
63565
63573
63605
63609
63613
63615
63619
63629
63631
63632
63637
63653
63658
63659
63667
63681
63682
63695
63697
63698
63701
63729
63732
63733
63739
63749
63753
63764
63772
63812
63828
63833
63837
63839
63840
63842
63851
63852
63857
63863
63871
63876
63881
63882
63885
63907
63931
63940
63947
63961
63971
63998
64000
64007
64014
64020
64021
64022
64024
64026
64030
64031
64036
64037
64043
64051
64060
64061
64064
64084
64086
64087
64091
64092
64105
64107
64116
64122
64123
64131
64139
64153
64159
64164
64166
64170
64177
64186
64188
64191
64195
64198
64210
64221
64226
64237
64251
64252
64254
64255
64275
64282
64285
64289
64290
64296
64298
64316
64319
64324
64331
64336
64342
64347
64349
64354
64357
64364
64366
64374
64379
64381
64389
64390
64399
64407
64410
64426
64427
64429
64433
64437
64438
64444
64445
64454
64469
64472
64475
64479
64482
64505
64510
64511
64515
64533
64534
64538
64548
64550
64558
64561
64565
64568
64591
64607
64612
64628
64638
64640
64642
64648
64654
64665
64669
64671
64674
64679
64692
64694
64699
64702
64717
64726
64728
64729
64732
64734
64739
64742
64743
64748
64764
64766
64767
64775
64783
64787
64788
64802
64818
64820
64824
64827
64839
64841
64842
64843
64848
64849
64851
64861
64862
64865
64868
64872
64875
64879
64884
64885
64889
64893
64894
64896
64903
64904
64916
64924
64926
64934
64937
64946
64948
64953
64956
64977
64982
64986
64988
64990
64995
64997
65012
65014
65019
65028
65037
65039
65049
65051
65061
65065
65070
65072
65075
65110
65124
65127
65133
65138
65139
65140
65150
65156
65168
65174
65183
65189
65192
65212
65232
65236
65245
65251
65262
65266
65270
65279
65280
65282
65298
65300
65306
65307
65308
65315
65319
65349
65353
65372
65374
65381
65383
65386
65389
65408
65418
65419
65422
65425
65426
65435
65446
65450
65475
65476
65483
65489
65495
65505
65510
65530
65538
65541
65542
65545
65550
65552
65554
65559
65575
65577
65591
65595
65597
65619
65627
65629
65634
65640
65642
65643
65650
65655
65658
65666
65669
65671
65672
65681
65691
65700
65702
65706
65713
65715
65723
65727
65733
65742
65746
65757
65763
65779
65789
65791
65798
65801
65808
65819
65821
65823
65824
65833
65848
65854
65860
65865
65868
65869
65870
65874
65878
65889
65897
65898
65903
65908
65914
65929
65942
65961
65962
65974
65980
65995
65997
65999
66014
66015
66016
66019
66024
66025
66026
66028
66038
66047
66053
66057
66060
66064
66065
66067
66082
66087
66095
66097
66111
66113
66115
66120
66128
66132
66139
66149
66155
66157
66165
66177
66181
66184
66190
66193
66198
66199
66200
66207
66208
66209
66224
66235
66239
66243
66247
66255
66257
66265
66285
66293
66299
66301
66303
66311
66324
66333
66335
66338
66354
66355
66361
66374
66380
66381
66387
66407
66437
66450
66467
66475
66479
66501
66505
66508
66509
66517
66526
66532
66538
66542
66547
66548
66554
66564
66571
66581
66583
66588
66603
66605
66611
66614
66617
66623
66637
66653
66663
66664
66672
66673
66682
66691
66696
66704
66706
66716
66720
66729
66736
66748
66752
66756
66757
66759
66762
66774
66788
66796
66799
66822
66827
66830
66831
66832
66836
66840
66843
66858
66859
66880
66889
66897
66899
66913
66914
66922
66926
66959
66973
66975
66986
66991
66996
67001
67002
67003
67026
67033
67044
67050
67061
67076
67078
67084
67089
67105
67106
67107
67144
67161
67166
67170
67199
67200
67204
67216
67220
67229
67241
67256
67261
67263
67265
67273
67287
67290
67304
67308
67309
67310
67312
67323
67324
67331
67342
67353
67357
67358
67377
67386
67388
67391
67399
67409
67410
67419
67420
67427
67434
67438
67444
67454
67490
67508
67512
67514
67522
67529
67547
67563
67566
67569
67572
67574
67581
67597
67603
67605
67609
67621
67633
67641
67644
67646
67648
67649
67655
67662
67665
67667
67669
67675
67681
67699
67704
67709
67712
67721
67734
67740
67742
67747
67750
67756
67767
67769
67770
67790
67803
67808
67818
67819
67829
67831
67835
67845
67861
67869
67872
67890
67891
67894
67905
67906
67912
67914
67915
67924
67932
67958
67959
67963
67967
67972
67978
67981
67985
67986
67987
67988
68000
68001
68002
68019
68024
68027
68033
68035
68037
68043
68055
68063
68079
68083
68091
68094
68098
68108
68119
68127
68130
68155
68158
68171
68176
68193
68197
68200
68204
68234
68244
68252
68266
68273
68280
68282
68284
68285
68290
68297
68300
68303
68306
68308
68336
68339
68341
68343
68353
68357
68366
68372
68376
68384
68388
68394
68396
68399
68416
68417
68420
68425
68426
68430
68449
68450
68463
68465
68476
68486
68490
68494
68500
68511
68518
68528
68529
68533
68546
68551
68554
68560
68561
68564
68568
68569
68582
68593
68596
68598
68601
68604
68606
68624
68628
68629
68634
68637
68645
68652
68669
68674
68686
68692
68722
68734
68742
68745
68746
68752
68765
68780
68791
68792
68810
68818
68822
68824
68827
68828
68832
68862
68869
68876
68885
68898
68912
68914
68928
68931
68942
68944
68950
68952
68977
69002
69003
69018
69022
69030
69031
69037
69053
69067
69077
69082
69098
69101
69104
69119
69130
69140
69141
69155
69157
69163
69164
69168
69182
69185
69195
69200
69202
69216
69219
69240
69271
69273
69276
69284
69294
69308
69335
69347
69353
69355
69362
69382
69395
69400
69401
69415
69417
69426
69431
69440
69443
69450
69464
69478
69498
69500
69501
69507
69516
69528
69532
69536
69546
69553
69556
69560
69564
69584
69591
69593
69604
69615
69616
69619
69624
69633
69640
69646
69648
69649
69650
69651
69652
69656
69663
69688
69689
69692
69697
69711
69730
69733
69735
69737
69743
69745
69756
69760
69768
69786
69787
69809
69813
69822
69826
69828
69830
69831
69833
69843
69845
69848
69851
69856
69861
69871
69880
69894
69897
69898
69907
69909
69915
69917
69919
69929
69939
69952
69955
69959
69963
69965
69976
69979
69988
70004
70009
70020
70032
70035
70037
70039
70044
70050
70057
70065
70074
70104
70105
70108
70114
70116
70120
70126
70129
70131
70137
70141
70151
70152
70153
70163
70166
70168
70172
70206
70210
70212
70214
70223
70232
70234
70237
70243
70267
70278
70290
70300
70310
70316
70321
70324
70335
70354
70357
70364
70365
70368
70383
70385
70388
70398
70409
70419
70434
70442
70444
70449
70451
70457
70459
70472
70473
70485
70487
70488
70507
70525
70536
70538
70545
70546
70548
70549
70552
70559
70563
70574
70592
70595
70597
70617
70622
70627
70632
70645
70653
70657
70671
70693
70698
70700
70707
70714
70719
70721
70723
70738
70741
70744
70764
70771
70775
70776
70779
70782
70789
70792
70793
70803
70815
70820
70834
70845
70848
70852
70854
70855
70856
70867
70880
70881
70890
70891
70897
70914
70938
70940
70951
70960
70966
70994
71032
71060
71068
71076
71077
71100
71112
71115
71116
71118
71124
71125
71132
71136
71152
71154
71158
71168
71175
71177
71178
71189
71201
71203
71205
71248
71251
71254
71258
71267
71279
71281
71284
71298
71301
71307
71312
71313
71326
71333
71335
71339
71340
71354
71367
71375
71377
71380
71382
71392
71393
71396
71397
71410
71414
71417
71418
71429
71433
71446
71457
71462
71464
71466
71471
71482
71489
71490
71495
71500
71504
71511
71542
71550
71554
71557
71559
71563
71569
71571
71576
71580
71583
71596
71599
71600
71612
71615
71619
71621
71636
71640
71642
71645
71647
71648
71664
71665
71667
71676
71682
71683
71690
71698
71703
71709
71712
71716
71717
71718
71720
71722
71723
71726
71739
71740
71759
71769
71784
71789
71795
71797
71812
71814
71819
71826
71836
71840
71845
71846
71852
71855
71885
71887
71888
71891
71900
71903
71916
71924
71933
71942
71947
71948
71950
71964
71971
71973
71979
71980
71984
71989
71992
71995
72005
72007
72022
72027
72034
72037
72038
72042
72043
72046
72050
72057
72060
72063
72064
72072
72080
72082
72087
72089
72119
72121
72123
72125
72147
72155
72163
72166
72170
72171
72179
72184
72190
72194
72198
72204
72216
72220
72226
72245
72251
72252
72263
72264
72267
72273
72283
72295
72307
72319
72323
72330
72331
72335
72337
72338
72339
72342
72345
72355
72361
72363
72364
72366
72368
72369
72380
72385
72390
72394
72396
72398
72400
72412
72428
72434
72442
72447
72448
72452
72463
72478
72488
72495
72505
72507
72516
72523
72525
72526
72527
72534
72540
72550
72554
72556
72565
72585
72594
72600
72601
72605
72610
72614
72618
72621
72622
72633
72636
72643
72664
72670
72680
72682
72687
72688
72703
72705
72709
72713
72716
72722
72725
72727
72729
72737
72739
72746
72751
72753
72758
72766
72768
72774
72779
72784
72791
72795
72796
72799
72811
72817
72824
72833
72844
72856
72864
72869
72876
72887
72889
72894
72903
72913
72916
72926
72936
72939
72940
72945
72948
72969
72972
72980
72984
72989
72993
73000
73007
73010
73011
73013
73016
73030
73031
73064
73069
73071
73094
73101
73102
73107
73111
73123
73124
73140
73152
73155
73163
73180
73182
73189
73216
73225
73232
73237
73238
73246
73257
73258
73263
73264
73269
73272
73283
73291
73303
73308
73310
73316
73317
73325
73327
73328
73334
73335
73342
73351
73376
73383
73387
73388
73394
73401
73403
73406
73415
73423
73426
73427
73439
73441
73444
73446
73447
73449
73460
73485
73494
73498
73504
73507
73532
73542
73545
73566
73569
73580
73582
73594
73603
73610
73611
73629
73642
73647
73663
73667
73669
73670
73673
73675
73676
73691
73704
73712
73719
73724
73725
73727
73739
73742
73747
73753
73754
73756
73762
73764
73767
73775
73778
73782
73785
73790
73793
73796
73800
73808
73811
73815
73824
73830
73832
73835
73847
73849
73856
73862
73884
73896
73903
73904
73924
73925
73926
73927
73934
73935
73938
73944
73949
73957
73968
73974
73977
73993
73994
73995
74013
74020
74029
74045
74046
74051
74057
74061
74064
74071
74077
74084
74102
74105
74106
74117
74119
74127
74137
74143
74146
74159
74160
74162
74167
74176
74178
74180
74185
74189
74192
74193
74213
74221
74227
74251
74258
74259
74289
74299
74303
74304
74308
74321
74322
74327
74330
74334
74344
74345
74356
74364
74369
74374
74377
74390
74391
74396
74401
74402
74412
74423
74425
74426
74428
74430
74436
74458
74463
74465
74483
74494
74498
74504
74511
74519
74523
74529
74541
74542
74547
74561
74563
74566
74568
74578
74580
74583
74584
74601
74602
74609
74610
74611
74612
74629
74635
74640
74642
74649
74665
74670
74678
74679
74683
74685
74693
74706
74716
74723
74733
74749
74768
74775
74783
74789
74793
74814
74818
74819
74820
74825
74830
74836
74839
74842
74850
74852
74859
74864
74867
74868
74877
74878
74884
74890
74892
74901
74902
74905
74912
74916
74917
74924
74927
74930
74931
74939
74945
74956
74957
74960
74974
74987
74998
75004
75016
75017
75019
75026
75033
75042
75043
75061
75064
75072
75081
75082
75083
75097
75099
75104
75107
75108
75117
75137
75143
75145
75152
75162
75163
75168
75171
75174
75193
75200
75201
75206
75217
75219
75231
75236
75242
75254
75269
75274
75283
75291
75292
75307
75308
75309
75310
75317
75319
75325
75327
75338
75343
75354
75357
75369
75370
75374
75376
75379
75383
75388
75391
75395
75396
75397
75399
75407
75410
75423
75424
75429
75434
75436
75442
75445
75456
75463
75464
75467
75473
75487
75496
75497
75531
75538
75543
75548
75576
75578
75581
75585
75593
75595
75607
75614
75627
75630
75651
75655
75667
75673
75675
75684
75698
75711
75724
75748
75752
75755
75757
75762
75764
75768
75776
75783
75796
75808
75810
75811
75813
75820
75826
75837
75857
75859
75869
75879
75909
75915
75923
75927
75929
75935
75938
75943
75974
75980
76010
76020
76022
76045
76046
76052
76057
76061
76084
76103
76112
76114
76125
76131
76137
76151
76173
76185
76187
76194
76197
76198
76204
76207
76229
76238
76248
76250
76259
76261
76262
76264
76269
76273
76279
76284
76291
76293
76300
76302
76310
76313
76326
76333
76335
76337
76339
76346
76355
76360
76365
76368
76378
76386
76394
76398
76406
76407
76420
76422
76426
76435
76438
76441
76444
76458
76463
76467
76469
76473
76498
76500
76502
76508
76509
76528
76532
76539
76541
76542
76547
76548
76549
76552
76570
76575
76580
76581
76602
76608
76612
76617
76618
76622
76640
76644
76668
76669
76683
76685
76687
76689
76692
76696
76700
76704
76707
76709
76714
76720
76734
76741
76751
76753
76759
76771
76775
76787
76789
76791
76807
76809
76814
76821
76836
76839
76852
76863
76870
76872
76874
76880
76889
76897
76906
76913
76918
76921
76938
76944
76946
76957
76966
76972
76985
76989
76990
77004
77016
77019
77034
77041
77062
77070
77084
77088
77090
77093
77099
77109
77121
77126
77128
77136
77138
77155
77157
77168
77169
77172
77175
77189
77202
77208
77213
77222
77232
77240
77253
77256
77259
77266
77275
77281
77293
77294
77303
77305
77308
77330
77333
77342
77344
77347
77348
77357
77358
77359
77363
77375
77379
77382
77386
77387
77391
77398
77405
77408
77412
77418
77419
77429
77431
77434
77438
77452
77458
77467
77468
77485
77491
77508
77513
77526
77536
77541
77558
77571
77572
77577
77580
77589
77590
77593
77596
77601
77606
77609
77619
77621
77622
77624
77632
77635
77637
77640
77664
77669
77670
77673
77674
77680
77688
77690
77701
77706
77709
77712
77727
77734
77742
77757
77761
77778
77779
77789
77792
77797
77816
77821
77825
77827
77836
77854
77861
77864
77881
77884
77897
77899
77904
77906
77908
77919
77923
77928
77930
77931
77934
77936
77939
77957
77969
78003
78004
78018
78022
78027
78032
78041
78050
78059
78063
78078
78085
78087
78090
78096
78117
78133
78139
78141
78158
78161
78169
78181
78182
78188
78192
78207
78219
78233
78237
78240
78244
78255
78258
78259
78261
78266
78270
78272
78277
78294
78297
78306
78308
78310
78311
78312
78322
78323
78328
78332
78335
78347
78364
78366
78379
78405
78407
78413
78424
78427
78434
78435
78436
78437
78451
78452
78457
78466
78501
78512
78518
78523
78545
78554
78557
78558
78560
78562
78565
78568
78572
78579
78587
78605
78608
78609
78610
78622
78625
78647
78661
78663
78675
78691
78692
78704
78715
78720
78735
78736
78751
78752
78757
78758
78762
78763
78764
78784
78797
78813
78816
78821
78828
78829
78839
78843
78849
78856
78867
78871
78872
78874
78882
78885
78891
78910
78913
78945
78953
78966
78968
78976
78985
78996
78999
79001
79007
79008
79009
79011
79015
79019
79027
79031
79041
79043
79053
79054
79061
79084
79096
79099
79103
79114
79134
79136
79147
79155
79163
79167
79168
79176
79179
79181
79187
79206
79208
79212
79214
79224
79229
79232
79236
79251
79253
79255
79256
79262
79266
79267
79274
79276
79285
79294
79297
79311
79314
79319
79320
79338
79342
79349
79364
79366
79375
79394
79395
79401
79409
79411
79413
79419
79426
79428
79436
79447
79454
79455
79460
79461
79469
79473
79506
79510
79512
79518
79543
79551
79558
79564
79569
79571
79579
79591
79603
79611
79612
79615
79620
79638
79646
79650
79659
79675
79677
79684
79691
79709
79717
79744
79749
79754
79765
79767
79771
79776
79781
79797
79799
79800
79827
79831
79837
79839
79841
79842
79846
79858
79863
79865
79874
79876
79880
79886
79914
79918
79919
79937
79939
79948
79949
79954
79958
79962
79970
79974
79975
79980
79981
79985
79986
79993
79994
79996
80008
80009
80010
80020
80021
80024
80031
80038
80039
80047
80062
80066
80075
80082
80084
80087
80100
80101
80108
80114
80115
80119
80121
80122
80124
80127
80132
80135
80141
80148
80151
80157
80161
80163
80172
80192
80226
80229
80236
80238
80241
80252
80263
80276
80279
80281
80288
80293
80296
80301
80321
80322
80328
80358
80360
80362
80380
80391
80393
80402
80409
80413
80428
80432
80440
80442
80443
80457
80460
80469
80472
80473
80478
80485
80494
80499
80501
80502
80514
80524
80530
80532
80539
80548
80552
80561
80564
80566
80579
80590
80596
80600
80606
80608
80612
80613
80614
80615
80628
80632
80635
80641
80645
80652
80655
80668
80685
80687
80696
80700
80705
80706
80716
80717
80731
80742
80750
80766
80786
80796
80804
80810
80812
80814
80815
80816
80817
80825
80831
80840
80844
80870
80879
80882
80884
80892
80893
80894
80897
80898
80908
80913
80918
80929
80938
80943
80960
80977
80978
80984
80985
80986
81006
81015
81027
81041
81049
81063
81070
81076
81084
81089
81092
81100
81101
81109
81111
81112
81124
81125
81139
81144
81147
81151
81164
81181
81189
81191
81192
81196
81222
81225
81226
81228
81235
81245
81254
81259
81276
81293
81296
81301
81302
81316
81327
81329
81330
81332
81333
81340
81345
81352
81354
81359
81362
81385
81402
81418
81422
81426
81434
81442
81449
81480
81482
81485
81494
81498
81503
81516
81518
81520
81522
81527
81529
81531
81542
81545
81550
81553
81568
81570
81576
81593
81595
81623
81625
81629
81631
81637
81646
81647
81654
81663
81665
81666
81682
81693
81713
81738
81740
81752
81767
81768
81781
81812
81814
81816
81821
81823
81825
81829
81834
81836
81837
81840
81844
81845
81855
81856
81858
81872
81879
81881
81884
81889
81892
81894
81898
81902
81908
81912
81924
81931
81935
81944
81947
81954
81971
81981
81986
81987
81999
82001
82011
82014
82019
82021
82027
82035
82066
82071
82091
82092
82094
82101
82114
82115
82127
82129
82146
82151
82162
82167
82177
82183
82192
82195
82210
82213
82217
82242
82259
82269
82270
82273
82274
82292
82300
82303
82307
82311
82315
82316
82323
82335
82341
82344
82349
82360
82367
82370
82394
82405
82410
82414
82415
82418
82425
82438
82440
82451
82452
82462
82469
82470
82477
82484
82488
82490
82491
82494
82496
82498
82502
82506
82507
82519
82521
82529
82534
82541
82543
82544
82551
82556
82557
82559
82569
82574
82589
82604
82617
82618
82633
82634
82635
82636
82642
82645
82650
82655
82656
82661
82664
82667
82670
82677
82679
82684
82687
82693
82695
82701
82705
82719
82742
82750
82759
82775
82776
82779
82780
82781
82786
82795
82808
82814
82820
82844
82845
82848
82861
82880
82892
82900
82902
82910
82919
82924
82931
82935
82940
82949
82951
82977
82979
82980
82985
82990
82991
82994
82995
82996
83029
83036
83040
83046
83057
83064
83072
83079
83080
83081
83084
83085
83092
83105
83120
83124
83161
83165
83166
83172
83177
83203
83210
83212
83215
83218
83227
83238
83253
83271
83275
83277
83299
83306
83316
83319
83341
83342
83351
83353
83356
83382
83388
83398
83401
83407
83420
83422
83424
83427
83437
83439
83440
83484
83486
83510
83512
83537
83546
83547
83551
83555
83561
83562
83563
83578
83581
83589
83593
83596
83609
83615
83628
83629
83633
83638
83641
83648
83655
83656
83665
83667
83674
83690
83696
83698
83700
83701
83704
83707
83715
83731
83733
83756
83758
83767
83779
83784
83804
83809
83810
83819
83820
83829
83830
83833
83837
83841
83856
83879
83884
83885
83890
83892
83895
83896
83899
83919
83933
83940
83943
83948
83955
83959
83967
83972
83975
83983
83985
83990
83993
84001
84011
84015
84016
84019
84027
84030
84033
84055
84059
84062
84065
84067
84068
84074
84095
84108
84109
84114
84115
84118
84119
84127
84137
84139
84145
84160
84162
84181
84183
84184
84187
84207
84215
84216
84217
84226
84232
84235
84236
84239
84258
84269
84275
84292
84296
84299
84300
84303
84306
84311
84312
84313
84319
84325
84330
84341
84344
84345
84348
84352
84354
84357
84367
84368
84374
84379
84381
84383
84391
84395
84396
84398
84399
84400
84403
84413
84423
84427
84430
84436
84437
84439
84442
84447
84453
84454
84456
84463
84464
84467
84485
84499
84502
84513
84514
84538
84551
84578
84580
84589
84595
84596
84597
84598
84600
84605
84608
84627
84639
84656
84658
84659
84665
84681
84682
84685
84687
84697
84707
84712
84715
84721
84723
84730
84732
84733
84735
84744
84753
84754
84776
84782
84800
84804
84810
84811
84819
84830
84831
84837
84848
84854
84858
84873
84881
84882
84887
84891
84904
84906
84918
84927
84939
84946
84951
84952
84953
84960
84964
84976
84982
84984
84987
84992
84996
84997
85007
85016
85025
85032
85041
85044
85045
85049
85055
85057
85066
85068
85072
85074
85075
85083
85085
85092
85101
85107
85110
85115
85116
85117
85119
85124
85132
85137
85153
85156
85168
85169
85177
85180
85183
85184
85191
85217
85222
85228
85234
85236
85240
85242
85253
85259
85271
85290
85298
85307
85315
85320
85334
85337
85338
85342
85352
85362
85376
85379
85388
85392
85399
85407
85413
85419
85424
85429
85440
85444
85446
85464
85472
85479
85485
85488
85489
85492
85494
85520
85524
85527
85528
85532
85537
85540
85541
85545
85547
85550
85551
85555
85566
85567
85570
85571
85581
85584
85591
85594
85603
85607
85660
85669
85675
85682
85687
85689
85692
85702
85707
85720
85721
85730
85737
85745
85749
85751
85761
85762
85764
85772
85774
85779
85781
85795
85801
85807
85809
85830
85832
85839
85840
85849
85853
85855
85858
85859
85871
85872
85877
85880
85882
85887
85896
85911
85921
85925
85929
85939
85944
85945
85958
85973
85976
85977
85979
85982
85985
85987
85993
85996
85999
86000
86001
86007
86019
86029
86040
86041
86049
86050
86053
86054
86055
86065
86072
86080
86083
86084
86091
86098
86104
86112
86127
86132
86133
86143
86149
86152
86156
86167
86182
86185
86191
86211
86224
86225
86244
86255
86280
86294
86296
86297
86301
86304
86311
86313
86314
86323
86329
86330
86339
86360
86363
86364
86371
86373
86377
86378
86383
86394
86398
86410
86417
86418
86422
86430
86436
86448
86452
86454
86456
86458
86483
86490
86491
86492
86498
86500
86503
86504
86519
86539
86542
86545
86548
86551
86555
86556
86560
86565
86569
86571
86578
86582
86584
86599
86602
86607
86623
86634
86641
86645
86657
86659
86662
86677
86692
86702
86707
86712
86736
86740
86748
86749
86754
86760
86765
86768
86772
86783
86802
86806
86807
86816
86821
86834
86837
86840
86861
86865
86866
86870
86891
86898
86911
86912
86913
86922
86932
86935
86937
86940
86942
86954
86965
86984
86998
86999
87003
87005
87010
87021
87028
87029
87031
87033
87034
87058
87064
87088
87089
87090
87093
87094
87105
87106
87108
87113
87137
87161
87165
87172
87193
87198
87199
87200
87201
87205
87224
87228
87231
87232
87233
87238
87239
87274
87275
87294
87295
87303
87309
87312
87315
87317
87327
87332
87344
87379
87380
87388
87389
87398
87401
87409
87414
87417
87418
87422
87426
87439
87440
87444
87446
87447
87448
87454
87455
87459
87464
87466
87470
87472
87474
87475
87496
87511
87530
87533
87534
87542
87546
87551
87562
87565
87569
87576
87590
87591
87594
87595
87608
87617
87624
87626
87629
87656
87662
87665
87668
87669
87672
87673
87677
87692
87699
87701
87704
87720
87746
87747
87758
87759
87761
87763
87785
87786
87798
87817
87832
87833
87835
87839
87850
87851
87858
87860
87862
87868
87890
87902
87931
87932
87937
87939
87948
87954
87959
87966
87970
87971
87976
87983
87989
88002
88004
88009
88013
88020
88027
88032
88036
88046
88059
88064
88076
88089
88093
88096
88100
88102
88103
88121
88127
88128
88145
88152
88153
88174
88176
88185
88188
88191
88195
88208
88209
88217
88234
88244
88268
88273
88276
88281
88282
88301
88303
88305
88316
88322
88325
88335
88339
88340
88351
88355
88357
88359
88365
88367
88369
88371
88373
88379
88381
88383
88386
88392
88403
88412
88414
88418
88419
88420
88422
88432
88440
88442
88448
88451
88455
88459
88461
88466
88495
88499
88502
88507
88510
88521
88529
88535
88541
88543
88544
88555
88563
88568
88571
88573
88574
88581
88597
88599
88604
88620
88635
88636
88637
88646
88652
88682
88695
88699
88701
88702
88707
88721
88734
88741
88749
88761
88762
88767
88768
88770
88772
88773
88792
88796
88797
88801
88807
88808
88826
88829
88846
88856
88857
88860
88865
88869
88871
88884
88885
88894
88910
88917
88920
88921
88932
88943
88955
88978
88985
88989
89003
89004
89006
89007
89011
89015
89033
89037
89047
89049
89051
89053
89059
89075
89079
89085
89088
89090
89091
89092
89103
89106
89108
89113
89133
89134
89141
89143
89147
89163
89178
89192
89193
89196
89206
89207
89209
89223
89235
89243
89252
89258
89262
89266
89278
89283
89284
89302
89317
89332
89334
89345
89346
89359
89368
89388
89390
89391
89393
89399
89401
89405
89419
89441
89446
89447
89453
89463
89464
89477
89480
89501
89503
89505
89509
89516
89519
89528
89529
89530
89531
89539
89544
89545
89547
89551
89555
89561
89567
89574
89595
89598
89601
89610
89614
89626
89631
89636
89637
89644
89647
89652
89675
89687
89708
89711
89720
89736
89750
89754
89758
89771
89772
89780
89784
89789
89791
89796
89798
89800
89804
89807
89815
89817
89822
89832
89839
89843
89845
89851
89852
89877
89879
89882
89884
89903
89905
89920
89927
89943
89944
89952
89953
89963
89970
89978
89990
89996
89998
89999
90004
90011
90019
90022
90031
90035
90041
90043
90052
90077
90081
90083
90097
90110
90112
90113
90133
90137
90160
90161
90171
90176
90180
90184
90194
90231
90236
90241
90255
90258
90263
90285
90286
90291
90295
90300
90304
90306
90313
90318
90321
90322
90324
90348
90350
90353
90360
90362
90366
90369
90378
90396
90412
90413
90425
90446
90457
90461
90473
90476
90477
90480
90494
90507
90509
90514
90517
90525
90531
90536
90554
90577
90579
90583
90618
90638
90640
90647
90653
90660
90679
90683
90685
90688
90692
90694
90699
90708
90711
90715
90716
90723
90724
90726
90729
90742
90752
90755
90764
90769
90770
90785
90788
90794
90799
90801
90804
90805
90823
90824
90826
90827
90829
90832
90835
90842
90853
90856
90862
90872
90873
90874
90878
90881
90884
90914
90915
90917
90919
90927
90929
90936
90949
90950
90951
90955
90970
90971
90980
90986
91008
91012
91013
91016
91019
91039
91040
91046
91067
91075
91084
91107
91116
91160
91163
91166
91171
91174
91180
91181
91190
91225
91227
91237
91240
91241
91248
91250
91264
91265
91274
91275
91281
91287
91288
91291
91304
91308
91311
91315
91316
91322
91338
91349
91352
91375
91394
91397
91403
91415
91416
91421
91424
91427
91432
91447
91455
91458
91460
91461
91470
91472
91474
91475
91484
91491
91495
91520
91523
91539
91546
91550
91551
91557
91558
91560
91567
91569
91589
91594
91615
91617
91625
91639
91644
91650
91667
91669
91672
91673
91695
91697
91708
91710
91715
91719
91726
91727
91728
91734
91745
91750
91753
91759
91763
91768
91769
91776
91780
91792
91793
91811
91815
91820
91821
91824
91825
91827
91830
91836
91859
91862
91872
91888
91910
91916
91919
91932
91943
91953
91960
91970
91971
91980
91986
92010
92012
92023
92024
92027
92039
92041
92042
92059
92060
92076
92085
92094
92101
92102
92104
92137
92152
92154
92156
92163
92167
92169
92190
92192
92200
92207
92216
92219
92225
92236
92241
92262
92268
92272
92296
92298
92309
92311
92325
92331
92337
92338
92353
92357
92370
92385
92391
92405
92409
92418
92421
92425
92426
92428
92429
92434
92446
92459
92473
92475
92483
92494
92506
92509
92511
92515
92517
92520
92533
92537
92540
92543
92559
92564
92566
92568
92573
92575
92586
92593
92597
92624
92639
92642
92646
92650
92651
92665
92667
92673
92678
92682
92705
92710
92712
92730
92732
92741
92749
92755
92758
92759
92767
92769
92776
92777
92778
92782
92787
92790
92792
92802
92804
92805
92812
92814
92828
92833
92835
92865
92867
92871
92877
92884
92889
92890
92892
92897
92910
92913
92914
92915
92922
92928
92930
92944
92969
92972
92976
92977
92979
92982
92985
92995
93001
93005
93016
93017
93019
93021
93024
93034
93039
93041
93049
93055
93062
93067
93081
93085
93092
93106
93111
93122
93125
93127
93128
93137
93152
93167
93169
93175
93177
93184
93187
93192
93194
93203
93205
93208
93218
93225
93236
93240
93241
93247
93257
93264
93266
93270
93271
93284
93290
93299
93302
93303
93316
93317
93324
93327
93331
93335
93353
93358
93360
93368
93372
93373
93379
93380
93386
93391
93392
93415
93427
93434
93438
93439
93445
93447
93453
93456
93467
93469
93470
93479
93483
93508
93510
93513
93535
93536
93554
93556
93558
93567
93585
93646
93650
93657
93661
93668
93672
93678
93680
93682
93684
93694
93697
93700
93713
93720
93722
93725
93728
93741
93749
93751
93759
93770
93782
93791
93792
93807
93814
93821
93826
93830
93837
93847
93848
93855
93860
93866
93868
93881
93892
93897
93907
93909
93911
93919
93921
93923
93926
93932
93958
93963
93974
93978
93979
93985
93986
93996
93998
93999
94004
94006
94007
94060
94061
94065
94071
94078
94095
94100
94102
94106
94108
94121
94129
94133
94177
94184
94190
94196
94199
94206
94215
94220
94224
94226
94229
94232
94240
94251
94253
94254
94258
94265
94269
94282
94285
94287
94288
94289
94293
94308
94309
94330
94333
94336
94337
94340
94344
94360
94382
94385
94387
94390
94399
94403
94406
94415
94417
94418
94420
94435
94440
94447
94448
94449
94455
94461
94468
94470
94477
94481
94483
94497
94505
94507
94515
94516
94518
94519
94522
94529
94535
94536
94548
94557
94564
94571
94576
94579
94593
94598
94602
94603
94617
94620
94626
94629
94641
94643
94644
94649
94653
94663
94664
94668
94676
94681
94685
94688
94690
94723
94726
94733
94740
94746
94768
94775
94778
94781
94786
94791
94792
94793
94797
94799
94807
94818
94823
94829
94830
94835
94841
94854
94856
94864
94867
94870
94873
94900
94915
94918
94936
94954
94957
94962
94968
94969
94973
94974
94980
94982
94984
94993
95003
95012
95026
95033
95038
95045
95050
95059
95067
95068
95111
95114
95138
95145
95153
95158
95161
95205
95209
95212
95215
95225
95226
95242
95260
95262
95263
95272
95282
95285
95288
95290
95292
95299
95317
95328
95329
95340
95350
95363
95366
95371
95372
95374
95388
95390
95394
95400
95411
95418
95422
95429
95434
95443
95445
95451
95455
95471
95473
95489
95497
95498
95501
95511
95531
95538
95557
95558
95569
95573
95575
95576
95578
95581
95594
95602
95607
95610
95612
95632
95633
95636
95641
95653
95658
95671
95675
95685
95690
95696
95697
95699
95700
95706
95713
95719
95722
95746
95750
95763
95766
95773
95784
95787
95788
95790
95792
95811
95813
95814
95817
95821
95830
95831
95836
95845
95858
95868
95870
95886
95888
95889
95890
95891
95892
95895
95896
95904
95907
95914
95915
95917
95919
95941
95979
95989
95991
95995
96000
96007
96011
96013
96015
96025
96031
96035
96039
96040
96043
96053
96056
96058
96061
96065
96081
96085
96090
96098
96100
96114
96123
96137
96142
96147
96148
96151
96158
96159
96169
96181
96203
96231
96249
96253
96256
96271
96289
96290
96293
96297
96300
96302
96308
96315
96356
96365
96369
96372
96384
96385
96390
96393
96396
96413
96418
96430
96443
96444
96453
96466
96472
96476
96480
96512
96520
96523
96529
96535
96546
96547
96552
96561
96564
96565
96569
96572
96574
96582
96583
96584
96591
96598
96599
96606
96621
96635
96640
96652
96659
96669
96681
96684
96693
96695
96697
96714
96721
96723
96724
96738
96741
96750
96762
96768
96769
96771
96775
96787
96791
96799
96805
96833
96845
96848
96850
96856
96865
96866
96888
96903
96930
96949
96956
96972
96980
96992
96994
96996
96999
97002
97040
97049
97056
97064
97067
97070
97071
97077
97093
97095
97097
97099
97107
97110
97113
97132
97133
97137
97143
97148
97152
97163
97167
97181
97182
97183
97196
97201
97240
97241
97256
97259
97266
97283
97297
97318
97331
97339
97346
97355
97358
97366
97380
97386
97387
97391
97396
97397
97402
97422
97423
97424
97427
97437
97443
97456
97463
97472
97484
97487
97496
97503
97504
97520
97525
97541
97567
97572
97574
97582
97583
97586
97588
97590
97602
97603
97620
97622
97623
97625
97636
97640
97648
97660
97664
97665
97668
97677
97685
97693
97694
97698
97700
97702
97719
97730
97732
97739
97754
97760
97780
97782
97784
97785
97788
97792
97802
97807
97810
97813
97818
97820
97835
97865
97866
97871
97873
97877
97880
97884
97887
97889
97890
97895
97899
97903
97916
97928
97936
97944
97947
97951
97957
97960
97961
97963
97964
97980
98000
98002
98009
98012
98016
98031
98035
98040
98052
98077
98078
98088
98091
98093
98094
98095
98108
98116
98142
98145
98152
98156
98160
98161
98163
98185
98186
98198
98203
98204
98207
98209
98212
98216
98217
98229
98234
98238
98243
98246
98249
98256
98257
98259
98265
98276
98291
98322
98325
98346
98347
98348
98364
98367
98375
98380
98396
98404
98406
98411
98414
98416
98419
98422
98423
98424
98430
98431
98432
98447
98453
98461
98472
98476
98477
98495
98502
98503
98507
98521
98531
98542
98544
98558
98567
98568
98573
98581
98598
98600
98601
98603
98615
98619
98621
98622
98631
98632
98635
98638
98641
98643
98645
98660
98670
98672
98687
98693
98699
98705
98708
98712
98715
98725
98728
98731
98735
98739
98743
98754
98756
98763
98774
98789
98791
98800
98802
98805
98813
98817
98824
98830
98846
98848
98853
98861
98866
98872
98874
98881
98894
98899
98901
98904
98907
98914
98916
98931
98933
98942
98950
98957
98964
98970
98972
98975
98976
98980
98982
98985
99001
99004
99012
99041
99047
99048
99054
99055
99062
99073
99083
99089
99091
99117
99118
99124
99125
99127
99128
99145
99154
99158
99167
99170
99174
99179
99184
99187
99195
99196
99203
99211
99216
99233
99260
99261
99262
99269
99271
99277
99284
99289
99291
99294
99296
99297
99299
99301
99304
99315
99322
99325
99330
99351
99354
99355
99370
99406
99412
99413
99416
99418
99431
99433
99437
99442
99452
99457
99458
99462
99469
99477
99478
99487
99489
99494
99500
99503
99526
99530
99533
99539
99554
99559
99568
99575
99594
99600
99603
99608
99614
99626
99635
99637
99646
99648
99671
99676
99683
99686
99687
99690
99696
99705
99708
99712
99715
99720
99726
99745
99748
99752
99753
99754
99757
99762
99763
99775
99791
99809
99811
99824
99827
99829
99832
99855
99861
99871
99883
99886
99890
99893
99918
99920
99929
99940
99941
99944
99949
99957
99959
99965
99972
99973
99975
99978
99983
99986
