7
22
30
52
55
87
98
100
129
163
187
189
259
314
342
373
445
507
582
603
604
717
727
731
749
861
964
987
996
1004
1054
1143
1146
1182
1210
1230
1320
1330
1411
1430
1433
1447
1541
1565
1615
1641
1677
1683
1704
1802
1989
2096
2161
2163
2214
2265
2381
2387
2393
2413
2454
2500
2503
2595
2624
2630
2669
2709
2717
2722
2760
2800
2882
2887
2898
2970
2979
2990
2993
3008
3040
3106
3149
3160
3161
3172
3185
3191
3226
3231
3242
3246
3298
3310
3317
3325
3358
3374
3447
3497
3510
3562
3572
3623
3652
3713
3735
3815
3831
3897
3907
3931
4028
4039
4075
4086
4120
4132
4140
4143
4181
4187
4203
4205
4234
4255
4276
4326
4367
4386
4424
4437
4462
4472
4474
4499
4567
4600
4601
4636
4677
4728
4764
4773
4785
4799
4811
4843
4883
4894
4912
5013
5025
5056
5123
5282
5299
5363
5457
5468
5477
5499
5527
5548
5553
5555
5562
5681
5713
5735
5737
5744
5779
5784
5812
5834
5883
5940
6075
6084
6086
6100
6111
6133
6138
6154
6179
6182
6195
6200
6223
6288
6340
6343
6353
6439
6440
6460
6463
6477
6520
6610
6639
6642
6645
6674
6798
6816
6854
6866
6878
6907
6956
7018
7039
7086
7116
7197
7253
7256
7307
7309
7318
7511
7558
7588
7660
7702
7703
7740
7764
7807
7817
7838
7856
7867
7870
7878
7880
7894
7941
8062
8075
8106
8110
8114
8127
8158
8173
8208
8259
8272
8285
8293
8370
8377
8453
8547
8548
8582
8586
8643
8697
8699
8728
8768
8776
8780
8787
8812
8815
8816
8819
8835
8851
8853
8985
9053
9075
9132
9190
9203
9217
9237
9247
9264
9281
9293
9365
9385
9394
9431
9432
9451
9523
9567
9574
9593
9643
9782
9801
9838
9845
9873
9987
10024
10029
10039
10053
10069
10095
10127
10128
10222
10232
10245
10255
10257
10415
10437
10463
10580
10581
10586
10593
10689
10766
10770
10794
10819
10860
10878
10924
10938
10939
10969
10989
11018
11033
11042
11061
11080
11084
11108
11137
11144
11173
11211
11224
11232
11259
11268
11303
11319
11324
11444
11527
11570
11606
11611
11633
11695
11770
11779
11781
11793
11817
11847
11854
11878
11947
12000
12118
12142
12163
12172
12180
12191
12207
12283
12295
12302
12345
12356
12365
12371
12398
12405
12419
12455
12519
12533
12597
12659
12729
12761
12791
12805
12823
12855
12857
12882
12919
12991
12994
13055
13081
13112
13114
13124
13125
13152
13228
13235
13347
13367
13389
13413
13417
13461
13511
13564
13581
13654
13668
13685
13721
13802
13815
13828
13838
13903
13935
13946
13954
13968
13994
13997
14078
14116
14146
14167
14169
14177
14214
14254
14259
14263
14279
14284
14307
14308
14342
14351
14373
14383
14420
14423
14440
14451
14488
14512
14513
14528
14542
14557
14562
14581
14662
14666
14680
14687
14694
14712
14825
14875
14888
14891
14916
14968
14991
15031
15057
15085
15097
15112
15137
15195
15197
15253
15257
15279
15294
15397
15485
15567
15579
15588
15597
15611
15638
15655
15662
15669
15690
15733
15739
15750
15798
15840
15878
15906
15927
15933
15969
15988
16004
16107
16110
16148
16227
16239
16444
16551
16589
16624
16662
16775
16781
16819
16923
17014
17050
17068
17078
17090
17102
17129
17185
17189
17220
17226
17255
17267
17440
17442
17488
17545
17571
17596
17617
17619
17628
17696
17762
17768
17776
17786
17814
17855
17915
17923
17976
18015
18078
18110
18153
18165
18171
18181
18217
18232
18233
18244
18261
18317
18326
18401
18501
18505
18512
18520
18539
18540
18544
18547
18585
18642
18701
18753
18780
18853
18864
18885
18939
18948
18989
19004
19010
19029
19148
19153
19171
19173
19222
19240
19255
19279
19290
19297
19311
19333
19341
19379
19381
19451
19458
19482
19528
19531
19563
19579
19597
19642
19654
19676
19746
19770
19877
19897
19919
19931
19937
19990
20052
20077
20132
20171
20234
20285
20302
20316
20353
20355
20453
20522
20540
20622
20647
20665
20744
20756
20862
20864
20889
20951
20987
21001
21020
21050
21054
21074
21130
21156
21185
21187
21316
21384
21398
21400
21440
21490
21534
21560
21615
21639
21659
21682
21702
21709
21750
21788
21844
21857
21865
21873
21894
21900
21985
22032
22035
22069
22073
22092
22127
22154
22162
22181
22209
22215
22218
22316
22328
22347
22410
22415
22467
22565
22584
22610
22627
22653
22678
22689
22737
22780
22789
22802
22849
22860
22883
22913
22938
22949
22957
23023
23025
23084
23094
23107
23159
23169
23199
23219
23271
23317
23329
23347
23385
23397
23415
23417
23427
23477
23484
23532
23544
23574
23601
23654
23667
23675
23679
23735
23747
23758
23762
23792
23869
23982
23991
24026
24180
24181
24194
24199
24266
24325
24328
24331
24335
24375
24386
24420
24466
24487
24545
24562
24644
24752
24766
24767
24812
24861
24880
24931
24934
24998
25033
25109
25163
25185
25284
25297
25308
25338
25361
25507
25509
25530
25588
25608
25614
25624
25689
25692
25701
25716
25726
25752
25771
25801
25828
25857
25922
25958
25963
26055
26067
26155
26160
26175
26211
26226
26249
26266
26276
26292
26303
26306
26320
26398
26428
26433
26452
26504
26539
26575
26597
26608
26656
26688
26713
26740
26780
26786
26808
26920
26928
26962
27012
27049
27073
27083
27097
27170
27240
27298
27353
27371
27388
27420
27428
27448
27462
27540
27562
27592
27681
27717
27729
27846
27849
27917
27998
28001
28003
28016
28039
28062
28095
28136
28149
28216
28219
28253
28255
28295
28358
28371
28408
28442
28476
28479
28573
28602
28618
28664
28670
28701
28723
28733
28741
28774
28777
28796
28818
28859
28965
29012
29041
29077
29086
29109
29142
29209
29211
29220
29229
29313
29319
29326
29335
29343
29352
29361
29414
29443
29445
29476
29480
29484
29523
29538
29546
29567
29583
29617
29668
29681
29712
29713
29716
29727
29773
29787
29829
29841
29916
29977
30061
30143
30144
30197
30224
30265
30285
30297
30301
30318
30343
30382
30389
30411
30416
30418
30424
30450
30543
30546
30561
30577
30646
30667
30670
30688
30689
30782
30811
30820
30837
30900
30932
30965
31015
31057
31134
31162
31207
31247
31283
31323
31329
31335
31342
31343
31349
31371
31378
31419
31438
31471
31540
31548
31572
31595
31637
31665
31708
31784
31825
31873
31915
31956
32001
32004
32024
32042
32063
32066
32099
32110
32127
32182
32246
32260
32282
32341
32375
32399
32444
32453
32476
32486
32536
32548
32573
32580
32609
32619
32742
32785
32793
32827
32833
32848
32852
32859
32871
32913
32934
33014
33017
33054
33143
33167
33187
33203
33233
33270
33317
33318
33322
33342
33388
33404
33477
33481
33593
33607
33616
33634
33643
33653
33667
33740
33823
33894
33914
33922
33926
33933
33950
33959
33984
34017
34028
34030
34061
34150
34155
34160
34189
34203
34209
34216
34238
34276
34340
34364
34373
34377
34395
34396
34414
34420
34426
34445
34471
34475
34589
34608
34706
34730
34761
34779
34790
34811
34874
34919
34939
35071
35094
35116
35131
35137
35149
35185
35188
35204
35274
35287
35337
35359
35360
35514
35576
35618
35669
35681
35728
35752
35768
35771
35776
35819
35849
35885
35928
35935
35984
36035
36105
36113
36117
36226
36277
36310
36387
36434
36470
36482
36483
36486
36566
36571
36576
36589
36605
36615
36621
36648
36706
36717
36738
36752
36781
36787
36789
36880
36896
36913
36923
36981
37105
37116
37119
37135
37182
37212
37275
37296
37392
37393
37436
37445
37458
37528
37556
37726
37728
37732
37770
37771
37793
37882
37964
37978
38075
38079
38130
38138
38150
38173
38195
38219
38224
38377
38379
38382
38461
38490
38509
38553
38559
38562
38587
38626
38709
38743
38828
38841
38870
38975
38976
39034
39072
39081
39095
39125
39129
39185
39186
39194
39254
39265
39281
39345
39354
39362
39424
39478
39523
39539
39544
39623
39655
39665
39679
39690
39722
39740
39779
39788
39796
39919
39991
40025
40058
40059
40063
40089
40118
40140
40149
40172
40184
40192
40218
40283
40291
40319
40401
40409
40419
40429
40445
40472
40475
40510
40591
40609
40644
40651
40678
40691
40692
40806
40849
40876
40893
40946
40951
40969
41033
41034
41050
41067
41083
41181
41192
41242
41290
41301
41404
41427
41443
41478
41498
41501
41542
41544
41569
41625
41781
41797
41833
41834
41898
41951
41973
41981
41988
41994
41997
42006
42041
42063
42085
42133
42162
42184
42209
42212
42360
42418
42470
42505
42523
42532
42544
42571
42595
42645
42658
42683
42685
42709
42712
42727
42807
42829
42898
42899
43193
43223
43242
43247
43273
43331
43381
43470
43520
43522
43655
43696
43697
43701
43736
43740
43756
43762
43825
43834
43839
43843
43847
43859
43881
43924
43973
44011
44082
44109
44180
44212
44251
44268
44298
44303
44312
44315
44322
44326
44418
44441
44535
44538
44544
44571
44588
44623
44707
44711
44775
44778
44786
44802
44803
44819
44821
44853
44884
44899
44912
44969
45033
45076
45080
45111
45123
45185
45253
45269
45273
45301
45337
45370
45373
45408
45411
45418
45444
45508
45511
45515
45559
45563
45591
45609
45623
45636
45673
45706
45717
45731
45742
45787
45878
45892
45911
45942
45957
45986
46008
46085
46086
46095
46100
46138
46169
46189
46213
46227
46331
46352
46367
46400
46481
46519
46547
46599
46607
46635
46638
46733
46810
46835
46869
47041
47081
47108
47119
47169
47171
47214
47268
47303
47318
47377
47407
47428
47437
47444
47478
47482
47563
47571
47662
47692
47722
47762
47783
47805
47897
47902
47930
47941
47987
48006
48017
48032
48099
48107
48117
48141
48149
48227
48315
48357
48359
48387
48402
48413
48453
48459
48472
48576
48611
48624
48643
48685
48690
48712
48738
48744
48750
48795
48890
48895
48897
48995
48997
49018
49022
49063
49114
49153
49308
49344
49367
49429
49447
49455
49502
49527
49540
49576
49578
49579
49587
49588
49617
49653
49655
49674
49704
49719
49752
49764
49906
49950
49954
50052
50056
50070
50081
50097
50157
50224
50249
50285
50344
50419
50461
50503
50509
50559
50586
50671
50678
50694
50716
50726
50792
50803
50859
50885
50978
50994
50995
51050
51070
51076
51092
51109
51122
51133
51157
51164
51172
51199
51224
51260
51268
51344
51395
51401
51453
51475
51482
51558
51567
51606
51640
51659
51721
51742
51743
51749
51771
52043
52063
52114
52186
52206
52244
52253
52295
52337
52345
52380
52406
52411
52457
52474
52476
52489
52583
52608
52637
52662
52676
52694
52727
52770
52774
52819
52873
52912
52961
52963
52964
52993
53001
53028
53059
53106
53187
53209
53214
53272
53275
53290
53292
53310
53337
53360
53381
53387
53433
53478
53493
53517
53599
53626
53638
53645
53646
53680
53681
53740
53793
53831
53848
53887
53942
53966
53970
54033
54051
54143
54167
54237
54254
54298
54307
54317
54362
54415
54474
54498
54506
54594
54663
54736
54812
54842
54852
54860
54882
54917
54919
54936
54957
54975
54989
55014
55020
55074
55101
55103
55145
55207
55212
55220
55278
55298
55349
55374
55381
55405
55416
55436
55497
55530
55565
55594
55619
55634
55640
55722
55725
55735
55750
55799
55809
55845
55883
55964
55979
55998
56016
56041
56068
56104
56128
56133
56212
56238
56239
56258
56268
56325
56344
56362
56402
56525
56570
56662
56712
56722
56734
56755
56867
56885
56889
56994
57022
57052
57056
57107
57121
57149
57199
57233
57251
57266
57271
57319
57378
57379
57381
57424
57428
57446
57454
57461
57470
57475
57478
57480
57518
57570
57588
57621
57625
57637
57675
57680
57703
57736
57793
57819
57920
57925
57990
58009
58039
58055
58100
58111
58198
58208
58242
58284
58326
58364
58409
58513
58650
58662
58675
58698
58700
58708
58738
58751
58877
58912
58984
58995
59006
59053
59058
59071
59081
59148
59177
59234
59246
59291
59330
59338
59395
59424
59478
59513
59525
59529
59571
59614
59665
59699
59741
59751
60005
60007
60038
60044
60048
60084
60124
60139
60144
60259
60292
60351
60374
60409
60421
60439
60459
60471
60515
60523
60534
60538
60586
60597
60689
60697
60770
60783
60816
60859
60872
60891
60944
60956
60976
61055
61067
61076
61096
61117
61159
61192
61213
61233
61269
61270
61289
61306
61323
61325
61341
61370
61388
61398
61458
61478
61514
61584
61623
61632
61651
61719
61745
61764
61839
61880
61973
62007
62054
62072
62138
62139
62156
62165
62176
62187
62246
62304
62316
62381
62524
62574
62600
62609
62625
62628
62673
62931
62935
62956
62975
63006
63127
63139
63190
63235
63243
63283
63383
63498
63546
63581
63643
63867
63893
63898
63934
63966
64026
64082
64106
64128
64145
64185
64190
64232
64263
64309
64326
64343
64349
64401
64408
64412
64431
64501
64528
64580
64788
64813
64827
64880
64912
64996
65017
65081
65091
65142
65185
65221
65274
65349
65360
65374
65379
65419
65460
65490
65545
65613
65677
65700
65719
65754
65761
65799
65829
65919
65922
65935
65944
65971
65996
66040
66064
66067
66182
66233
66263
66267
66284
66321
66326
66394
66493
66505
66559
66617
66642
66678
66758
66825
66839
66852
66875
66901
66921
66938
66943
66954
67000
67050
67059
67070
67127
67142
67146
67171
67185
67208
67216
67221
67255
67311
67352
67388
67393
67417
67443
67453
67512
67664
67678
67775
67880
67977
68001
68003
68011
68107
68211
68225
68257
68259
68267
68289
68305
68353
68384
68429
68437
68464
68480
68613
68698
68716
68754
68766
68795
68797
68842
68853
68881
68924
68949
68991
69090
69109
69135
69147
69148
69185
69216
69236
69240
69252
69255
69264
69265
69325
69411
69446
69451
69452
69505
69509
69651
69667
69686
69702
69703
69705
69831
69835
69896
69942
69943
69977
69988
70016
70038
70044
70067
70094
70113
70150
70177
70203
70216
70374
70420
70476
70519
70560
70592
70595
70601
70626
70654
70671
70680
70693
70725
70735
70780
70840
70865
70896
70907
70937
70991
71011
71047
71102
71103
71105
71124
71135
71159
71180
71237
71250
71253
71254
71267
71369
71417
71472
71494
71508
71559
71573
71698
71749
71769
71856
71899
71909
71933
71955
71968
71999
72016
72035
72054
72183
72213
72241
72261
72314
72325
72362
72394
72463
72478
72485
72495
72543
72576
72614
72632
72651
72652
72688
72691
72705
72728
72792
72822
72827
72857
72864
72875
72896
72922
72995
73015
73154
73164
73196
73199
73264
73276
73302
73388
73440
73490
73496
73534
73590
73594
73606
73623
73632
73638
73660
73696
73704
73740
73763
73797
73862
73880
73884
73921
73956
73974
74020
74032
74064
74072
74094
74099
74118
74182
74196
74200
74211
74255
74276
74304
74329
74368
74384
74445
74468
74500
74555
74558
74598
74607
74629
74637
74688
74728
74782
74828
74860
74876
74879
74927
75008
75009
75046
75047
75055
75094
75113
75137
75163
75180
75196
75261
75300
75311
75424
75447
75515
75518
75539
75541
75551
75565
75600
75641
75692
75706
75719
75732
75744
75752
75801
75845
75873
75897
75899
75904
75906
75907
76015
76067
76150
76186
76201
76286
76304
76377
76403
76415
76429
76479
76488
76494
76565
76567
76594
76629
76643
76651
76656
76699
76720
76728
76762
76921
77082
77085
77098
77124
77168
77227
77231
77234
77273
77277
77282
77371
77417
77442
77460
77489
77508
77522
77535
77582
77588
77591
77615
77645
77749
77778
77793
77801
77861
77866
77914
77938
77958
77987
78120
78126
78173
78178
78215
78217
78231
78235
78239
78261
78353
78438
78490
78535
78540
78552
78558
78574
78585
78634
78646
78691
78703
78719
78720
78736
78762
78856
78886
78910
78923
78942
78984
79030
79048
79082
79114
79184
79297
79303
79320
79334
79336
79366
79416
79438
79471
79478
79500
79501
79536
79543
79563
79575
79637
79705
79725
79731
79815
79928
79930
79949
79965
79992
80001
80006
80011
80046
80056
80089
80098
80105
80199
80223
80272
80335
80353
80392
80436
80490
80527
80530
80545
80613
80629
80657
80693
80743
80794
80957
80968
81023
81064
81131
81139
81141
81200
81247
81254
81267
81310
81314
81328
81368
81371
81380
81392
81441
81498
81514
81536
81544
81573
81672
81719
81725
81808
81847
81849
81869
81932
81947
81958
81977
81980
81990
81992
82000
82002
82008
82063
82081
82082
82095
82120
82128
82159
82177
82226
82244
82273
82275
82308
82485
82509
82517
82608
82629
82638
82679
82692
82811
82819
82828
82841
82860
82887
82941
82947
83097
83102
83176
83223
83241
83295
83345
83346
83373
83388
83394
83431
83469
83512
83535
83547
83617
83622
83628
83639
83673
83775
83796
83827
83872
83970
83986
84047
84101
84110
84156
84183
84191
84237
84243
84256
84257
84282
84341
84342
84367
84463
84553
84554
84561
84583
84587
84664
84674
84676
84759
84785
84828
84840
84849
84877
84945
84974
85030
85215
85225
85227
85252
85253
85276
85331
85381
85387
85412
85476
85478
85526
85547
85580
85688
85715
85720
85773
85822
85832
85841
85930
85937
85992
85998
86004
86102
86124
86187
86203
86218
86283
86290
86325
86376
86484
86511
86534
86539
86580
86612
86625
86666
86684
86701
86760
86780
86782
86786
86793
86796
86820
86834
86862
86894
86903
86911
86936
86942
86959
86975
86989
86995
87066
87125
87346
87361
87390
87467
87474
87493
87519
87521
87523
87543
87594
87613
87618
87647
87662
87675
87681
87727
87732
87741
87758
87783
87821
87836
87869
87900
87905
87925
87937
87950
88004
88022
88040
88045
88062
88153
88173
88226
88247
88327
88380
88397
88561
88570
88574
88583
88645
88704
88725
88851
88872
88881
88883
88974
89033
89074
89097
89117
89141
89164
89205
89221
89225
89326
89364
89402
89410
89454
89474
89489
89530
89544
89631
89647
89667
89678
89697
89777
89839
89944
89955
89986
90059
90088
90111
90127
90137
90192
90239
90352
90446
90497
90537
90546
90554
90576
90635
90651
90684
90694
90697
90766
90818
90835
90839
90894
90912
90992
91013
91045
91053
91093
91112
91127
91135
91192
91195
91210
91231
91285
91288
91334
91449
91496
91515
91540
91591
91600
91633
91653
91731
91788
91811
91828
91878
91898
92003
92012
92050
92066
92113
92165
92176
92183
92245
92286
92294
92320
92326
92343
92362
92381
92430
92437
92460
92481
92500
92525
92549
92573
92584
92593
92695
92733
92745
92748
92792
92807
92812
92834
92857
92919
92990
93012
93036
93041
93114
93139
93152
93159
93218
93223
93247
93271
93281
93296
93349
93352
93362
93372
93418
93466
93506
93594
93624
93660
93668
93671
93771
93797
93837
93865
93881
93923
93948
94033
94079
94188
94205
94232
94275
94279
94306
94307
94333
94353
94401
94413
94474
94529
94580
94700
94736
94760
94766
94835
94884
94887
94913
94959
94960
94984
95003
95028
95049
95094
95109
95139
95143
95155
95166
95216
95226
95236
95349
95423
95461
95497
95501
95567
95594
95617
95620
95695
95720
95725
95750
95873
95906
95953
96097
96113
96132
96153
96155
96202
96324
96349
96374
96395
96397
96408
96461
96489
96508
96577
96627
96649
96671
96690
96713
96728
96737
96750
96753
96776
96785
96786
96841
96907
96922
96944
96955
96975
96994
97052
97061
97072
97073
97074
97147
97286
97296
97354
97417
97426
97434
97517
97529
97610
97655
97658
97699
97726
97836
97851
97878
97991
98012
98042
98049
98127
98228
98277
98282
98283
98394
98421
98472
98502
98596
98600
98656
98677
98698
98768
98777
98782
98783
98784
98816
98819
98876
98913
98927
98929
98937
98948
99003
99050
99119
99140
99173
99203
99225
99299
99335
99385
99398
99401
99410
99426
99443
99535
99563
99578
99614
99653
99672
99688
99691
99708
99728
99748
99775
99893
99907
99925
99943
99962
99993
99995
99996
--------
3
7
13
22
30
49
51
52
53
55
70
73
80
83
87
98
100
106
112
129
163
187
189
195
200
201
206
213
219
224
226
230
233
237
245
256
258
259
261
262
265
267
270
271
287
288
304
306
307
314
315
323
324
335
342
346
373
376
378
382
424
428
438
445
460
462
468
473
477
485
494
503
507
529
536
562
569
582
586
599
602
603
604
623
625
629
634
647
653
654
660
669
672
681
686
692
709
717
727
731
733
749
760
784
814
829
831
835
840
848
861
870
871
890
891
901
909
928
930
938
957
963
964
987
995
996
1004
1011
1027
1035
1037
1044
1054
1077
1082
1083
1085
1086
1097
1106
1109
1126
1133
1136
1143
1146
1152
1154
1161
1171
1178
1179
1181
1182
1183
1184
1191
1195
1204
1206
1210
1216
1222
1225
1230
1233
1235
1247
1252
1262
1274
1283
1288
1293
1320
1324
1327
1330
1332
1347
1355
1356
1360
1376
1386
1387
1389
1397
1402
1403
1411
1420
1422
1426
1430
1433
1441
1447
1452
1456
1469
1482
1490
1492
1497
1514
1515
1519
1525
1541
1542
1543
1556
1560
1561
1565
1581
1615
1623
1633
1641
1644
1645
1665
1677
1683
1689
1700
1703
1704
1712
1714
1716
1720
1723
1735
1760
1763
1789
1792
1801
1802
1813
1820
1821
1831
1849
1851
1857
1862
1865
1882
1887
1915
1933
1938
1941
1943
1944
1949
1968
1972
1979
1989
1991
2004
2014
2022
2025
2032
2036
2037
2058
2063
2081
2095
2096
2107
2121
2134
2161
2163
2170
2182
2192
2196
2198
2204
2214
2229
2246
2248
2265
2268
2270
2289
2291
2296
2299
2319
2342
2345
2355
2381
2382
2387
2392
2393
2397
2413
2432
2447
2448
2449
2454
2459
2470
2472
2476
2481
2492
2494
2497
2500
2503
2508
2532
2557
2562
2566
2567
2589
2595
2622
2624
2630
2631
2650
2654
2669
2697
2709
2717
2719
2722
2741
2760
2761
2764
2767
2780
2791
2800
2815
2829
2832
2833
2837
2840
2848
2852
2882
2883
2885
2887
2898
2911
2924
2948
2962
2970
2977
2979
2982
2990
2993
2994
3008
3017
3033
3040
3059
3065
3066
3068
3071
3072
3081
3086
3095
3106
3107
3119
3126
3134
3138
3144
3145
3148
3149
3156
3159
3160
3161
3172
3174
3177
3183
3185
3188
3191
3192
3200
3220
3221
3226
3231
3242
3245
3246
3284
3298
3310
3317
3324
3325
3335
3344
3345
3350
3358
3371
3374
3378
3402
3408
3419
3420
3427
3446
3447
3450
3457
3470
3474
3476
3486
3487
3495
3496
3497
3508
3510
3515
3523
3531
3535
3542
3553
3555
3562
3570
3572
3583
3585
3592
3596
3613
3617
3623
3651
3652
3673
3686
3700
3701
3704
3713
3718
3735
3773
3779
3788
3791
3795
3814
3815
3819
3823
3829
3831
3833
3840
3848
3856
3871
3877
3884
3897
3902
3907
3908
3909
3913
3915
3916
3930
3931
3954
4015
4024
4028
4039
4064
4075
4080
4086
4088
4091
4096
4097
4098
4104
4107
4111
4120
4132
4136
4140
4142
4143
4166
4170
4173
4179
4181
4187
4197
4203
4205
4206
4208
4217
4234
4254
4255
4261
4276
4287
4293
4307
4323
4325
4326
4329
4331
4343
4367
4368
4369
4371
4386
4390
4421
4424
4437
4453
4457
4462
4472
4474
4477
4486
4498
4499
4526
4545
4552
4555
4558
4567
4573
4580
4582
4600
4601
4606
4615
4618
4627
4636
4643
4662
4663
4673
4674
4677
4696
4697
4699
4716
4726
4728
4738
4762
4764
4765
4773
4775
4777
4785
4786
4797
4799
4805
4811
4831
4842
4843
4847
4848
4849
4851
4883
4888
4894
4901
4912
4923
4928
4930
4956
4959
4969
4978
4982
4985
4996
5005
5011
5013
5016
5025
5035
5037
5054
5056
5067
5086
5096
5102
5103
5115
5121
5123
5125
5128
5153
5157
5159
5169
5188
5190
5195
5207
5208
5211
5216
5218
5225
5240
5245
5274
5282
5292
5299
5304
5309
5316
5324
5333
5334
5343
5348
5351
5352
5359
5363
5384
5385
5398
5401
5410
5414
5425
5431
5433
5438
5457
5459
5468
5476
5477
5481
5487
5493
5499
5520
5527
5528
5534
5537
5548
5553
5555
5556
5558
5562
5571
5572
5583
5585
5592
5607
5628
5629
5630
5653
5667
5681
5682
5685
5688
5713
5724
5728
5734
5735
5737
5744
5748
5765
5766
5779
5782
5784
5791
5796
5800
5812
5819
5834
5838
5840
5841
5849
5854
5858
5879
5883
5884
5889
5890
5895
5900
5903
5908
5926
5940
5958
5983
5992
5993
6002
6004
6012
6017
6024
6025
6033
6044
6052
6056
6061
6064
6070
6074
6075
6081
6084
6086
6100
6109
6110
6111
6116
6123
6133
6135
6138
6154
6167
6179
6182
6195
6197
6200
6204
6223
6226
6243
6247
6265
6266
6286
6288
6289
6309
6310
6316
6318
6339
6340
6343
6344
6350
6353
6357
6368
6369
6370
6403
6409
6426
6439
6440
6446
6455
6460
6463
6465
6477
6520
6525
6529
6562
6564
6565
6567
6579
6582
6589
6591
6593
6596
6597
6610
6614
6616
6617
6621
6630
6634
6637
6639
6642
6644
6645
6659
6666
6667
6672
6673
6674
6677
6678
6679
6691
6699
6709
6714
6715
6736
6738
6739
6740
6749
6789
6794
6798
6806
6812
6816
6819
6820
6836
6849
6854
6860
6861
6866
6874
6876
6878
6881
6883
6893
6896
6901
6907
6923
6937
6944
6956
6963
6965
6966
6967
6975
6976
6977
7005
7015
7018
7026
7029
7031
7036
7039
7050
7053
7069
7074
7078
7084
7086
7089
7095
7099
7101
7107
7112
7116
7126
7127
7131
7132
7157
7180
7197
7207
7232
7234
7251
7253
7254
7256
7263
7286
7289
7292
7299
7306
7307
7309
7313
7315
7318
7322
7326
7330
7345
7349
7354
7363
7365
7380
7382
7386
7393
7396
7399
7403
7413
7416
7426
7438
7439
7458
7463
7465
7467
7485
7489
7497
7498
7506
7508
7509
7511
7517
7524
7525
7526
7534
7543
7545
7553
7558
7577
7586
7588
7589
7591
7612
7619
7632
7645
7646
7657
7660
7669
7679
7698
7702
7703
7711
7713
7719
7723
7738
7739
7740
7741
7742
7745
7747
7752
7764
7769
7789
7797
7807
7810
7815
7817
7836
7838
7856
7861
7867
7868
7870
7876
7878
7880
7882
7891
7894
7905
7922
7931
7940
7941
7950
7953
7964
7966
7967
7976
7985
7992
8017
8028
8033
8051
8062
8065
8070
8071
8075
8080
8081
8092
8099
8106
8110
8114
8116
8119
8127
8130
8158
8161
8165
8173
8175
8183
8189
8191
8204
8205
8208
8218
8231
8240
8241
8251
8252
8259
8264
8265
8272
8282
8285
8286
8293
8294
8297
8301
8303
8308
8320
8344
8367
8369
8370
8372
8377
8398
8406
8408
8411
8416
8417
8422
8427
8444
8449
8453
8460
8469
8472
8473
8483
8509
8510
8530
8543
8547
8548
8566
8575
8580
8582
8583
8586
8590
8591
8593
8619
8621
8623
8632
8643
8657
8673
8680
8681
8692
8697
8699
8723
8727
8728
8754
8763
8768
8776
8780
8787
8791
8798
8807
8808
8812
8815
8816
8819
8820
8822
8833
8835
8840
8841
8851
8853
8855
8859
8868
8872
8887
8895
8899
8900
8903
8917
8919
8922
8924
8933
8941
8963
8985
8986
8989
8995
9039
9040
9053
9056
9075
9096
9098
9099
9103
9132
9133
9149
9166
9167
9168
9174
9182
9186
9190
9191
9192
9201
9203
9207
9211
9212
9217
9222
9231
9237
9239
9247
9251
9257
9264
9270
9279
9281
9286
9293
9308
9310
9311
9346
9355
9356
9358
9363
9365
9366
9376
9379
9385
9387
9389
9394
9395
9404
9417
9423
9431
9432
9443
9445
9451
9457
9464
9479
9495
9496
9510
9522
9523
9532
9540
9546
9548
9549
9564
9567
9569
9570
9574
9587
9591
9593
9596
9604
9605
9606
9612
9614
9616
9641
9643
9644
9647
9656
9657
9662
9666
9667
9668
9681
9684
9694
9715
9717
9731
9733
9734
9737
9742
9750
9759
9764
9770
9779
9782
9783
9794
9799
9800
9801
9825
9830
9838
9845
9847
9872
9873
9877
9881
9882
9889
9904
9920
9924
9951
9967
9982
9987
10001
10012
10019
10024
10029
10039
10040
10050
10051
10053
10055
10063
10069
10094
10095
10100
10103
10107
10108
10118
10126
10127
10128
10150
10166
10168
10171
10176
10180
10196
10210
10213
10216
10218
10222
10223
10232
10245
10251
10254
10255
10257
10269
10274
10315
10316
10317
10327
10329
10338
10345
10346
10359
10374
10384
10387
10390
10397
10399
10400
10401
10403
10408
10409
10410
10415
10433
10435
10437
10459
10460
10463
10474
10477
10484
10489
10492
10510
10515
10517
10528
10544
10559
10564
10574
10580
10581
10584
10586
10588
10593
10596
10599
10603
10606
10617
10631
10635
10642
10643
10652
10664
10680
10683
10689
10691
10695
10696
10720
10723
10733
10766
10770
10772
10773
10778
10783
10794
10805
10807
10813
10819
10821
10832
10836
10838
10840
10841
10855
10860
10865
10866
10869
10878
10895
10910
10921
10924
10938
10939
10944
10945
10949
10955
10959
10963
10969
10979
10989
10999
11006
11018
11020
11033
11042
11044
11049
11051
11060
11061
11069
11070
11071
11080
11081
11084
11086
11095
11104
11108
11109
11133
11137
11144
11148
11153
11161
11168
11173
11180
11200
11201
11203
11211
11224
11232
11239
11245
11257
11259
11268
11271
11282
11289
11291
11293
11296
11303
11317
11319
11323
11324
11348
11351
11374
11375
11385
11401
11409
11433
11444
11448
11449
11452
11457
11459
11464
11476
11502
11509
11512
11518
11522
11527
11539
11543
11546
11558
11559
11566
11570
11571
11572
11573
11585
11606
11607
11611
11614
11631
11632
11633
11638
11645
11647
11654
11668
11675
11680
11683
11685
11687
11693
11695
11698
11699
11730
11737
11770
11779
11781
11789
11793
11795
11817
11820
11821
11847
11854
11860
11862
11863
11864
11873
11876
11878
11880
11890
11904
11916
11919
11922
11924
11928
11929
11934
11936
11937
11947
11968
11981
11996
12000
12014
12032
12034
12046
12056
12085
12090
12103
12109
12111
12118
12139
12142
12143
12151
12157
12160
12163
12165
12167
12168
12172
12177
12180
12188
12191
12207
12211
12218
12221
12241
12247
12268
12273
12276
12283
12294
12295
12299
12302
12304
12313
12336
12344
12345
12347
12348
12356
12365
12371
12372
12374
12375
12387
12393
12398
12402
12405
12419
12432
12436
12443
12445
12448
12455
12468
12485
12498
12514
12519
12521
12522
12533
12562
12582
12597
12603
12604
12611
12617
12618
12629
12635
12653
12658
12659
12662
12664
12665
12670
12673
12679
12691
12694
12705
12720
12729
12733
12734
12748
12761
12764
12768
12790
12791
12792
12802
12805
12822
12823
12824
12830
12850
12853
12855
12857
12865
12872
12882
12885
12895
12897
12913
12919
12931
12937
12939
12951
12952
12990
12991
12994
13001
13008
13010
13013
13021
13033
13044
13051
13052
13055
13057
13080
13081
13099
13100
13103
13105
13112
13114
13124
13125
13134
13140
13145
13146
13147
13152
13167
13172
13197
13217
13228
13235
13241
13257
13263
13272
13278
13293
13303
13307
13308
13311
13312
13313
13316
13322
13347
13348
13359
13360
13361
13366
13367
13386
13389
13391
13398
13399
13405
13413
13415
13417
13418
13420
13431
13446
13448
13452
13461
13475
13484
13489
13490
13500
13507
13509
13511
13513
13537
13538
13558
13561
13564
13581
13583
13598
13616
13628
13648
13649
13654
13660
13667
13668
13677
13685
13691
13695
13699
13721
13722
13732
13737
13743
13755
13763
13771
13783
13794
13802
13812
13815
13817
13818
13828
13836
13838
13842
13845
13852
13877
13883
13886
13903
13922
13935
13939
13946
13953
13954
13960
13968
13972
13973
13979
13984
13985
13989
13993
13994
13997
14023
14027
14028
14031
14035
14036
14038
14046
14072
14073
14074
14076
14078
14094
14097
14111
14116
14130
14146
14154
14157
14167
14169
14177
14185
14192
14193
14210
14212
14214
14216
14230
14238
14251
14254
14255
14259
14263
14269
14279
14284
14307
14308
14311
14319
14327
14342
14345
14351
14353
14368
14373
14383
14384
14388
14396
14404
14410
14420
14423
14440
14444
14450
14451
14464
14465
14475
14480
14488
14491
14496
14501
14507
14512
14513
14521
14527
14528
14532
14542
14552
14557
14562
14563
14570
14579
14581
14594
14595
14606
14615
14618
14631
14635
14636
14638
14639
14642
14645
14662
14665
14666
14680
14687
14692
14694
14698
14712
14719
14720
14732
14744
14753
14767
14772
14773
14794
14810
14817
14825
14839
14842
14846
14858
14863
14869
14872
14873
14875
14887
14888
14890
14891
14909
14910
14914
14916
14935
14952
14957
14968
14970
14977
14982
14985
14991
15016
15017
15021
15031
15033
15043
15052
15055
15056
15057
15059
15068
15072
15079
15082
15085
15087
15097
15101
15103
15104
15108
15112
15126
15127
15130
15137
15147
15154
15156
15169
15183
15186
15195
15197
15200
15205
15216
15243
15250
15253
15257
15258
15271
15279
15281
15294
15320
15335
15343
15348
15351
15358
15363
15368
15382
15383
15387
15397
15410
15423
15431
15452
15453
15455
15461
15482
15485
15487
15489
15499
15500
15518
15522
15534
15567
15577
15579
15585
15588
15597
15608
15609
15611
15612
15615
15629
15638
15655
15659
15662
15665
15669
15675
15684
15690
15695
15714
15733
15735
15739
15740
15750
15753
15759
15773
15774
15794
15798
15802
15804
15805
15806
15812
15816
15828
15840
15855
15863
15868
15878
15888
15900
15901
15906
15913
15925
15927
15933
15936
15940
15947
15948
15949
15956
15957
15966
15967
15969
15977
15986
15988
15997
16004
16017
16026
16041
16046
16057
16058
16060
16067
16080
16083
16095
16107
16110
16130
16148
16164
16172
16188
16193
16199
16201
16222
16227
16232
16239
16258
16259
16275
16278
16284
16285
16287
16291
16311
16317
16330
16338
16369
16390
16395
16401
16402
16405
16410
16417
16430
16436
16444
16448
16451
16454
16461
16466
16474
16487
16492
16513
16530
16534
16542
16551
16566
16569
16575
16582
16588
16589
16590
16591
16603
16604
16611
16615
16621
16624
16628
16630
16634
16636
16652
16662
16663
16693
16697
16700
16702
16707
16732
16735
16744
16769
16773
16775
16781
16785
16788
16799
16812
16817
16819
16840
16849
16858
16863
16885
16893
16905
16910
16914
16923
16946
16956
16968
16995
16996
17014
17019
17028
17050
17060
17067
17068
17069
17073
17078
17090
17094
17099
17102
17120
17127
17129
17132
17140
17143
17169
17183
17185
17189
17190
17192
17197
17205
17208
17217
17220
17226
17228
17243
17244
17255
17261
17267
17297
17328
17336
17341
17346
17367
17370
17372
17380
17393
17397
17400
17406
17409
17424
17440
17441
17442
17455
17465
17469
17486
17488
17502
17510
17527
17530
17532
17538
17545
17566
17571
17589
17596
17601
17608
17617
17619
17628
17641
17645
17655
17661
17662
17676
17696
17719
17734
17761
17762
17768
17774
17776
17781
17783
17786
17794
17804
17805
17814
17818
17840
17850
17855
17859
17879
17880
17885
17915
17921
17923
17939
17940
17946
17963
17976
17988
17993
17994
17996
18015
18017
18043
18060
18061
18064
18066
18073
18078
18081
18091
18092
18096
18106
18110
18112
18113
18115
18120
18129
18135
18142
18143
18153
18158
18165
18171
18173
18176
18179
18181
18204
18206
18217
18223
18224
18227
18232
18233
18244
18246
18248
18257
18261
18270
18287
18291
18306
18317
18326
18328
18347
18348
18351
18353
18354
18360
18361
18365
18368
18386
18393
18397
18401
18406
18408
18411
18421
18435
18450
18456
18463
18473
18478
18486
18487
18499
18501
18505
18507
18508
18510
18512
18514
18516
18520
18533
18537
18538
18539
18540
18544
18547
18554
18565
18575
18578
18584
18585
18586
18601
18614
18630
18631
18637
18642
18644
18663
18680
18687
18691
18696
18701
18704
18705
18718
18721
18722
18749
18750
18753
18759
18765
18780
18795
18797
18844
18853
18858
18864
18881
18885
18887
18898
18908
18910
18915
18933
18939
18940
18948
18958
18966
18969
18972
18976
18977
18989
18997
19001
19004
19010
19012
19029
19037
19039
19045
19049
19062
19063
19067
19080
19082
19098
19101
19103
19107
19109
19128
19130
19148
19153
19165
19167
19170
19171
19173
19185
19217
19218
19221
19222
19228
19237
19240
19248
19255
19264
19279
19280
19290
19292
19297
19311
19316
19320
19325
19328
19333
19335
19341
19346
19348
19363
19370
19379
19381
19382
19392
19418
19420
19424
19426
19433
19437
19451
19453
19458
19466
19475
19482
19499
19519
19528
19531
19532
19543
19544
19563
19564
19572
19579
19591
19592
19595
19597
19612
19613
19629
19634
19637
19639
19642
19644
19645
19649
19654
19670
19676
19682
19692
19695
19698
19716
19727
19728
19746
19769
19770
19776
19778
19783
19797
19806
19818
19823
19853
19854
19871
19877
19879
19880
19883
19884
19887
19892
19897
19903
19908
19919
19927
19931
19937
19939
19944
19947
19951
19963
19967
19969
19981
19984
19986
19990
20017
20035
20040
20052
20076
20077
20079
20085
20092
20096
20103
20109
20132
20147
20157
20171
20184
20186
20210
20211
20222
20234
20236
20242
20249
20265
20268
20285
20302
20305
20306
20313
20316
20319
20323
20343
20353
20355
20376
20380
20389
20395
20405
20414
20423
20424
20428
20429
20431
20436
20439
20453
20460
20462
20468
20473
20497
20500
20501
20514
20516
20522
20534
20540
20541
20542
20548
20574
20578
20593
20612
20615
20622
20647
20658
20665
20677
20679
20681
20690
20691
20703
20706
20709
20714
20723
20732
20735
20737
20739
20744
20752
20756
20771
20785
20794
20802
20823
20827
20840
20845
20856
20862
20864
20873
20884
20885
20887
20889
20951
20954
20956
20959
20960
20985
20987
20993
21001
21020
21032
21039
21042
21049
21050
21054
21074
21084
21088
21089
21102
21108
21117
21125
21130
21155
21156
21159
21163
21171
21185
21187
21224
21234
21235
21240
21246
21277
21282
21297
21300
21305
21316
21318
21333
21334
21336
21341
21352
21366
21384
21392
21395
21397
21398
21400
21411
21440
21443
21470
21490
21506
21523
21534
21539
21559
21560
21570
21599
21601
21615
21618
21627
21629
21639
21649
21651
21653
21659
21661
21662
21664
21672
21682
21690
21702
21709
21725
21730
21741
21748
21750
21751
21763
21765
21772
21779
21788
21828
21835
21837
21838
21839
21844
21855
21857
21862
21865
21873
21890
21894
21900
21918
21940
21942
21948
21949
21951
21958
21961
21964
21970
21981
21985
21997
22012
22016
22027
22032
22035
22044
22054
22057
22061
22067
22069
22073
22083
22088
22090
22092
22094
22099
22102
22107
22108
22113
22127
22128
22132
22138
22143
22153
22154
22161
22162
22167
22181
22195
22196
22199
22208
22209
22214
22215
22218
22232
22242
22246
22248
22262
22264
22289
22310
22316
22320
22324
22328
22332
22347
22371
22374
22382
22385
22386
22390
22410
22415
22452
22456
22467
22487
22492
22505
22518
22520
22530
22540
22547
22549
22558
22559
22565
22566
22568
22583
22584
22610
22611
22615
22616
22627
22628
22640
22647
22653
22656
22672
22677
22678
22679
22689
22691
22702
22710
22717
22721
22727
22737
22746
22757
22767
22768
22774
22779
22780
22789
22790
22802
22805
22820
22825
22830
22843
22849
22853
22854
22860
22861
22866
22880
22883
22894
22898
22906
22913
22920
22934
22935
22938
22949
22952
22955
22957
22958
22960
22966
22969
22975
22982
22992
23008
23021
23023
23025
23046
23057
23073
23077
23084
23090
23094
23101
23107
23111
23116
23120
23121
23123
23133
23138
23140
23147
23159
23165
23169
23179
23199
23215
23217
23219
23220
23231
23242
23271
23277
23281
23295
23307
23309
23317
23325
23329
23333
23347
23356
23358
23363
23385
23396
23397
23402
23415
23417
23424
23427
23450
23451
23458
23460
23477
23484
23496
23511
23512
23515
23517
23532
23544
23556
23570
23574
23577
23583
23587
23591
23594
23599
23601
23617
23619
23623
23624
23626
23634
23643
23644
23653
23654
23663
23667
23668
23674
23675
23679
23682
23710
23711
23714
23718
23723
23735
23743
23747
23758
23762
23764
23784
23786
23792
23803
23822
23824
23836
23840
23848
23869
23873
23879
23886
23897
23915
23918
23943
23945
23961
23964
23966
23973
23976
23977
23978
23982
23989
23990
23991
24006
24026
24031
24036
24037
24038
24061
24063
24075
24077
24085
24090
24096
24102
24109
24110
24116
24134
24139
24166
24167
24180
24181
24193
24194
24196
24199
24211
24229
24233
24265
24266
24269
24295
24305
24315
24320
24323
24325
24328
24331
24335
24337
24348
24363
24370
24375
24386
24399
24414
24420
24426
24430
24466
24472
24479
24482
24483
24487
24498
24500
24506
24509
24535
24538
24541
24545
24557
24562
24563
24580
24583
24590
24620
24644
24655
24660
24661
24663
24670
24678
24689
24710
24714
24733
24738
24752
24757
24764
24766
24767
24777
24781
24785
24786
24794
24797
24798
24802
24812
24821
24824
24826
24848
24861
24862
24864
24880
24895
24914
24918
24922
24929
24931
24934
24946
24956
24964
24972
24978
24989
24998
25008
25017
25033
25044
25058
25063
25064
25109
25110
25116
25120
25121
25157
25162
25163
25173
25176
25180
25182
25185
25188
25191
25194
25199
25222
25240
25258
25260
25268
25273
25274
25284
25297
25298
25300
25301
25308
25321
25326
25332
25338
25339
25341
25358
25360
25361
25365
25388
25395
25406
25415
25418
25419
25435
25459
25466
25472
25481
25482
25485
25499
25505
25506
25507
25509
25518
25519
25521
25530
25533
25539
25549
25550
25555
25557
25558
25562
25566
25578
25588
25607
25608
25609
25614
25617
25624
25626
25633
25641
25647
25652
25656
25660
25680
25689
25692
25693
25701
25716
25719
25725
25726
25750
25752
25753
25758
25764
25765
25766
25771
25782
25783
25784
25785
25786
25798
25801
25807
25808
25825
25828
25836
25857
25868
25869
25874
25880
25922
25939
25942
25943
25950
25958
25963
25966
25967
26000
26006
26014
26051
26052
26055
26061
26062
26063
26067
26085
26088
26090
26102
26103
26116
26117
26120
26121
26127
26128
26131
26134
26146
26148
26155
26160
26162
26163
26164
26174
26175
26180
26182
26192
26211
26218
26221
26226
26233
26234
26249
26257
26266
26270
26276
26285
26288
26292
26295
26297
26303
26306
26320
26324
26326
26327
26334
26342
26343
26356
26390
26398
26401
26404
26409
26415
26428
26429
26433
26434
26451
26452
26454
26460
26465
26467
26482
26491
26497
26504
26526
26530
26531
26533
26539
26545
26547
26556
26560
26568
26573
26575
26578
26579
26581
26583
26590
26597
26608
26610
26613
26618
26631
26640
26642
26647
26652
26656
26664
26688
26689
26695
26699
26713
26720
26725
26728
26736
26737
26740
26742
26756
26759
26772
26780
26783
26786
26808
26812
26814
26817
26826
26853
26891
26893
26901
26903
26916
26919
26920
26928
26938
26939
26946
26960
26962
27008
27012
27018
27028
27030
27049
27051
27065
27073
27079
27082
27083
27094
27097
27101
27103
27126
27127
27134
27145
27146
27149
27163
27170
27182
27184
27189
27192
27195
27199
27209
27212
27215
27217
27219
27235
27240
27251
27259
27267
27268
27283
27284
27287
27291
27294
27298
27300
27311
27312
27318
27330
27332
27343
27353
27364
27371
27388
27392
27395
27396
27404
27409
27417
27420
27428
27448
27453
27457
27462
27466
27475
27478
27482
27503
27504
27540
27551
27554
27562
27574
27592
27607
27630
27631
27633
27642
27652
27659
27677
27680
27681
27688
27691
27695
27712
27715
27716
27717
27729
27735
27757
27762
27763
27782
27791
27799
27802
27806
27814
27818
27825
27829
27833
27838
27839
27845
27846
27849
27872
27874
27889
27907
27910
27917
27921
27922
27925
27953
27957
27970
27973
27981
27989
27994
27996
27998
28001
28003
28011
28016
28018
28038
28039
28040
28062
28071
28084
28087
28093
28095
28099
28105
28106
28112
28127
28129
28131
28136
28141
28149
28155
28161
28174
28177
28179
28181
28198
28216
28217
28219
28227
28243
28252
28253
28255
28279
28282
28291
28295
28305
28309
28312
28315
28322
28327
28345
28357
28358
28371
28382
28387
28397
28398
28401
28407
28408
28412
28414
28415
28416
28434
28438
28439
28442
28457
28471
28476
28477
28479
28495
28497
28499
28502
28511
28528
28538
28540
28559
28563
28573
28589
28593
28595
28602
28610
28615
28618
28620
28625
28659
28662
28663
28664
28670
28677
28680
28688
28693
28701
28710
28715
28723
28725
28732
28733
28736
28741
28745
28748
28769
28770
28774
28777
28795
28796
28808
28818
28828
28837
28859
28865
28867
28869
28873
28881
28902
28913
28925
28958
28963
28965
28982
28995
29006
29012
29022
29024
29028
29041
29061
29066
29077
29086
29087
29091
29102
29109
29110
29113
29123
29125
29142
29155
29157
29166
29174
29177
29194
29209
29211
29215
29220
29221
29223
29229
29247
29258
29267
29269
29286
29305
29313
29316
29319
29320
29322
29326
29332
29335
29343
29352
29361
29376
29381
29383
29388
29389
29390
29400
29403
29404
29414
29420
29443
29444
29445
29457
29462
29471
29476
29480
29484
29489
29506
29510
29523
29538
29543
29546
29551
29555
29567
29577
29582
29583
29590
29594
29595
29613
29617
29619
29625
29629
29665
29668
29673
29681
29688
29691
29701
29712
29713
29716
29724
29727
29736
29743
29751
29752
29770
29773
29775
29778
29787
29790
29806
29825
29829
29835
29840
29841
29846
29851
29853
29855
29866
29885
29909
29916
29919
29923
29930
29942
29965
29969
29974
29977
29983
29995
29997
30000
30002
30010
30018
30033
30043
30044
30050
30053
30058
30059
30060
30061
30074
30084
30095
30097
30109
30112
30123
30127
30135
30143
30144
30153
30174
30177
30183
30197
30208
30224
30251
30253
30260
30265
30267
30268
30270
30285
30287
30290
30295
30297
30301
30303
30315
30318
30325
30327
30343
30352
30355
30358
30368
30381
30382
30389
30395
30411
30416
30418
30424
30433
30436
30438
30450
30454
30461
30473
30487
30494
30520
30535
30543
30546
30561
30570
30574
30577
30585
30597
30614
30618
30625
30637
30644
30646
30667
30670
30677
30688
30689
30703
30704
30715
30727
30748
30755
30760
30765
30768
30772
30781
30782
30785
30788
30797
30798
30802
30810
30811
30812
30820
30826
30829
30837
30849
30857
30864
30876
30878
30888
30890
30897
30898
30900
30908
30920
30923
30931
30932
30944
30956
30960
30961
30965
30966
30970
30971
30976
30978
30981
30985
30988
30989
30991
30993
31005
31008
31011
31013
31015
31034
31038
31042
31057
31063
31064
31076
31079
31092
31097
31098
31122
31125
31134
31137
31150
31155
31160
31162
31165
31171
31188
31192
31200
31203
31204
31206
31207
31237
31238
31247
31261
31278
31283
31322
31323
31329
31335
31342
31343
31346
31349
31371
31373
31378
31380
31385
31386
31390
31391
31395
31410
31411
31419
31424
31429
31438
31449
31450
31466
31471
31472
31482
31489
31495
31512
31521
31536
31539
31540
31548
31558
31562
31568
31572
31574
31582
31586
31591
31593
31595
31610
31613
31617
31625
31627
31637
31643
31657
31665
31673
31681
31695
31697
31708
31709
31713
31720
31726
31731
31734
31740
31747
31757
31762
31771
31773
31784
31789
31799
31801
31809
31819
31825
31827
31848
31851
31873
31883
31885
31896
31898
31906
31915
31917
31925
31939
31942
31947
31948
31950
31954
31956
31964
31988
32001
32004
32005
32018
32021
32024
32034
32042
32048
32050
32053
32061
32063
32066
32080
32087
32089
32099
32104
32110
32115
32126
32127
32133
32146
32153
32165
32182
32185
32188
32217
32225
32226
32229
32246
32250
32254
32260
32263
32272
32276
32282
32291
32318
32323
32327
32329
32335
32341
32343
32350
32356
32358
32375
32388
32390
32399
32402
32410
32424
32426
32436
32440
32444
32453
32454
32457
32458
32476
32481
32483
32486
32495
32502
32528
32529
32536
32548
32557
32573
32578
32579
32580
32583
32595
32603
32609
32618
32619
32622
32629
32644
32657
32661
32666
32678
32698
32713
32721
32732
32742
32745
32755
32764
32773
32775
32779
32785
32793
32794
32807
32812
32827
32831
32833
32835
32841
32848
32850
32852
32855
32857
32859
32871
32873
32878
32884
32906
32913
32922
32931
32934
32935
32937
32938
32940
32942
32945
32963
32965
32974
32975
32979
33001
33007
33014
33017
33022
33037
33038
33047
33048
33054
33062
33063
33099
33107
33119
33124
33143
33144
33156
33167
33182
33186
33187
33192
33193
33198
33203
33208
33209
33233
33239
33248
33262
33270
33274
33282
33286
33296
33317
33318
33322
33324
33328
33330
33335
33336
33342
33366
33385
33386
33388
33392
33399
33401
33404
33417
33428
33440
33448
33455
33462
33475
33477
33481
33492
33510
33511
33543
33544
33562
33565
33587
33593
33603
33607
33610
33615
33616
33617
33634
33643
33653
33657
33667
33668
33670
33679
33689
33694
33702
33726
33727
33740
33746
33747
33768
33776
33788
33791
33800
33805
33815
33816
33818
33823
33832
33851
33855
33867
33869
33875
33893
33894
33898
33914
33915
33916
33922
33923
33926
33933
33944
33946
33950
33956
33959
33965
33984
33985
33992
34017
34027
34028
34030
34038
34061
34071
34082
34085
34086
34095
34096
34102
34108
34150
34155
34160
34162
34166
34189
34203
34209
34216
34232
34238
34244
34249
34250
34262
34266
34271
34276
34279
34288
34301
34311
34327
34335
34340
34344
34364
34373
34377
34386
34392
34393
34394
34395
34396
34414
34420
34426
34433
34435
34440
34444
34445
34452
34464
34465
34471
34475
34481
34486
34489
34492
34498
34499
34506
34521
34527
34530
34533
34563
34573
34575
34582
34589
34603
34608
34635
34643
34645
34651
34665
34667
34670
34672
34681
34686
34688
34690
34702
34706
34712
34715
34730
34745
34759
34761
34768
34770
34772
34779
34785
34786
34790
34791
34799
34809
34811
34842
34845
34846
34848
34857
34859
34861
34862
34864
34871
34874
34876
34887
34894
34917
34919
34936
34939
34966
34973
34980
35001
35004
35005
35008
35022
35052
35058
35059
35071
35082
35083
35085
35094
35103
35105
35112
35116
35126
35128
35131
35133
35137
35138
35149
35154
35156
35166
35181
35185
35186
35188
35200
35201
35204
35207
35208
35240
35252
35267
35270
35274
35287
35310
35322
35325
35331
35337
35340
35359
35360
35368
35380
35388
35394
35397
35408
35415
35419
35422
35428
35429
35431
35435
35444
35448
35470
35478
35514
35523
35524
35529
35531
35540
35550
35556
35571
35576
35581
35603
35609
35618
35621
35634
35640
35646
35650
35659
35664
35669
35681
35682
35683
35684
35690
35711
35712
35718
35728
35752
35755
35760
35767
35768
35771
35776
35777
35805
35813
35815
35819
35835
35840
35845
35846
35849
35855
35858
35872
35877
35881
35882
35885
35895
35901
35909
35913
35928
35935
35940
35946
35948
35952
35964
35965
35970
35981
35984
35998
35999
36006
36015
36020
36029
36035
36040
36055
36062
36074
36084
36088
36098
36100
36105
36113
36117
36145
36146
36156
36157
36162
36172
36190
36220
36221
36226
36229
36231
36233
36236
36238
36262
36269
36277
36282
36290
36309
36310
36320
36360
36365
36369
36377
36387
36393
36394
36400
36401
36404
36407
36413
36417
36423
36434
36453
36466
36470
36477
36482
36483
36486
36490
36494
36496
36497
36500
36501
36515
36531
36533
36534
36543
36547
36566
36571
36576
36577
36584
36589
36593
36596
36605
36606
36610
36615
36619
36621
36623
36638
36648
36659
36685
36690
36698
36702
36706
36717
36724
36728
36731
36735
36738
36747
36752
36755
36757
36759
36768
36770
36778
36781
36783
36787
36789
36794
36795
36808
36818
36822
36826
36829
36844
36850
36864
36865
36870
36871
36880
36892
36896
36903
36904
36905
36911
36913
36914
36923
36941
36947
36951
36954
36970
36971
36974
36981
36995
37008
37030
37052
37055
37067
37069
37082
37098
37099
37100
37105
37113
37116
37119
37135
37138
37167
37182
37199
37206
37212
37225
37236
37238
37242
37261
37275
37293
37294
37296
37303
37312
37316
37330
37344
37352
37356
37371
37373
37377
37389
37392
37393
37396
37405
37416
37420
37424
37425
37434
37435
37436
37445
37446
37458
37459
37469
37470
37474
37489
37492
37493
37498
37499
37508
37519
37524
37525
37528
37536
37552
37556
37557
37563
37564
37583
37584
37613
37624
37635
37654
37656
37660
37661
37705
37709
37713
37725
37726
37728
37732
37742
37744
37745
37770
37771
37793
37794
37826
37834
37845
37851
37857
37864
37872
37873
37882
37886
37887
37893
37908
37914
37917
37942
37964
37970
37978
37983
37985
37988
37994
38007
38018
38027
38040
38041
38049
38067
38075
38079
38080
38085
38102
38103
38115
38130
38138
38150
38160
38162
38171
38173
38182
38188
38192
38195
38202
38205
38210
38219
38221
38224
38231
38238
38242
38249
38258
38261
38263
38270
38273
38274
38293
38294
38298
38312
38316
38317
38329
38334
38349
38361
38363
38370
38374
38377
38379
38382
38421
38434
38437
38447
38452
38456
38461
38464
38485
38490
38494
38500
38502
38507
38509
38532
38538
38541
38542
38553
38558
38559
38561
38562
38571
38572
38579
38582
38584
38587
38589
38595
38604
38607
38611
38626
38649
38659
38680
38686
38689
38696
38706
38709
38722
38724
38725
38732
38743
38751
38777
38779
38780
38784
38791
38797
38800
38806
38807
38812
38813
38823
38828
38836
38840
38841
38858
38865
38870
38886
38908
38919
38921
38924
38931
38932
38935
38948
38963
38975
38976
38993
38996
39001
39011
39028
39031
39034
39048
39072
39081
39086
39090
39093
39095
39118
39119
39125
39127
39129
39130
39138
39143
39144
39155
39162
39164
39176
39177
39185
39186
39194
39197
39221
39224
39243
39250
39254
39258
39261
39265
39281
39282
39292
39311
39325
39330
39337
39340
39345
39349
39354
39362
39363
39373
39378
39390
39393
39395
39424
39426
39433
39440
39445
39447
39454
39455
39465
39466
39471
39478
39481
39482
39490
39507
39518
39522
39523
39539
39544
39545
39547
39550
39570
39585
39596
39608
39623
39635
39641
39647
39655
39660
39663
39664
39665
39679
39686
39690
39691
39698
39701
39704
39706
39714
39721
39722
39740
39764
39779
39784
39788
39796
39798
39821
39827
39834
39855
39874
39880
39881
39889
39894
39896
39910
39914
39915
39916
39919
39926
39927
39937
39941
39944
39945
39946
39951
39962
39964
39965
39968
39974
39975
39985
39988
39989
39991
39992
40007
40025
40026
40034
40035
40036
40039
40058
40059
40063
40066
40089
40098
40115
40118
40120
40121
40140
40146
40149
40161
40172
40176
40184
40188
40192
40209
40218
40227
40229
40259
40263
40282
40283
40287
40291
40311
40319
40325
40344
40364
40380
40397
40400
40401
40409
40419
40429
40437
40443
40445
40461
40472
40475
40478
40481
40491
40499
40510
40532
40539
40540
40547
40550
40551
40555
40561
40571
40587
40591
40609
40611
40616
40623
40644
40651
40664
40670
40673
40676
40678
40691
40692
40694
40695
40730
40748
40754
40758
40779
40784
40789
40798
40806
40819
40822
40830
40842
40846
40849
40863
40870
40876
40893
40896
40905
40907
40912
40917
40922
40924
40944
40946
40950
40951
40965
40968
40969
40986
41000
41014
41033
41034
41045
41050
41052
41067
41072
41074
41081
41082
41083
41090
41095
41099
41101
41118
41120
41126
41140
41141
41150
41161
41163
41169
41170
41181
41182
41190
41192
41203
41211
41215
41220
41228
41231
41232
41233
41242
41260
41278
41281
41290
41301
41318
41329
41335
41350
41352
41359
41364
41387
41393
41404
41412
41423
41427
41436
41443
41451
41455
41456
41460
41462
41464
41471
41478
41488
41489
41492
41498
41501
41512
41518
41524
41539
41542
41544
41554
41561
41562
41568
41569
41570
41584
41588
41625
41629
41650
41659
41660
41664
41667
41670
41678
41679
41683
41684
41688
41691
41702
41708
41715
41720
41724
41728
41731
41733
41737
41739
41757
41781
41789
41795
41797
41817
41821
41824
41832
41833
41834
41838
41840
41845
41848
41853
41856
41878
41898
41911
41914
41931
41941
41948
41951
41963
41964
41968
41973
41975
41979
41980
41981
41988
41990
41993
41994
41997
42004
42006
42009
42012
42015
42041
42054
42063
42080
42085
42097
42133
42140
42145
42150
42151
42157
42159
42160
42162
42164
42175
42184
42202
42204
42205
42209
42212
42231
42262
42269
42276
42278
42320
42343
42356
42360
42361
42390
42406
42418
42432
42435
42446
42453
42456
42470
42498
42505
42511
42512
42516
42521
42523
42526
42529
42532
42544
42554
42557
42563
42570
42571
42572
42573
42595
42596
42603
42604
42605
42633
42644
42645
42658
42665
42667
42669
42683
42685
42687
42693
42703
42708
42709
42712
42715
42725
42727
42736
42739
42752
42760
42774
42778
42789
42803
42807
42808
42821
42822
42825
42829
42847
42849
42853
42855
42856
42865
42869
42873
42892
42894
42898
42899
42902
42907
42922
42938
42952
42963
42969
42980
42990
42995
43008
43012
43019
43027
43039
43042
43043
43053
43082
43088
43094
43099
43102
43111
43114
43122
43124
43125
43126
43130
43166
43182
43190
43193
43205
43211
43223
43234
43242
43247
43248
43251
43254
43255
43268
43273
43280
43317
43318
43331
43339
43349
43352
43357
43369
43377
43381
43382
43385
43389
43413
43419
43426
43430
43450
43455
43468
43470
43476
43485
43486
43499
43505
43520
43522
43524
43532
43556
43572
43574
43575
43584
43608
43609
43613
43636
43644
43649
43655
43671
43672
43681
43688
43696
43697
43698
43701
43706
43708
43736
43739
43740
43756
43762
43766
43779
43784
43790
43792
43806
43818
43825
43834
43837
43839
43843
43847
43853
43856
43859
43862
43866
43868
43869
43872
43873
43875
43881
43887
43907
43924
43944
43962
43963
43965
43970
43973
43974
43978
43982
44000
44011
44012
44013
44020
44021
44026
44061
44081
44082
44093
44096
44102
44103
44109
44110
44111
44114
44116
44126
44132
44162
44165
44177
44180
44205
44212
44215
44219
44248
44250
44251
44253
44261
44268
44272
44298
44303
44304
44305
44312
44315
44316
44322
44326
44332
44360
44377
44385
44406
44408
44411
44413
44416
44418
44436
44441
44446
44463
44479
44489
44513
44514
44519
44535
44538
44544
44563
44566
44567
44571
44588
44589
44616
44623
44652
44653
44657
44663
44667
44677
44680
44681
44690
44694
44703
44707
44711
44714
44721
44726
44729
44749
44758
44770
44775
44776
44777
44778
44781
44786
44802
44803
44805
44806
44809
44814
44819
44820
44821
44824
44835
44837
44841
44853
44860
44861
44865
44869
44874
44884
44887
44888
44899
44901
44908
44912
44930
44935
44938
44943
44952
44954
44969
44974
44978
44986
44990
44996
44999
45026
45030
45033
45034
45035
45038
45042
45049
45058
45059
45076
45080
45089
45092
45103
45111
45112
45117
45121
45123
45128
45132
45133
45138
45149
45150
45154
45157
45162
45174
45176
45185
45190
45211
45219
45238
45253
45267
45269
45273
45276
45282
45297
45301
45305
45306
45309
45310
45337
45340
45355
45366
45370
45373
45392
45401
45408
45409
45411
45418
45438
45444
45456
45458
45462
45473
45476
45478
45486
45490
45494
45505
45508
45511
45512
45513
45514
45515
45517
45520
45536
45542
45544
45559
45563
45567
45570
45572
45591
45596
45603
45609
45617
45621
45623
45624
45636
45646
45652
45665
45673
45675
45680
45691
45699
45704
45706
45710
45712
45715
45717
45722
45724
45731
45742
45782
45787
45789
45796
45798
45802
45811
45833
45834
45837
45838
45846
45850
45853
45857
45869
45871
45878
45890
45892
45897
45910
45911
45924
45942
45944
45945
45951
45953
45954
45955
45957
45966
45975
45982
45986
45993
46000
46001
46002
46008
46018
46024
46050
46068
46070
46085
46086
46095
46098
46100
46102
46114
46121
46122
46132
46138
46143
46158
46163
46166
46168
46169
46171
46173
46185
46188
46189
46213
46216
46227
46234
46235
46245
46263
46273
46279
46280
46284
46291
46301
46304
46305
46317
46331
46335
46349
46351
46352
46353
46359
46367
46368
46374
46377
46384
46396
46399
46400
46405
46430
46431
46459
46481
46513
46514
46519
46525
46526
46542
46547
46555
46557
46561
46571
46578
46579
46580
46585
46591
46596
46598
46599
46607
46612
46624
46625
46633
46635
46636
46638
46652
46656
46666
46693
46699
46712
46727
46733
46746
46765
46766
46771
46777
46795
46804
46810
46811
46813
46835
46837
46843
46867
46869
46884
46887
46892
46897
46898
46903
46908
46913
46917
46925
46934
46941
46956
46962
46996
47008
47014
47030
47032
47036
47041
47069
47075
47081
47100
47108
47116
47119
47126
47141
47156
47169
47170
47171
47198
47204
47214
47229
47233
47235
47259
47268
47286
47303
47318
47330
47349
47352
47355
47360
47362
47367
47377
47379
47381
47401
47404
47406
47407
47409
47426
47427
47428
47429
47437
47438
47444
47470
47478
47482
47484
47488
47501
47523
47527
47531
47557
47558
47561
47563
47571
47588
47595
47596
47603
47604
47607
47611
47612
47620
47622
47635
47658
47661
47662
47690
47692
47705
47707
47708
47711
47719
47720
47722
47731
47734
47742
47762
47764
47765
47775
47781
47783
47787
47792
47801
47805
47814
47830
47832
47836
47841
47842
47848
47851
47868
47870
47871
47876
47885
47897
47902
47905
47916
47917
47930
47935
47941
47942
47951
47959
47987
47992
48000
48002
48006
48017
48019
48020
48027
48032
48035
48046
48047
48052
48057
48070
48089
48094
48099
48103
48107
48110
48117
48121
48128
48136
48137
48141
48149
48157
48163
48165
48166
48187
48191
48192
48207
48209
48227
48229
48230
48249
48260
48262
48264
48270
48271
48289
48291
48295
48297
48314
48315
48320
48321
48327
48331
48341
48344
48357
48359
48363
48366
48367
48381
48384
48386
48387
48399
48402
48403
48413
48417
48439
48444
48446
48452
48453
48455
48456
48457
48459
48469
48470
48472
48477
48485
48497
48501
48515
48516
48531
48539
48540
48542
48552
48557
48559
48576
48578
48586
48611
48620
48623
48624
48628
48632
48637
48643
48654
48657
48666
48680
48682
48683
48685
48690
48696
48712
48713
48715
48724
48736
48738
48744
48746
48749
48750
48757
48771
48776
48779
48790
48795
48798
48802
48804
48806
48811
48831
48841
48846
48850
48853
48857
48866
48873
48874
48878
48890
48895
48897
48906
48914
48928
48947
48948
48970
48973
48981
48993
48995
48997
49002
49003
49018
49022
49026
49035
49063
49071
49076
49098
49111
49114
49116
49119
49147
49150
49153
49174
49184
49189
49192
49196
49197
49204
49209
49234
49239
49241
49253
49254
49256
49266
49272
49277
49282
49290
49291
49293
49307
49308
49315
49323
49327
49328
49331
49338
49344
49355
49359
49360
49367
49368
49386
49388
49392
49399
49405
49427
49428
49429
49442
49443
49445
49447
49449
49453
49455
49468
49470
49475
49478
49492
49502
49509
49519
49526
49527
49540
49543
49550
49556
49564
49576
49578
49579
49583
49584
49586
49587
49588
49602
49617
49626
49635
49637
49653
49655
49656
49662
49665
49667
49672
49674
49675
49679
49698
49704
49719
49728
49729
49735
49736
49748
49752
49764
49782
49804
49810
49811
49813
49819
49823
49826
49838
49849
49864
49872
49879
49891
49892
49895
49897
49906
49908
49913
49936
49937
49940
49946
49950
49954
49958
49972
49989
50018
50025
50030
50050
50052
50056
50064
50070
50081
50091
50097
50110
50140
50157
50164
50168
50169
50191
50208
50224
50228
50231
50234
50238
50242
50249
50252
50258
50263
50267
50269
50285
50289
50319
50344
50346
50353
50355
50357
50358
50371
50377
50396
50406
50416
50419
50439
50448
50461
50503
50505
50509
50530
50531
50539
50559
50560
50561
50573
50586
50587
50595
50604
50623
50630
50646
50655
50663
50671
50677
50678
50682
50690
50694
50699
50702
50704
50716
50719
50720
50726
50737
50739
50744
50745
50746
50751
50755
50764
50779
50792
50803
50806
50815
50822
50827
50828
50830
50844
50847
50855
50857
50859
50885
50895
50934
50938
50939
50942
50951
50956
50957
50958
50962
50965
50978
50986
50987
50994
50995
51000
51042
51045
51046
51049
51050
51056
51058
51068
51070
51073
51076
51090
51092
51102
51108
51109
51122
51129
51133
51138
51140
51147
51157
51161
51164
51169
51172
51175
51189
51199
51207
51210
51214
51224
51229
51245
51260
51261
51268
51280
51284
51294
51296
51298
51305
51315
51324
51326
51328
51333
51339
51342
51344
51379
51393
51394
51395
51401
51412
51418
51423
51426
51429
51440
51450
51451
51453
51458
51475
51482
51486
51493
51523
51534
51535
51537
51558
51567
51583
51595
51597
51600
51606
51624
51627
51632
51634
51638
51640
51645
51652
51656
51659
51661
51663
51666
51668
51687
51701
51721
51732
51737
51742
51743
51747
51749
51757
51758
51765
51768
51771
51774
51780
51783
51785
51809
51830
51834
51840
51843
51846
51852
51858
51866
51875
51884
51907
51914
51926
51936
51939
51942
51947
51954
51958
51964
51996
51998
52001
52015
52026
52029
52037
52038
52043
52058
52063
52067
52068
52075
52080
52095
52114
52116
52126
52132
52158
52160
52165
52175
52179
52186
52191
52197
52203
52206
52244
52253
52256
52258
52262
52265
52271
52272
52279
52295
52301
52316
52321
52322
52323
52324
52328
52332
52333
52337
52338
52345
52356
52379
52380
52403
52404
52406
52407
52411
52418
52421
52435
52457
52465
52474
52476
52482
52489
52511
52516
52521
52526
52529
52538
52558
52579
52583
52608
52612
52617
52619
52637
52642
52650
52652
52654
52662
52667
52672
52676
52682
52683
52689
52693
52694
52713
52717
52727
52734
52737
52740
52748
52749
52754
52759
52762
52770
52774
52775
52778
52779
52782
52792
52794
52802
52819
52829
52834
52842
52845
52864
52873
52874
52881
52892
52893
52911
52912
52919
52941
52943
52951
52958
52961
52963
52964
52966
52967
52970
52973
52986
52993
52998
53001
53009
53013
53014
53028
53048
53051
53056
53057
53059
53063
53087
53089
53102
53103
53106
53114
53146
53147
53159
53163
53176
53186
53187
53209
53214
53219
53220
53258
53263
53272
53275
53290
53292
53308
53309
53310
53316
53321
53323
53332
53335
53337
53339
53348
53353
53357
53360
53371
53379
53381
53384
53387
53413
53427
53430
53433
53434
53447
53448
53453
53467
53468
53475
53476
53477
53478
53481
53493
53516
53517
53539
53556
53561
53564
53584
53590
53594
53596
53599
53619
53626
53631
53633
53638
53643
53645
53646
53658
53667
53678
53680
53681
53692
53693
53695
53707
53708
53710
53719
53722
53724
53732
53740
53741
53747
53762
53763
53772
53773
53774
53781
53782
53793
53797
53799
53812
53819
53821
53828
53831
53846
53847
53848
53851
53857
53879
53884
53887
53888
53892
53918
53920
53938
53942
53951
53956
53966
53970
53975
53977
53979
53983
53998
54002
54014
54015
54018
54019
54029
54033
54037
54046
54051
54052
54069
54097
54101
54108
54115
54121
54143
54154
54167
54180
54194
54206
54208
54209
54217
54222
54223
54228
54235
54237
54239
54240
54242
54244
54254
54256
54264
54268
54277
54280
54284
54292
54295
54298
54307
54317
54326
54330
54334
54349
54362
54375
54377
54408
54409
54415
54417
54440
54462
54470
54474
54475
54476
54484
54496
54498
54506
54507
54509
54520
54521
54532
54544
54546
54551
54563
54570
54573
54583
54594
54604
54613
54619
54625
54629
54635
54643
54663
54668
54671
54679
54685
54708
54710
54715
54718
54731
54736
54739
54744
54747
54757
54776
54779
54780
54798
54812
54842
54849
54852
54860
54870
54871
54877
54882
54886
54887
54908
54917
54919
54922
54932
54936
54944
54945
54953
54957
54969
54972
54975
54983
54989
54990
54999
55006
55014
55018
55020
55024
55053
55057
55060
55067
55068
55073
55074
55091
55100
55101
55103
55109
55144
55145
55151
55153
55161
55184
55186
55188
55207
55212
55220
55223
55230
55236
55237
55256
55257
55269
55278
55281
55292
55298
55300
55303
55325
55326
55334
55337
55344
55349
55364
55374
55381
55401
55405
55413
55414
55416
55419
55431
55436
55438
55474
55497
55501
55518
55521
55530
55532
55533
55541
55551
55554
55558
55565
55575
55581
55586
55594
55595
55604
55619
55633
55634
55639
55640
55648
55653
55662
55665
55671
55678
55685
55686
55692
55702
55722
55725
55735
55739
55745
55747
55750
55764
55782
55799
55809
55812
55818
55820
55821
55824
55838
55845
55850
55857
55860
55865
55883
55885
55888
55903
55910
55921
55931
55932
55935
55936
55959
55962
55964
55972
55974
55979
55985
55990
55998
56006
56008
56016
56025
56036
56041
56046
56047
56066
56068
56074
56075
56094
56104
56119
56128
56133
56135
56137
56141
56153
56155
56157
56165
56188
56189
56212
56214
56215
56216
56225
56238
56239
56241
56244
56249
56258
56268
56272
56288
56289
56301
56317
56325
56330
56332
56340
56344
56362
56364
56367
56382
56391
56393
56398
56402
56406
56425
56432
56456
56477
56481
56498
56500
56524
56525
56526
56527
56570
56582
56587
56590
56600
56625
56626
56634
56655
56659
56661
56662
56666
56685
56691
56712
56716
56719
56722
56734
56748
56755
56757
56764
56768
56780
56789
56791
56807
56824
56832
56840
56867
56876
56881
56885
56889
56919
56924
56930
56934
56956
56957
56958
56983
56984
56986
56988
56994
57018
57022
57029
57037
57041
57048
57052
57056
57057
57074
57084
57096
57104
57107
57112
57121
57131
57144
57149
57163
57164
57186
57189
57198
57199
57201
57233
57241
57242
57244
57247
57248
57251
57259
57266
57271
57274
57277
57278
57279
57283
57285
57288
57296
57297
57301
57319
57320
57326
57334
57346
57347
57348
57357
57369
57372
57378
57379
57381
57389
57406
57410
57413
57420
57421
57422
57424
57428
57436
57439
57444
57446
57454
57461
57469
57470
57475
57478
57479
57480
57486
57498
57500
57503
57510
57518
57530
57548
57553
57560
57567
57570
57573
57583
57588
57589
57598
57614
57621
57625
57635
57637
57638
57639
57650
57653
57658
57660
57673
57675
57680
57701
57703
57706
57736
57737
57738
57753
57755
57762
57772
57776
57793
57798
57819
57822
57825
57831
57842
57844
57846
57860
57861
57883
57886
57894
57898
57903
57911
57914
57920
57924
57925
57930
57941
57954
57955
57963
57980
57983
57990
57992
57993
58009
58013
58035
58039
58040
58041
58055
58074
58099
58100
58106
58107
58111
58115
58117
58119
58124
58127
58133
58140
58148
58150
58155
58156
58158
58165
58169
58171
58174
58175
58183
58185
58198
58208
58214
58216
58242
58249
58258
58262
58272
58282
58284
58301
58302
58313
58315
58320
58326
58330
58336
58338
58344
58351
58361
58364
58370
58372
58389
58390
58397
58405
58409
58423
58430
58454
58466
58475
58488
58494
58499
58508
58513
58514
58517
58524
58529
58531
58538
58547
58551
58562
58564
58565
58566
58581
58591
58594
58595
58597
58599
58603
58614
58620
58640
58648
58649
58650
58651
58658
58661
58662
58665
58669
58675
58697
58698
58700
58703
58708
58713
58726
58730
58738
58742
58751
58757
58765
58767
58773
58776
58777
58779
58780
58781
58790
58794
58798
58841
58850
58856
58877
58902
58912
58926
58939
58943
58953
58978
58984
58995
58998
59001
59006
59015
59024
59028
59053
59058
59068
59071
59081
59088
59090
59099
59111
59125
59128
59133
59142
59148
59153
59169
59177
59182
59184
59190
59200
59206
59214
59234
59237
59246
59249
59284
59291
59297
59298
59303
59306
59325
59330
59333
59336
59338
59351
59352
59354
59358
59379
59382
59385
59388
59393
59395
59400
59423
59424
59425
59434
59438
59448
59473
59478
59497
59502
59509
59512
59513
59523
59525
59528
59529
59571
59573
59575
59578
59590
59597
59606
59612
59614
59634
59646
59647
59658
59659
59663
59665
59674
59680
59685
59693
59699
59705
59708
59713
59725
59728
59738
59741
59744
59749
59751
59758
59765
59777
59787
59800
59803
59822
59831
59837
59839
59847
59859
59865
59867
59875
59905
59907
59913
59925
59948
59950
59960
59965
59973
59976
59977
59980
60005
60007
60009
60014
60027
60028
60037
60038
60044
60048
60072
60073
60074
60076
60079
60080
60084
60085
60086
60088
60095
60096
60109
60111
60115
60124
60128
60139
60140
60144
60153
60172
60177
60189
60201
60204
60205
60215
60216
60236
60251
60255
60259
60263
60267
60273
60290
60292
60325
60330
60334
60340
60351
60357
60358
60374
60381
60383
60399
60409
60413
60421
60422
60437
60439
60448
60451
60455
60459
60469
60471
60477
60478
60481
60488
60498
60499
60504
60505
60508
60515
60520
60523
60534
60538
60554
60568
60570
60576
60586
60597
60608
60614
60632
60634
60635
60663
60670
60671
60689
60697
60710
60724
60748
60750
60751
60752
60770
60775
60783
60784
60785
60813
60815
60816
60848
60851
60859
60861
60872
60878
60891
60922
60939
60940
60944
60947
60948
60956
60976
60977
60988
60989
61025
61043
61046
61055
61067
61075
61076
61095
61096
61104
61117
61125
61128
61141
61150
61157
61159
61160
61168
61173
61182
61185
61192
61202
61208
61209
61210
61211
61212
61213
61225
61233
61239
61244
61245
61269
61270
61284
61287
61289
61298
61302
61306
61308
61323
61325
61326
61336
61337
61341
61342
61343
61358
61362
61370
61382
61388
61396
61398
61399
61401
61403
61406
61422
61434
61436
61437
61442
61450
61452
61458
61464
61469
61475
61478
61497
61502
61514
61521
61538
61547
61557
61560
61573
61576
61584
61588
61594
61606
61615
61620
61623
61627
61632
61649
61651
61654
61659
61661
61671
61672
61686
61689
61692
61694
61697
61706
61707
61711
61714
61719
61728
61729
61745
61764
61765
61793
61822
61823
61826
61834
61839
61857
61875
61880
61881
61887
61888
61889
61894
61895
61898
61902
61910
61931
61937
61945
61951
61952
61955
61961
61963
61966
61973
61974
61982
61999
62007
62009
62013
62016
62034
62039
62054
62062
62063
62064
62072
62090
62097
62111
62116
62117
62121
62122
62135
62138
62139
62140
62144
62156
62165
62166
62171
62175
62176
62187
62203
62208
62219
62224
62236
62246
62250
62267
62276
62282
62285
62287
62302
62304
62305
62307
62316
62320
62345
62349
62354
62355
62356
62364
62372
62373
62381
62382
62398
62399
62411
62415
62419
62431
62435
62441
62463
62467
62484
62487
62496
62511
62512
62516
62517
62524
62558
62562
62563
62571
62574
62577
62578
62590
62592
62594
62600
62605
62609
62625
62628
62633
62634
62648
62659
62673
62676
62679
62680
62688
62708
62712
62715
62737
62749
62759
62770
62787
62803
62808
62819
62854
62884
62899
62901
62902
62911
62921
62924
62931
62933
62935
62943
62950
62956
62957
62958
62970
62975
62979
62985
62998
63006
63009
63022
63026
63046
63048
63054
63059
63081
63098
63122
63127
63137
63139
63143
63157
63160
63162
63172
63178
63189
63190
63219
63223
63235
63243
63254
63266
63279
63281
63283
63293
63295
63303
63337
63354
63355
63360
63381
63383
63403
63430
63431
63444
63449
63457
63458
63460
63462
63484
63485
63486
63498
63501
63505
63513
63519
63526
63530
63537
63542
63546
63553
63555
63564
63581
63586
63587
63602
63606
63625
63639
63643
63655
63676
63691
63711
63713
63716
63732
63736
63743
63747
63750
63752
63754
63762
63770
63772
63773
63779
63798
63802
63805
63815
63816
63822
63828
63852
63853
63866
63867
63881
63893
63894
63898
63900
63904
63911
63916
63931
63934
63941
63953
63956
63964
63966
63977
63978
63979
63986
63994
64007
64026
64028
64033
64035
64051
64052
64064
64067
64082
64083
64084
64098
64106
64112
64114
64120
64128
64145
64146
64151
64155
64159
64165
64185
64188
64190
64200
64203
64216
64218
64222
64232
64236
64247
64259
64260
64263
64265
64274
64276
64277
64289
64295
64305
64308
64309
64310
64315
64319
64326
64333
64337
64341
64343
64345
64348
64349
64355
64364
64382
64387
64401
64408
64411
64412
64418
64431
64434
64438
64443
64444
64455
64457
64458
64459
64465
64477
64492
64501
64510
64528
64546
64553
64556
64580
64586
64595
64604
64610
64618
64630
64663
64673
64691
64697
64705
64717
64722
64724
64725
64726
64728
64730
64734
64738
64739
64740
64749
64754
64771
64780
64788
64789
64797
64813
64815
64824
64827
64846
64849
64850
64852
64853
64855
64856
64880
64887
64897
64906
64909
64910
64912
64915
64927
64929
64937
64943
64963
64973
64978
64980
64996
64999
65002
65015
65016
65017
65019
65030
65036
65040
65049
65078
65081
65091
65092
65099
65116
65118
65138
65142
65143
65144
65147
65172
65180
65185
65208
65214
65221
65225
65227
65232
65249
65253
65259
65274
65275
65287
65292
65297
65304
65320
65337
65349
65351
65360
65361
65373
65374
65379
65381
65392
65402
65406
65409
65410
65419
65428
65430
65442
65443
65445
65460
65463
65464
65470
65473
65477
65483
65484
65490
65498
65502
65506
65509
65510
65519
65528
65541
65545
65562
65582
65585
65607
65613
65614
65617
65618
65629
65638
65647
65655
65658
65659
65667
65675
65677
65680
65687
65690
65692
65698
65700
65701
65703
65711
65719
65721
65723
65736
65740
65747
65751
65754
65757
65758
65761
65764
65775
65779
65787
65793
65799
65810
65829
65840
65842
65850
65859
65872
65877
65892
65893
65896
65910
65914
65919
65922
65935
65942
65944
65955
65969
65971
65973
65996
65997
66000
66008
66012
66019
66030
66034
66036
66040
66058
66064
66066
66067
66071
66129
66130
66131
66132
66133
66136
66140
66151
66152
66163
66168
66171
66182
66190
66197
66207
66212
66214
66215
66218
66229
66230
66233
66263
66267
66268
66279
66284
66288
66290
66311
66317
66321
66326
66337
66352
66359
66360
66362
66366
66377
66380
66387
66388
66394
66409
66418
66425
66433
66461
66468
66469
66470
66479
66480
66481
66493
66500
66505
66512
66513
66543
66544
66545
66553
66559
66564
66581
66600
66601
66617
66619
66621
66624
66626
66627
66634
66636
66642
66645
66646
66650
66660
66678
66680
66685
66712
66728
66733
66734
66753
66758
66762
66767
66771
66781
66789
66792
66796
66804
66808
66812
66815
66820
66825
66832
66833
66839
66847
66852
66861
66870
66871
66875
66877
66881
66901
66918
66921
66926
66935
66938
66943
66954
66958
66965
66983
66986
66995
66999
67000
67002
67004
67023
67024
67030
67031
67043
67047
67050
67059
67065
67070
67074
67076
67077
67078
67083
67107
67127
67130
67138
67142
67146
67152
67153
67160
67165
67171
67179
67185
67202
67208
67216
67221
67227
67248
67255
67258
67259
67266
67270
67279
67307
67311
67315
67321
67343
67346
67352
67362
67364
67376
67388
67393
67394
67395
67399
67402
67416
67417
67431
67439
67443
67448
67452
67453
67454
67462
67479
67489
67503
67505
67508
67512
67540
67542
67584
67592
67602
67606
67610
67625
67642
67643
67652
67655
67664
67678
67686
67699
67729
67739
67751
67755
67756
67758
67773
67775
67777
67778
67787
67800
67802
67805
67810
67813
67815
67850
67867
67868
67870
67880
67909
67914
67918
67927
67933
67935
67957
67959
67963
67968
67977
67978
67987
67988
67993
67996
68001
68003
68005
68006
68008
68011
68016
68021
68050
68054
68066
68074
68095
68099
68107
68109
68122
68128
68129
68137
68139
68145
68162
68169
68177
68185
68195
68199
68211
68222
68225
68249
68257
68259
68266
68267
68275
68279
68281
68289
68291
68302
68305
68312
68317
68323
68325
68339
68340
68346
68353
68362
68368
68374
68376
68381
68384
68390
68393
68400
68414
68418
68429
68432
68437
68442
68450
68451
68464
68475
68480
68500
68501
68515
68528
68541
68553
68555
68571
68580
68583
68592
68602
68613
68615
68617
68619
68622
68629
68630
68675
68679
68686
68697
68698
68701
68704
68708
68716
68719
68724
68728
68731
68735
68736
68748
68754
68760
68766
68783
68784
68793
68795
68797
68812
68823
68826
68831
68836
68842
68844
68853
68857
68871
68875
68881
68885
68912
68924
68933
68949
68956
68969
68973
68978
68983
68991
69003
69004
69012
69015
69019
69031
69032
69037
69039
69043
69044
69054
69055
69064
69072
69074
69080
69090
69093
69100
69101
69109
69114
69130
69135
69137
69142
69147
69148
69153
69156
69157
69158
69166
69171
69173
69175
69183
69184
69185
69216
69222
69226
69236
69240
69251
69252
69255
69257
69264
69265
69267
69276
69325
69332
69343
69353
69366
69382
69398
69411
69421
69429
69431
69433
69446
69451
69452
69469
69481
69497
69505
69509
69511
69513
69516
69539
69541
69547
69560
69564
69571
69574
69588
69594
69600
69619
69622
69625
69635
69649
69651
69653
69656
69667
69668
69669
69671
69683
69686
69691
69693
69702
69703
69705
69711
69714
69730
69755
69785
69790
69796
69802
69805
69816
69819
69831
69835
69863
69865
69866
69867
69882
69892
69896
69902
69920
69929
69942
69943
69947
69952
69971
69977
69988
69995
69998
70016
70019
70038
70044
70048
70060
70063
70064
70067
70079
70094
70099
70102
70104
70113
70115
70130
70132
70143
70150
70164
70168
70175
70177
70186
70188
70198
70199
70203
70205
70214
70216
70243
70245
70247
70260
70266
70272
70275
70281
70282
70283
70288
70295
70296
70299
70300
70301
70307
70318
70320
70332
70351
70352
70360
70363
70370
70372
70374
70380
70382
70386
70391
70413
70420
70431
70437
70440
70444
70450
70475
70476
70489
70502
70512
70519
70525
70544
70549
70551
70554
70560
70592
70595
70601
70615
70626
70639
70640
70641
70651
70654
70665
70671
70675
70680
70685
70693
70704
70708
70709
70711
70723
70725
70730
70731
70732
70733
70735
70758
70763
70766
70772
70778
70780
70789
70803
70809
70822
70824
70827
70840
70845
70852
70854
70855
70859
70865
70868
70877
70896
70900
70902
70905
70907
70913
70917
70937
70946
70950
70952
70960
70966
70981
70987
70991
70998
71005
71006
71011
71013
71022
71047
71056
71059
71067
71069
71075
71083
71092
71093
71095
71102
71103
71105
71120
71124
71135
71156
71159
71167
71168
71178
71180
71193
71195
71203
71213
71214
71230
71234
71237
71240
71243
71250
71253
71254
71260
71264
71265
71267
71271
71275
71283
71299
71309
71311
71314
71325
71327
71340
71357
71369
71384
71385
71388
71392
71395
71401
71412
71417
71421
71423
71424
71425
71431
71440
71442
71451
71455
71471
71472
71476
71477
71493
71494
71507
71508
71511
71548
71554
71559
71561
71573
71577
71595
71598
71600
71603
71616
71620
71624
71627
71629
71637
71639
71643
71651
71665
71668
71669
71672
71675
71679
71680
71698
71701
71721
71736
71749
71758
71762
71764
71767
71769
71773
71774
71778
71781
71795
71821
71838
71844
71852
71856
71871
71880
71885
71889
71895
71899
71907
71909
71918
71923
71933
71947
71955
71956
71959
71962
71968
71975
71978
71982
71984
71985
71999
72004
72012
72016
72020
72025
72031
72035
72051
72054
72066
72091
72120
72126
72127
72148
72160
72161
72183
72198
72209
72213
72229
72232
72236
72237
72241
72252
72259
72261
72262
72281
72299
72301
72304
72308
72314
72315
72317
72325
72341
72344
72362
72371
72377
72394
72402
72409
72410
72417
72422
72424
72440
72449
72454
72463
72474
72477
72478
72482
72485
72489
72495
72509
72512
72520
72524
72527
72543
72544
72558
72560
72563
72576
72583
72600
72610
72614
72631
72632
72651
72652
72653
72658
72682
72686
72688
72691
72693
72694
72702
72705
72712
72714
72716
72720
72728
72736
72740
72743
72750
72751
72755
72762
72765
72768
72785
72788
72790
72791
72792
72793
72797
72798
72813
72822
72823
72827
72857
72861
72864
72875
72878
72883
72890
72896
72916
72922
72924
72931
72950
72952
72954
72977
72980
72984
72986
72990
72993
72995
73007
73015
73023
73025
73041
73043
73060
73087
73104
73106
73122
73131
73134
73150
73154
73164
73182
73191
73196
73198
73199
73212
73213
73231
73244
73247
73253
73255
73264
73266
73268
73276
73288
73297
73301
73302
73307
73310
73314
73328
73335
73345
73358
73366
73368
73382
73388
73406
73420
73426
73434
73440
73457
73470
73478
73490
73496
73498
73506
73509
73534
73544
73558
73565
73566
73568
73584
73590
73594
73606
73618
73619
73621
73623
73624
73632
73638
73658
73660
73661
73670
73687
73696
73704
73706
73710
73716
73717
73720
73722
73723
73729
73731
73740
73743
73750
73761
73763
73773
73786
73790
73797
73801
73805
73834
73853
73862
73865
73868
73873
73876
73880
73884
73904
73918
73921
73926
73927
73930
73949
73956
73970
73974
73999
74000
74017
74020
74026
74032
74047
74056
74064
74068
74072
74076
74090
74094
74099
74115
74116
74118
74155
74156
74166
74172
74181
74182
74196
74197
74200
74206
74207
74211
74215
74229
74242
74255
74259
74262
74274
74275
74276
74277
74285
74287
74291
74294
74298
74304
74306
74314
74318
74329
74343
74351
74368
74384
74393
74418
74422
74437
74443
74445
74447
74459
74462
74468
74475
74485
74500
74505
74530
74541
74550
74552
74555
74558
74572
74582
74590
74596
74598
74599
74607
74608
74629
74637
74638
74650
74652
74662
74665
74676
74688
74689
74705
74709
74718
74720
74728
74739
74752
74763
74776
74782
74787
74790
74828
74838
74856
74857
74860
74870
74876
74879
74918
74927
74933
74942
74944
74969
74976
74988
74999
75008
75009
75024
75035
75040
75046
75047
75048
75055
75060
75062
75064
75086
75088
75089
75091
75092
75094
75113
75117
75124
75137
75155
75159
75163
75166
75180
75182
75191
75196
75200
75209
75210
75215
75219
75220
75229
75244
75248
75261
75272
75286
75288
75290
75291
75295
75300
75311
75325
75327
75331
75345
75360
75362
75371
75372
75386
75387
75391
75393
75394
75401
75422
75424
75425
75432
75434
75436
75440
75447
75448
75458
75466
75467
75468
75477
75478
75491
75494
75515
75518
75534
75535
75538
75539
75541
75551
75555
75565
75595
75600
75621
75641
75646
75673
75675
75687
75692
75695
75706
75709
75711
75719
75729
75732
75742
75744
75751
75752
75760
75766
75782
75792
75797
75801
75809
75821
75838
75845
75846
75868
75873
75880
75882
75893
75897
75899
75904
75906
75907
75920
75929
75935
75948
75958
75969
75971
75978
75986
76014
76015
76025
76033
76060
76062
76067
76080
76081
76082
76099
76112
76113
76119
76150
76156
76163
76173
76179
76181
76186
76192
76193
76194
76201
76202
76232
76237
76250
76260
76265
76274
76275
76286
76289
76303
76304
76308
76322
76326
76336
76340
76359
76377
76382
76383
76386
76392
76403
76415
76420
76421
76422
76429
76454
76459
76469
76479
76488
76490
76494
76507
76513
76520
76521
76550
76555
76561
76565
76567
76590
76594
76613
76618
76629
76633
76634
76638
76643
76651
76652
76656
76658
76667
76674
76676
76677
76680
76682
76699
76700
76710
76720
76728
76752
76755
76762
76778
76779
76780
76795
76801
76803
76811
76824
76830
76843
76845
76846
76856
76859
76863
76868
76891
76899
76921
76928
76933
76949
76951
76961
76966
76973
76980
76984
76992
76993
76999
77001
77016
77028
77033
77036
77041
77044
77057
77063
77071
77082
77085
77098
77107
77124
77126
77130
77135
77140
77143
77153
77154
77160
77168
77175
77178
77197
77207
77218
77219
77227
77231
77232
77234
77236
77241
77265
77271
77273
77277
77280
77282
77316
77336
77338
77363
77371
77392
77410
77414
77415
77417
77426
77434
77436
77437
77442
77455
77460
77472
77483
77489
77498
77508
77516
77522
77531
77535
77549
77555
77557
77580
77582
77587
77588
77591
77602
77605
77615
77620
77621
77636
77645
77662
77672
77678
77685
77697
77709
77731
77732
77735
77749
77764
77778
77780
77781
77787
77790
77793
77796
77801
77809
77844
77845
77861
77866
77874
77879
77886
77902
77903
77904
77914
77922
77938
77958
77979
77986
77987
77997
78004
78005
78014
78015
78018
78025
78039
78040
78072
78073
78074
78077
78080
78081
78084
78088
78091
78092
78099
78117
78120
78121
78125
78126
78150
78167
78169
78173
78175
78178
78199
78213
78214
78215
78217
78231
78235
78239
78249
78251
78261
78277
78284
78298
78306
78315
78347
78349
78353
78357
78375
78394
78423
78438
78442
78456
78475
78481
78490
78497
78523
78525
78535
78540
78551
78552
78558
78561
78567
78574
78585
78598
78607
78632
78633
78634
78638
78646
78670
78691
78703
78705
78714
78719
78720
78723
78729
78733
78735
78736
78742
78753
78756
78762
78783
78808
78816
78834
78847
78854
78856
78859
78862
78879
78880
78886
78889
78898
78906
78907
78910
78911
78923
78925
78938
78942
78956
78968
78972
78982
78984
78996
78997
79008
79020
79021
79030
79035
79048
79052
79065
79073
79082
79096
79102
79110
79114
79125
79140
79143
79171
79184
79186
79211
79222
79235
79244
79246
79248
79252
79257
79258
79259
79260
79272
79297
79301
79303
79320
79323
79330
79334
79335
79336
79338
79349
79364
79366
79375
79390
79392
79402
79411
79415
79416
79429
79436
79438
79439
79464
79466
79471
79478
79481
79488
79500
79501
79519
79525
79536
79543
79546
79550
79554
79559
79563
79571
79575
79597
79605
79617
79623
79637
79641
79645
79655
79665
79669
79677
79688
79693
79705
79720
79725
79731
79758
79776
79777
79780
79782
79786
79798
79800
79809
79815
79816
79827
79840
79847
79848
79850
79860
79866
79868
79875
79882
79883
79896
79910
79928
79930
79931
79949
79952
79965
79967
79969
79971
79986
79992
79999
80001
80006
80007
80010
80011
80018
80020
80035
80046
80049
80052
80056
80061
80063
80068
80089
80094
80098
80105
80106
80111
80113
80130
80145
80147
80165
80173
80185
80191
80193
80199
80210
80223
80225
80229
80242
80243
80248
80267
80272
80286
80287
80300
80302
80310
80316
80320
80322
80323
80335
80353
80357
80359
80371
80377
80388
80392
80416
80422
80426
80427
80431
80432
80434
80436
80442
80443
80460
80469
80490
80509
80513
80515
80524
80527
80530
80536
80545
80571
80593
80607
80611
80613
80626
80629
80630
80643
80644
80657
80662
80673
80693
80698
80702
80711
80713
80740
80741
80743
80751
80754
80780
80794
80795
80796
80803
80805
80814
80838
80839
80861
80862
80866
80872
80883
80885
80886
80903
80904
80912
80920
80924
80926
80927
80949
80952
80957
80961
80967
80968
80971
80977
80978
80983
80991
81006
81019
81022
81023
81045
81049
81052
81053
81064
81068
81071
81085
81089
81090
81097
81103
81119
81124
81125
81131
81139
81140
81141
81150
81157
81164
81167
81168
81173
81179
81181
81200
81212
81214
81220
81223
81225
81239
81247
81252
81254
81255
81267
81270
81281
81282
81302
81310
81314
81328
81331
81346
81358
81359
81364
81366
81368
81371
81380
81388
81392
81397
81413
81441
81444
81446
81457
81466
81467
81475
81477
81487
81491
81498
81499
81512
81514
81520
81521
81536
81544
81553
81573
81588
81602
81616
81620
81622
81633
81641
81657
81659
81672
81683
81684
81686
81708
81712
81714
81719
81722
81723
81725
81775
81785
81808
81822
81823
81825
81831
81843
81844
81847
81849
81859
81860
81865
81869
81884
81894
81896
81901
81912
81920
81928
81930
81932
81938
81939
81943
81944
81946
81947
81958
81961
81968
81977
81979
81980
81990
81992
81994
81996
82000
82002
82008
82011
82012
82034
82051
82054
82059
82061
82063
82081
82082
82095
82099
82104
82108
82113
82120
82128
82135
82143
82149
82159
82163
82164
82166
82177
82180
82183
82184
82194
82196
82205
82208
82210
82211
82218
82219
82226
82241
82243
82244
82263
82273
82274
82275
82294
82308
82316
82328
82330
82344
82349
82352
82367
82389
82395
82397
82407
82411
82424
82429
82438
82439
82450
82453
82468
82471
82474
82478
82479
82485
82491
82495
82509
82511
82517
82519
82539
82543
82547
82550
82561
82569
82596
82599
82602
82606
82607
82608
82614
82622
82629
82636
82638
82641
82643
82652
82654
82679
82692
82705
82720
82725
82728
82734
82739
82740
82754
82757
82773
82782
82785
82788
82811
82816
82819
82828
82834
82841
82843
82844
82847
82849
82857
82858
82860
82865
82877
82881
82887
82893
82898
82901
82904
82919
82925
82935
82941
82947
82954
82961
82967
82978
82988
82999
83012
83017
83021
83029
83031
83045
83047
83064
83071
83089
83096
83097
83098
83102
83110
83111
83112
83122
83127
83130
83135
83151
83155
83162
83165
83176
83179
83180
83196
83197
83207
83211
83220
83223
83231
83235
83236
83239
83241
83270
83271
83287
83288
83292
83294
83295
83296
83314
83316
83325
83331
83345
83346
83349
83350
83364
83370
83373
83377
83388
83389
83394
83396
83401
83402
83407
83412
83414
83417
83431
83438
83449
83453
83458
83463
83464
83466
83467
83469
83470
83473
83480
83501
83511
83512
83514
83515
83525
83534
83535
83547
83559
83562
83570
83572
83581
83582
83592
83595
83601
83604
83607
83608
83609
83614
83617
83618
83622
83628
83639
83642
83654
83657
83658
83673
83688
83690
83703
83708
83709
83715
83726
83730
83731
83734
83740
83767
83772
83775
83778
83794
83796
83801
83824
83827
83828
83831
83844
83847
83860
83861
83866
83872
83876
83881
83886
83894
83899
83903
83906
83918
83923
83931
83932
83937
83949
83970
83986
83987
83989
83993
84001
84015
84021
84027
84030
84039
84044
84047
84057
84076
84078
84090
84097
84101
84108
84110
84136
84144
84149
84156
84182
84183
84191
84192
84203
84220
84229
84237
84239
84240
84243
84256
84257
84269
84280
84282
84284
84297
84305
84315
84336
84341
84342
84356
84363
84367
84380
84391
84394
84399
84404
84406
84410
84413
84463
84467
84479
84484
84492
84500
84507
84522
84525
84542
84552
84553
84554
84561
84573
84575
84576
84577
84581
84583
84587
84588
84589
84591
84592
84596
84599
84609
84630
84633
84641
84645
84655
84661
84664
84665
84674
84676
84678
84699
84722
84744
84746
84759
84769
84779
84782
84785
84799
84823
84824
84827
84828
84830
84835
84839
84840
84849
84861
84869
84871
84876
84877
84882
84897
84908
84922
84933
84935
84945
84946
84950
84955
84965
84966
84967
84974
84989
84991
85007
85030
85073
85088
85091
85112
85115
85122
85126
85131
85139
85141
85147
85168
85194
85199
85201
85205
85215
85219
85220
85221
85225
85227
85236
85252
85253
85260
85263
85273
85276
85284
85292
85306
85312
85318
85331
85333
85337
85350
85354
85365
85378
85381
85382
85387
85389
85398
85405
85412
85414
85439
85466
85476
85478
85490
85491
85503
85510
85514
85519
85520
85523
85524
85526
85543
85547
85548
85552
85562
85566
85570
85576
85580
85595
85621
85625
85627
85638
85642
85646
85649
85668
85682
85688
85693
85705
85711
85715
85716
85720
85723
85732
85746
85755
85765
85773
85776
85789
85791
85793
85798
85799
85800
85809
85813
85818
85822
85825
85832
85837
85841
85848
85861
85877
85907
85914
85924
85930
85937
85957
85960
85984
85985
85987
85992
85998
86004
86010
86020
86063
86073
86102
86110
86114
86117
86122
86124
86128
86146
86180
86181
86187
86203
86205
86215
86216
86218
86246
86253
86265
86267
86283
86284
86287
86288
86290
86295
86297
86305
86306
86317
86324
86325
86329
86330
86343
86376
86409
86420
86421
86424
86428
86435
86451
86456
86463
86468
86484
86489
86493
86499
86511
86528
86533
86534
86539
86557
86571
86580
86584
86589
86591
86599
86601
86612
86625
86628
86652
86654
86658
86663
86666
86672
86684
86701
86710
86721
86757
86760
86780
86782
86786
86788
86793
86796
86818
86820
86824
86826
86833
86834
86845
86857
86862
86875
86876
86881
86886
86892
86894
86903
86911
86922
86925
86936
86938
86939
86942
86948
86949
86951
86953
86954
86959
86975
86976
86989
86991
86992
86995
87010
87021
87034
87041
87042
87049
87050
87066
87078
87083
87087
87089
87106
87119
87125
87135
87147
87153
87165
87167
87181
87187
87189
87190
87208
87222
87249
87264
87266
87277
87295
87296
87304
87307
87312
87322
87340
87346
87361
87362
87377
87383
87385
87390
87391
87394
87396
87398
87412
87414
87415
87420
87432
87442
87455
87460
87463
87467
87474
87483
87493
87495
87519
87521
87523
87524
87532
87543
87552
87554
87555
87556
87583
87584
87588
87593
87594
87601
87603
87613
87618
87619
87631
87645
87647
87662
87675
87681
87682
87688
87698
87699
87705
87708
87711
87715
87721
87724
87727
87732
87741
87758
87773
87782
87783
87784
87792
87818
87819
87821
87831
87832
87836
87843
87853
87858
87869
87875
87878
87894
87900
87903
87905
87922
87925
87937
87938
87944
87950
87960
87973
87974
87979
87985
87989
87993
87995
88004
88020
88021
88022
88028
88035
88039
88040
88045
88062
88065
88071
88088
88091
88103
88104
88105
88111
88124
88152
88153
88155
88157
88167
88171
88173
88179
88181
88182
88184
88191
88195
88209
88213
88219
88226
88231
88244
88247
88259
88260
88263
88265
88294
88298
88304
88312
88316
88326
88327
88334
88339
88359
88365
88380
88383
88397
88409
88452
88460
88466
88481
88485
88487
88506
88524
88547
88548
88561
88570
88574
88575
88583
88589
88601
88605
88607
88623
88629
88634
88636
88640
88642
88645
88649
88674
88675
88687
88704
88712
88725
88729
88779
88785
88791
88804
88811
88827
88851
88859
88860
88868
88872
88881
88883
88884
88887
88891
88903
88908
88918
88919
88928
88942
88948
88973
88974
88975
88976
88984
88985
88986
88992
89000
89002
89012
89017
89028
89033
89037
89048
89050
89051
89052
89055
89073
89074
89087
89093
89097
89104
89111
89113
89117
89123
89138
89141
89159
89164
89168
89178
89180
89190
89194
89198
89201
89205
89210
89214
89217
89220
89221
89225
89231
89240
89274
89279
89285
89291
89314
89325
89326
89327
89329
89334
89351
89356
89357
89360
89362
89364
89365
89366
89382
89387
89388
89402
89409
89410
89420
89424
89439
89454
89456
89471
89473
89474
89478
89488
89489
89492
89495
89503
89522
89524
89530
89536
89544
89551
89560
89561
89564
89571
89574
89581
89595
89598
89609
89623
89624
89629
89631
89633
89639
89647
89648
89649
89656
89657
89667
89673
89674
89675
89678
89680
89681
89690
89697
89702
89711
89719
89725
89726
89736
89751
89769
89777
89803
89839
89841
89864
89867
89869
89888
89895
89896
89907
89908
89918
89922
89929
89943
89944
89955
89965
89968
89983
89986
90000
90004
90007
90012
90019
90049
90052
90059
90066
90070
90081
90084
90088
90091
90092
90093
90096
90108
90111
90126
90127
90137
90168
90172
90179
90191
90192
90199
90214
90218
90223
90233
90234
90239
90259
90262
90275
90279
90291
90301
90322
90328
90339
90344
90347
90352
90379
90382
90393
90396
90400
90407
90415
90419
90420
90421
90426
90427
90433
90434
90438
90446
90450
90452
90472
90481
90497
90501
90504
90505
90528
90532
90537
90545
90546
90554
90567
90569
90571
90576
90591
90594
90596
90610
90611
90620
90629
90631
90632
90635
90641
90643
90645
90647
90651
90652
90661
90664
90666
90670
90671
90680
90684
90694
90697
90701
90709
90723
90730
90736
90743
90754
90766
90769
90773
90774
90790
90809
90818
90835
90839
90844
90848
90858
90859
90876
90894
90912
90922
90928
90929
90933
90937
90940
90941
90946
90956
90960
90977
90983
90984
90989
90991
90992
90993
90995
90996
90998
91003
91011
91013
91030
91042
91045
91053
91067
91072
91077
91079
91089
91092
91093
91097
91109
91112
91127
91128
91133
91135
91144
91147
91151
91165
91170
91186
91192
91195
91196
91210
91213
91218
91226
91231
91236
91239
91243
91259
91268
91278
91281
91285
91288
91291
91299
91311
91315
91321
91323
91326
91333
91334
91337
91341
91354
91371
91384
91397
91408
91427
91435
91449
91454
91477
91479
91491
91496
91513
91515
91529
91540
91542
91577
91578
91582
91585
91591
91599
91600
91611
91623
91629
91633
91635
91637
91645
91653
91702
91705
91707
91715
91717
91731
91742
91754
91758
91759
91767
91768
91783
91787
91788
91791
91802
91805
91811
91821
91822
91828
91869
91874
91877
91878
91886
91896
91898
91903
91906
91907
91909
91918
91921
91942
91950
91957
91966
91988
91990
92003
92012
92015
92020
92023
92038
92042
92050
92055
92065
92066
92068
92095
92098
92106
92107
92113
92115
92129
92142
92146
92165
92167
92171
92175
92176
92183
92185
92218
92219
92222
92237
92242
92245
92250
92261
92278
92281
92286
92289
92294
92301
92320
92324
92326
92331
92336
92339
92340
92343
92355
92362
92363
92364
92370
92371
92373
92374
92376
92380
92381
92390
92392
92402
92405
92408
92418
92419
92423
92430
92435
92437
92438
92445
92458
92460
92462
92465
92481
92484
92495
92500
92507
92508
92516
92525
92528
92544
92549
92557
92560
92573
92584
92591
92593
92609
92615
92631
92632
92648
92652
92665
92681
92685
92686
92692
92695
92703
92724
92733
92738
92745
92748
92752
92771
92777
92792
92798
92807
92812
92814
92824
92828
92834
92857
92880
92886
92898
92903
92914
92919
92931
92943
92946
92948
92957
92976
92981
92985
92990
92992
93002
93012
93019
93036
93041
93049
93061
93066
93073
93074
93075
93090
93095
93099
93100
93104
93111
93114
93139
93140
93145
93152
93153
93159
93172
93180
93207
93210
93218
93223
93243
93246
93247
93253
93255
93259
93271
93281
93290
93291
93296
93302
93303
93309
93313
93318
93320
93349
93352
93356
93361
93362
93372
93373
93390
93396
93401
93408
93415
93418
93427
93428
93445
93447
93463
93466
93481
93494
93506
93549
93554
93561
93562
93565
93569
93570
93573
93579
93580
93586
93594
93622
93623
93624
93626
93629
93639
93648
93653
93658
93660
93668
93671
93699
93711
93712
93744
93752
93770
93771
93772
93774
93788
93797
93833
93837
93862
93865
93866
93870
93881
93882
93901
93904
93916
93919
93923
93925
93932
93933
93948
93960
93973
93983
94012
94016
94031
94033
94042
94061
94064
94070
94072
94078
94079
94081
94094
94104
94105
94119
94125
94136
94142
94154
94167
94178
94187
94188
94199
94205
94213
94215
94232
94246
94254
94266
94269
94274
94275
94279
94280
94284
94291
94306
94307
94333
94342
94353
94391
94393
94401
94408
94410
94413
94425
94426
94433
94438
94455
94469
94473
94474
94488
94494
94501
94502
94508
94529
94536
94545
94548
94561
94563
94568
94576
94580
94586
94596
94597
94600
94620
94634
94646
94651
94652
94664
94672
94685
94700
94710
94718
94722
94736
94751
94757
94760
94761
94765
94766
94803
94816
94826
94828
94833
94835
94838
94839
94843
94854
94856
94861
94863
94868
94878
94884
94887
94888
94889
94891
94908
94913
94919
94940
94941
94959
94960
94968
94971
94983
94984
94988
94990
95000
95003
95008
95016
95023
95028
95040
95041
95049
95050
95056
95058
95061
95066
95068
95072
95082
95089
95094
95096
95100
95109
95115
95123
95130
95139
95141
95143
95155
95164
95166
95176
95177
95186
95188
95191
95215
95216
95219
95226
95233
95236
95238
95239
95260
95263
95296
95306
95312
95316
95320
95334
95339
95349
95351
95358
95384
95385
95391
95397
95409
95423
95426
95430
95433
95437
95438
95439
95446
95455
95461
95467
95477
95485
95493
95497
95501
95508
95513
95528
95531
95532
95544
95546
95547
95556
95561
95567
95591
95594
95604
95609
95610
95617
95620
95630
95642
95647
95662
95669
95690
95691
95695
95700
95702
95714
95720
95725
95734
95738
95746
95750
95765
95779
95785
95814
95832
95850
95851
95865
95872
95873
95882
95885
95890
95906
95912
95948
95953
95954
95966
95979
95986
95997
96012
96016
96026
96027
96030
96042
96043
96055
96064
96083
96097
96113
96115
96116
96129
96132
96151
96153
96154
96155
96157
96164
96166
96172
96174
96180
96202
96205
96212
96222
96246
96267
96275
96281
96290
96293
96324
96349
96357
96364
96369
96374
96387
96391
96395
96396
96397
96398
96401
96404
96408
96409
96412
96415
96426
96432
96440
96456
96459
96460
96461
96478
96489
96496
96500
96508
96512
96529
96539
96540
96561
96563
96571
96577
96581
96610
96612
96627
96628
96649
96655
96660
96663
96668
96671
96677
96689
96690
96693
96713
96715
96728
96736
96737
96748
96750
96753
96764
96770
96776
96781
96785
96786
96793
96807
96813
96835
96841
96843
96847
96850
96861
96868
96883
96884
96899
96900
96906
96907
96910
96913
96921
96922
96939
96944
96945
96950
96955
96964
96969
96971
96973
96975
96994
97004
97023
97026
97037
97039
97040
97052
97053
97059
97061
97067
97072
97073
97074
97082
97083
97093
97105
97111
97116
97134
97147
97161
97163
97180
97184
97209
97243
97261
97276
97278
97279
97280
97283
97286
97290
97296
97297
97299
97310
97321
97323
97330
97334
97342
97353
97354
97384
97386
97389
97413
97414
97417
97426
97434
97442
97448
97478
97493
97516
97517
97519
97529
97541
97548
97556
97576
97579
97580
97589
97593
97603
97610
97614
97616
97645
97646
97655
97658
97666
97669
97685
97688
97698
97699
97702
97711
97716
97722
97726
97729
97734
97738
97765
97768
97769
97778
97780
97786
97816
97824
97828
97836
97842
97845
97847
97849
97851
97878
97884
97895
97903
97930
97951
97953
97958
97967
97970
97974
97975
97991
97994
97996
97999
98003
98012
98016
98017
98028
98029
98041
98042
98049
98054
98064
98092
98097
98101
98103
98127
98133
98146
98147
98156
98161
98179
98187
98188
98198
98204
98219
98228
98251
98260
98262
98277
98282
98283
98284
98289
98293
98295
98296
98299
98300
98313
98324
98333
98361
98364
98371
98373
98386
98389
98394
98420
98421
98423
98428
98434
98453
98455
98457
98464
98466
98467
98472
98477
98492
98502
98508
98518
98521
98526
98533
98536
98542
98544
98549
98555
98556
98564
98566
98576
98582
98596
98600
98614
98617
98618
98627
98636
98642
98656
98661
98669
98674
98677
98683
98698
98703
98705
98708
98710
98714
98721
98725
98726
98751
98755
98757
98759
98768
98777
98779
98782
98783
98784
98787
98800
98811
98816
98819
98828
98842
98853
98867
98873
98876
98890
98896
98901
98902
98903
98907
98909
98913
98927
98929
98937
98942
98948
98960
98961
98976
98977
98979
98988
98989
99003
99012
99021
99050
99053
99062
99070
99077
99084
99108
99119
99120
99121
99132
99134
99136
99140
99148
99173
99189
99193
99196
99203
99225
99229
99231
99236
99249
99263
99265
99277
99299
99301
99307
99335
99349
99351
99354
99371
99380
99385
99393
99396
99398
99401
99410
99418
99426
99427
99436
99437
99443
99444
99450
99451
99461
99469
99470
99505
99517
99519
99531
99535
99541
99546
99563
99572
99578
99580
99584
99592
99614
99618
99633
99647
99653
99661
99672
99676
99685
99688
99691
99692
99694
99708
99719
99720
99726
99728
99735
99740
99743
99748
99768
99775
99779
99805
99808
99810
99821
99822
99826
99848
99854
99855
99870
99876
99882
99884
99893
99900
99904
99907
99911
99914
99922
99925
99933
99943
99944
99962
99963
99967
99993
99995
99996
99999
