8
28
39
48
50
54
59
66
82
107
109
122
125
128
130
133
136
138
147
168
187
189
191
211
213
215
220
225
227
236
238
240
246
257
266
267
278
306
307
324
334
335
357
385
417
418
427
436
437
447
487
499
501
517
534
543
574
589
595
618
621
630
643
646
663
669
683
686
716
738
752
755
768
772
777
782
791
794
812
838
841
843
860
861
873
885
908
916
938
958
966
983
999
1003
1009
1025
1037
1050
1053
1055
1070
1085
1087
1112
1155
1159
1165
1172
1182
1199
1207
1212
1218
1236
1243
1249
1266
1272
1285
1297
1332
1342
1358
1384
1387
1419
1430
1448
1463
1467
1481
1487
1493
1509
1522
1524
1560
1568
1569
1570
1583
1587
1613
1617
1631
1633
1659
1667
1674
1675
1682
1684
1685
1703
1725
1730
1753
1760
1771
1782
1801
1816
1821
1833
1841
1851
1853
1857
1864
1870
1873
1883
1885
1917
1925
1931
1939
1952
1962
1982
2000
2015
2022
2037
2039
2099
2109
2110
2126
2140
2157
2177
2202
2211
2224
2236
2264
2275
2281
2291
2297
2302
2309
2324
2335
2368
2375
2381
2382
2395
2424
2425
2460
2463
2465
2485
2489
2493
2513
2516
2526
2535
2555
2568
2582
2619
2630
2647
2657
2665
2667
2699
2703
2709
2713
2732
2733
2766
2774
2775
2799
2801
2813
2821
2831
2838
2842
2851
2860
2871
2883
2889
2901
2920
2952
2965
2969
2970
2973
2975
2979
2998
3004
3022
3026
3034
3047
3066
3088
3099
3101
3126
3145
3146
3153
3165
3194
3199
3214
3217
3231
3244
3252
3254
3255
3258
3263
3295
3297
3306
3328
3337
3342
3346
3348
3362
3368
3369
3370
3372
3386
3396
3471
3472
3486
3491
3492
3548
3556
3562
3569
3572
3582
3603
3626
3632
3648
3660
3666
3672
3673
3696
3729
3744
3764
3769
3771
3797
3806
3832
3846
3855
3857
3868
3916
3921
3935
3954
3968
3973
3980
3994
3997
4000
4008
4009
4014
4061
4084
4107
4108
4115
4122
4132
4144
4148
4172
4189
4199
4223
4234
4238
4269
4272
4278
4285
4290
4305
4314
4349
4350
4362
4367
4372
4376
4395
4428
4433
4449
4471
4473
4490
4491
4494
4496
4505
4526
4529
4543
4602
4621
4623
4630
4631
4643
4672
4697
4719
4731
4735
4746
4759
4763
4772
4816
4822
4841
4847
4854
4862
4864
4865
4872
4879
4889
4901
4907
4932
4944
4953
4960
4979
4986
4993
5002
5017
5021
5022
5035
5048
5050
5052
5076
5088
5101
5108
5118
5121
5142
5145
5147
5154
5155
5170
5177
5180
5181
5202
5225
5227
5232
5239
5246
5262
5266
5274
5292
5306
5314
5331
5347
5348
5355
5373
5394
5412
5431
5440
5456
5461
5472
5479
5481
5482
5524
5578
5579
5589
5597
5599
5605
5625
5634
5638
5642
5648
5654
5657
5688
5711
5726
5747
5750
5757
5783
5803
5809
5842
5843
5858
5861
5892
5893
5898
5901
5905
5907
5928
5934
5937
5977
5978
5991
5995
5997
6001
6006
6014
6016
6044
6062
6070
6118
6139
6149
6159
6172
6175
6189
6195
6205
6222
6235
6240
6296
6304
6352
6358
6371
6375
6387
6392
6404
6428
6435
6439
6466
6508
6512
6519
6533
6566
6567
6580
6633
6634
6637
6661
6664
6678
6683
6719
6723
6744
6752
6759
6775
6779
6791
6807
6831
6849
6853
6855
6874
6903
6911
6913
6919
6924
6942
6944
6949
6956
6965
6997
7003
7013
7020
7044
7049
7069
7119
7130
7131
7133
7142
7145
7157
7163
7164
7174
7182
7185
7187
7234
7243
7252
7256
7275
7298
7314
7334
7345
7350
7351
7379
7393
7407
7418
7454
7475
7485
7486
7490
7493
7531
7533
7539
7571
7572
7589
7594
7595
7599
7610
7616
7625
7640
7653
7664
7666
7670
7673
7676
7691
7700
7707
7752
7757
7777
7798
7802
7837
7855
7857
7863
7867
7869
7878
7892
7917
7920
7923
7925
7942
7944
7947
7953
7957
7974
7979
8005
8034
8051
8056
8060
8081
8090
8103
8138
8161
8162
8195
8227
8240
8253
8260
8265
8288
8292
8295
8302
8308
8316
8348
8356
8359
8363
8366
8376
8378
8386
8388
8394
8412
8433
8451
8456
8457
8463
8471
8503
8507
8511
8520
8539
8610
8612
8639
8648
8663
8669
8670
8680
8681
8705
8709
8727
8742
8747
8752
8777
8780
8784
8787
8795
8799
8816
8823
8854
8883
8890
8892
8896
8916
8918
8926
8934
8941
8945
8951
8953
8964
8969
8993
9002
9011
9020
9062
9081
9094
9105
9107
9178
9186
9199
9201
9206
9216
9219
9221
9224
9231
9253
9267
9280
9281
9300
9313
9314
9324
9334
9350
9393
9400
9401
9402
9406
9438
9441
9443
9449
9455
9456
9458
9460
9472
9502
9514
9517
9518
9529
9545
9557
9587
9589
9593
9598
9609
9642
9659
9694
9697
9700
9701
9724
9762
9782
9785
9790
9798
9808
9810
9813
9820
9850
9858
9866
9870
9917
9946
9960
9993
10005
10009
10027
10038
10051
10055
10060
10087
10109
10121
10141
10150
10157
10159
10166
10173
10182
10183
10203
10206
10208
10213
10217
10238
10250
10277
10345
10362
10367
10376
10378
10379
10381
10399
10414
10420
10429
10439
10443
10448
10478
10484
10492
10495
10498
10526
10559
10564
10582
10600
10618
10625
10638
10641
10649
10653
10665
10674
10680
10683
10692
10694
10705
10715
10736
10744
10759
10776
10801
10827
10829
10835
10838
10844
10846
10856
10861
10867
10873
10883
10900
10909
10920
10921
10939
10945
10947
10961
10979
10991
10992
11006
11035
11085
11096
11109
11117
11120
11122
11132
11142
11205
11226
11232
11247
11255
11268
11269
11290
11310
11311
11317
11318
11325
11347
11353
11361
11367
11377
11382
11387
11396
11402
11464
11474
11491
11496
11509
11512
11518
11522
11525
11527
11543
11546
11547
11552
11560
11565
11571
11580
11647
11651
11659
11662
11667
11683
11695
11707
11708
11728
11732
11748
11754
11784
11822
11892
11893
11926
11929
11937
11944
11950
11990
12004
12005
12027
12032
12042
12046
12048
12099
12111
12120
12149
12151
12158
12189
12191
12198
12201
12214
12231
12248
12264
12294
12299
12310
12321
12328
12332
12358
12370
12375
12391
12393
12411
12414
12431
12433
12445
12448
12473
12479
12488
12494
12495
12498
12504
12529
12540
12546
12549
12575
12605
12615
12632
12656
12673
12688
12706
12709
12711
12723
12729
12734
12736
12740
12748
12753
12764
12767
12783
12785
12788
12833
12861
12888
12894
12915
12936
12949
12967
12971
13026
13029
13033
13046
13047
13108
13118
13168
13176
13182
13199
13201
13213
13214
13240
13241
13282
13290
13322
13333
13335
13340
13346
13347
13348
13350
13367
13384
13410
13419
13445
13446
13472
13474
13515
13520
13532
13539
13557
13558
13562
13580
13581
13585
13586
13598
13601
13616
13632
13653
13655
13656
13672
13674
13675
13701
13708
13711
13720
13748
13767
13784
13793
13796
13805
13822
13826
13841
13845
13846
13847
13852
13869
13874
13885
13893
13902
13922
13929
13942
13945
13960
13973
13979
13994
14001
14013
14016
14027
14038
14046
14056
14066
14070
14086
14093
14102
14127
14140
14147
14155
14162
14188
14190
14197
14208
14218
14228
14235
14239
14256
14271
14282
14339
14340
14347
14358
14371
14394
14415
14421
14422
14443
14451
14454
14473
14480
14497
14528
14530
14536
14547
14550
14588
14590
14596
14599
14626
14633
14643
14647
14674
14682
14690
14691
14701
14704
14705
14731
14762
14768
14777
14780
14839
14846
14848
14868
14870
14883
14901
14911
14942
14953
14957
14959
14960
14972
14974
14981
15009
15010
15025
15055
15056
15061
15063
15081
15101
15122
15126
15127
15133
15145
15148
15158
15169
15180
15182
15190
15231
15236
15239
15240
15251
15269
15291
15293
15304
15312
15339
15345
15347
15350
15362
15379
15388
15403
15405
15415
15428
15429
15439
15442
15444
15449
15468
15473
15474
15480
15491
15494
15503
15516
15518
15551
15562
15571
15612
15626
15629
15637
15640
15643
15682
15696
15702
15710
15721
15735
15740
15764
15788
15809
15814
15817
15853
15861
15878
15879
15894
15895
15932
15934
15939
15944
15947
15957
15979
15994
16016
16018
16020
16025
16044
16047
16075
16088
16092
16095
16105
16113
16117
16118
16130
16140
16145
16146
16158
16191
16192
16193
16199
16240
16282
16313
16314
16321
16329
16330
16335
16339
16344
16349
16376
16382
16390
16397
16414
16418
16419
16459
16464
16465
16466
16496
16524
16526
16538
16541
16545
16546
16587
16592
16593
16599
16607
16608
16609
16616
16618
16621
16626
16660
16673
16681
16688
16698
16701
16709
16723
16750
16751
16753
16765
16776
16790
16825
16858
16865
16876
16900
16910
16911
16975
16994
17004
17005
17010
17033
17051
17058
17067
17070
17083
17092
17104
17112
17115
17135
17146
17166
17185
17189
17191
17222
17234
17235
17248
17252
17253
17265
17266
17286
17288
17291
17296
17298
17322
17323
17334
17342
17355
17358
17376
17382
17383
17395
17398
17399
17405
17435
17437
17439
17447
17460
17487
17493
17515
17518
17519
17533
17556
17561
17576
17586
17588
17590
17604
17618
17639
17640
17643
17647
17648
17651
17654
17661
17674
17678
17690
17698
17738
17764
17778
17779
17791
17794
17828
17844
17869
17882
17902
17909
17921
17932
17936
17941
17951
17955
17961
17963
17986
18004
18006
18008
18015
18022
18026
18041
18053
18072
18086
18100
18108
18114
18129
18151
18165
18178
18190
18229
18235
18260
18264
18272
18281
18286
18287
18301
18304
18306
18318
18333
18334
18346
18372
18374
18391
18394
18431
18432
18480
18486
18491
18496
18500
18523
18538
18570
18582
18593
18602
18604
18605
18609
18613
18617
18620
18639
18643
18651
18653
18658
18665
18685
18705
18710
18711
18727
18729
18741
18750
18753
18754
18755
18759
18761
18793
18794
18797
18803
18812
18813
18822
18823
18833
18837
18850
18853
18867
18870
18906
18907
18925
18940
18950
18958
18959
18961
18969
18990
18994
19002
19008
19014
19021
19039
19040
19044
19046
19061
19062
19073
19084
19095
19101
19111
19113
19118
19124
19132
19134
19141
19148
19158
19173
19188
19229
19241
19270
19284
19287
19308
19312
19318
19319
19327
19335
19339
19353
19383
19388
19422
19434
19442
19450
19463
19465
19471
19473
19479
19497
19499
19523
19532
19537
19547
19565
19574
19577
19612
19617
19650
19697
19714
19751
19758
19761
19771
19793
19802
19809
19810
19821
19823
19841
19875
19877
19882
19896
19900
19903
19904
19919
19925
19930
19947
19962
19963
19980
20000
20011
20012
20017
20031
20035
20058
20061
20065
20076
20117
20121
20125
20144
20148
20154
20162
20193
20194
20199
20204
20213
20221
20223
20233
20240
20252
20254
20259
20267
20269
20271
20279
20292
20344
20346
20354
20361
20367
20389
20411
20414
20432
20446
20459
20475
20494
20520
20524
20530
20541
20558
20565
20579
20586
20587
20646
20676
20702
20713
20716
20742
20750
20751
20758
20760
20762
20771
20775
20823
20873
20881
20893
20913
20919
20925
20934
20935
20937
20946
20956
20957
20988
21001
21007
21022
21027
21030
21033
21078
21102
21107
21120
21147
21154
21165
21173
21181
21207
21225
21236
21247
21269
21316
21320
21329
21337
21340
21365
21367
21384
21385
21391
21397
21418
21439
21443
21451
21462
21463
21470
21480
21486
21489
21491
21503
21509
21512
21522
21524
21534
21538
21603
21609
21635
21671
21689
21698
21715
21720
21786
21792
21813
21816
21830
21838
21853
21872
21906
21918
21921
21922
21947
21955
21982
21983
21993
22000
22021
22037
22110
22114
22116
22123
22125
22126
22131
22144
22147
22149
22167
22173
22181
22203
22207
22215
22228
22230
22258
22296
22298
22318
22322
22333
22337
22359
22360
22366
22370
22386
22398
22416
22420
22425
22429
22453
22476
22510
22518
22524
22528
22533
22564
22567
22579
22593
22607
22617
22632
22640
22641
22644
22677
22681
22682
22692
22705
22707
22712
22730
22736
22787
22788
22807
22837
22867
22881
22898
22923
22934
22946
22970
22989
22996
23000
23015
23026
23036
23039
23044
23063
23067
23068
23081
23082
23083
23090
23100
23143
23152
23165
23167
23171
23178
23183
23192
23198
23200
23209
23219
23225
23226
23227
23228
23231
23232
23233
23247
23256
23287
23290
23295
23310
23314
23316
23318
23333
23335
23337
23340
23366
23396
23399
23403
23409
23423
23428
23431
23432
23438
23446
23467
23471
23483
23488
23515
23536
23540
23541
23571
23575
23583
23591
23618
23629
23630
23647
23650
23655
23657
23678
23686
23692
23699
23728
23730
23744
23791
23854
23873
23898
23906
23911
23941
23953
23958
23964
23973
23993
24007
24016
24056
24061
24074
24082
24085
24088
24095
24110
24115
24127
24160
24164
24178
24183
24187
24203
24212
24228
24253
24257
24259
24267
24272
24278
24283
24286
24293
24297
24306
24317
24345
24354
24371
24383
24393
24405
24409
24433
24434
24474
24495
24518
24523
24529
24585
24587
24600
24617
24624
24632
24645
24652
24673
24674
24713
24714
24718
24719
24721
24748
24756
24764
24778
24791
24811
24825
24827
24861
24889
24890
24894
24900
24921
24940
24958
24971
25004
25005
25018
25020
25041
25044
25045
25057
25072
25078
25087
25100
25101
25117
25118
25126
25140
25146
25153
25165
25174
25175
25180
25203
25215
25224
25243
25288
25291
25310
25337
25344
25345
25364
25377
25384
25390
25396
25412
25423
25460
25467
25489
25507
25508
25517
25520
25528
25534
25539
25545
25564
25610
25640
25663
25666
25682
25689
25706
25712
25759
25761
25781
25784
25808
25815
25842
25854
25863
25876
25889
25902
25914
25930
25944
25946
25954
25961
25967
25976
25977
26001
26019
26023
26028
26037
26047
26076
26077
26083
26086
26093
26138
26143
26150
26173
26183
26187
26201
26206
26223
26244
26273
26274
26293
26310
26315
26316
26356
26360
26372
26389
26396
26436
26453
26463
26473
26492
26510
26543
26545
26597
26600
26604
26610
26614
26624
26643
26646
26663
26666
26673
26677
26680
26682
26708
26710
26720
26729
26756
26759
26799
26809
26814
26820
26842
26843
26883
26891
26912
26914
26920
26924
26930
26941
26948
26955
26976
26978
27020
27035
27040
27047
27055
27059
27066
27084
27090
27115
27138
27151
27155
27156
27159
27169
27174
27234
27257
27268
27272
27277
27289
27292
27301
27325
27326
27346
27359
27370
27398
27421
27423
27433
27438
27440
27442
27485
27498
27510
27522
27523
27537
27561
27564
27597
27598
27602
27603
27608
27618
27619
27634
27640
27655
27679
27698
27703
27708
27721
27729
27748
27788
27791
27808
27817
27828
27834
27835
27839
27851
27865
27869
27876
27896
27897
27901
27918
27924
27927
27938
27972
27974
27975
27987
28005
28016
28039
28042
28045
28059
28060
28062
28074
28085
28090
28092
28103
28106
28122
28158
28163
28165
28180
28197
28208
28240
28254
28286
28306
28333
28358
28405
28425
28428
28441
28451
28455
28462
28472
28477
28479
28482
28496
28509
28538
28541
28554
28555
28595
28602
28611
28623
28625
28627
28656
28661
28681
28697
28711
28717
28735
28741
28755
28777
28793
28796
28805
28814
28847
28848
28862
28868
28886
28896
28904
28914
28915
28920
28934
28943
28951
28963
29014
29021
29033
29042
29054
29066
29077
29105
29138
29142
29145
29149
29169
29171
29184
29206
29235
29254
29259
29272
29278
29305
29314
29320
29336
29362
29396
29403
29416
29425
29436
29441
29471
29474
29497
29505
29525
29528
29540
29550
29555
29571
29584
29587
29595
29609
29622
29635
29645
29650
29651
29673
29698
29737
29754
29776
29778
29817
29829
29842
29855
29858
29885
29889
29902
29911
29912
29916
29917
29925
29969
29976
29977
29995
30001
30003
30015
30017
30044
30045
30052
30054
30075
30082
30091
30099
30119
30120
30136
30141
30142
30153
30175
30178
30195
30217
30242
30254
30261
30278
30295
30297
30312
30318
30326
30336
30341
30349
30352
30354
30364
30377
30378
30382
30389
30392
30397
30428
30431
30437
30451
30467
30489
30495
30506
30515
30516
30524
30533
30574
30575
30592
30595
30604
30608
30646
30661
30683
30722
30738
30744
30757
30779
30792
30848
30886
30891
30925
30934
30943
30978
30989
31001
31046
31061
31072
31092
31104
31105
31118
31122
31130
31162
31169
31183
31201
31210
31240
31243
31244
31247
31277
31280
31282
31283
31289
31298
31321
31322
31331
31377
31380
31387
31388
31410
31414
31454
31476
31481
31497
31503
31525
31529
31534
31546
31554
31569
31580
31588
31597
31599
31639
31649
31652
31660
31716
31723
31725
31743
31754
31759
31760
31766
31773
31774
31796
31805
31810
31811
31822
31829
31844
31848
31867
31879
31886
31920
31941
31943
31947
31964
31967
31978
31985
31987
31991
31995
32001
32002
32004
32009
32024
32043
32044
32056
32060
32079
32085
32099
32100
32110
32131
32172
32173
32196
32226
32227
32228
32248
32251
32277
32280
32294
32305
32332
32339
32340
32345
32349
32350
32363
32384
32416
32429
32440
32450
32454
32460
32462
32463
32481
32492
32507
32508
32527
32530
32539
32542
32578
32582
32584
32586
32590
32612
32647
32648
32663
32670
32733
32736
32749
32751
32773
32776
32795
32797
32799
32816
32826
32830
32846
32853
32877
32880
32895
32908
32921
32922
32925
32927
32973
33006
33020
33023
33025
33029
33032
33048
33051
33056
33070
33090
33091
33105
33115
33127
33146
33160
33166
33174
33183
33186
33188
33196
33197
33209
33220
33240
33262
33263
33264
33284
33290
33291
33299
33306
33314
33322
33335
33350
33374
33392
33409
33427
33456
33473
33484
33512
33520
33527
33558
33579
33580
33635
33644
33652
33659
33670
33675
33676
33678
33691
33750
33762
33771
33800
33803
33830
33833
33855
33863
33869
33913
33921
33928
33962
34001
34013
34019
34026
34029
34036
34055
34063
34066
34073
34075
34089
34096
34101
34102
34131
34155
34162
34183
34185
34186
34197
34231
34236
34244
34253
34263
34276
34277
34280
34300
34301
34302
34307
34332
34340
34360
34381
34393
34450
34503
34516
34549
34560
34561
34565
34567
34573
34589
34591
34596
34610
34614
34638
34654
34658
34664
34725
34731
34735
34788
34815
34817
34824
34826
34849
34860
34864
34874
34875
34884
34898
34918
34923
34932
34962
34973
34979
34981
34992
34993
35004
35022
35056
35064
35073
35075
35076
35094
35110
35112
35122
35150
35169
35176
35177
35181
35185
35187
35204
35205
35209
35210
35286
35294
35321
35323
35331
35333
35347
35353
35370
35385
35401
35411
35437
35440
35451
35461
35504
35510
35512
35531
35547
35559
35582
35584
35591
35595
35605
35628
35630
35637
35645
35646
35648
35680
35700
35710
35713
35733
35754
35763
35777
35780
35804
35813
35815
35838
35842
35843
35861
35863
35864
35865
35868
35877
35880
35963
35965
35977
35982
36017
36028
36047
36048
36065
36072
36103
36105
36106
36122
36130
36135
36200
36214
36234
36272
36338
36395
36415
36417
36423
36436
36437
36443
36460
36463
36466
36489
36509
36515
36518
36535
36569
36598
36606
36609
36623
36629
36630
36641
36642
36661
36669
36670
36684
36686
36703
36705
36706
36707
36720
36723
36731
36748
36752
36758
36768
36769
36797
36836
36857
36862
36873
36897
36937
36938
36959
36968
36983
36995
37021
37025
37041
37045
37052
37059
37080
37081
37117
37125
37135
37136
37140
37143
37151
37166
37170
37177
37185
37186
37201
37241
37281
37286
37288
37289
37298
37316
37340
37370
37371
37373
37376
37384
37390
37416
37438
37439
37444
37456
37463
37467
37470
37476
37483
37507
37525
37526
37529
37534
37540
37544
37553
37600
37624
37626
37629
37642
37643
37647
37664
37665
37676
37681
37698
37710
37716
37736
37739
37761
37785
37804
37829
37833
37837
37839
37841
37847
37851
37870
37879
37885
37887
37890
37908
37913
37925
37936
37938
37949
37955
37979
38010
38015
38018
38031
38051
38052
38072
38076
38148
38167
38175
38188
38205
38217
38224
38241
38263
38279
38288
38307
38311
38314
38318
38324
38332
38337
38343
38344
38435
38459
38462
38468
38506
38523
38534
38543
38558
38595
38598
38599
38614
38618
38628
38652
38663
38697
38698
38726
38733
38763
38765
38767
38775
38779
38782
38794
38829
38838
38847
38849
38858
38890
38893
38918
38922
38937
38948
38956
38993
38995
39000
39030
39031
39062
39075
39106
39111
39150
39156
39159
39173
39197
39199
39212
39226
39229
39235
39245
39250
39256
39274
39299
39303
39329
39359
39382
39388
39402
39408
39421
39427
39450
39451
39458
39475
39490
39528
39545
39552
39564
39587
39630
39631
39636
39643
39656
39660
39667
39677
39683
39685
39703
39713
39718
39727
39735
39738
39740
39745
39778
39779
39780
39784
39825
39847
39850
39855
39871
39916
39922
39924
39963
39980
39981
39991
39996
40003
40032
40045
40056
40071
40083
40103
40158
40159
40168
40180
40182
40197
40203
40211
40231
40238
40248
40310
40320
40329
40332
40371
40379
40391
40406
40418
40419
40449
40455
40465
40481
40499
40505
40516
40519
40527
40536
40547
40570
40581
40600
40603
40605
40611
40658
40661
40668
40676
40677
40679
40686
40744
40745
40754
40762
40767
40778
40793
40812
40820
40827
40830
40881
40890
40894
40897
40902
40908
40915
40923
40938
40945
40959
40972
40986
40990
40999
41001
41011
41016
41018
41021
41028
41046
41053
41055
41067
41085
41092
41094
41104
41121
41124
41136
41165
41166
41197
41236
41237
41251
41268
41282
41291
41292
41303
41324
41331
41343
41351
41357
41362
41364
41368
41389
41393
41398
41412
41414
41417
41419
41425
41429
41430
41436
41450
41457
41463
41471
41485
41533
41537
41538
41548
41560
41563
41601
41602
41603
41620
41632
41645
41648
41670
41687
41690
41697
41698
41700
41711
41713
41719
41727
41733
41756
41760
41765
41776
41793
41796
41864
41880
41881
41889
41895
41898
41922
41928
41940
41948
41959
41983
41986
41987
41989
41994
42011
42014
42022
42038
42046
42050
42057
42065
42070
42078
42083
42088
42091
42135
42137
42146
42149
42161
42183
42186
42209
42215
42230
42257
42273
42286
42287
42289
42290
42312
42315
42321
42328
42362
42370
42373
42384
42397
42400
42435
42437
42439
42460
42474
42477
42521
42522
42524
42529
42536
42537
42544
42551
42552
42561
42573
42605
42607
42644
42654
42656
42674
42700
42722
42744
42747
42753
42788
42803
42809
42828
42837
42849
42860
42861
42873
42890
42914
42917
42955
42962
42969
43014
43016
43034
43037
43045
43060
43090
43130
43131
43133
43170
43189
43201
43208
43209
43218
43244
43249
43259
43273
43275
43284
43286
43300
43345
43357
43365
43374
43436
43441
43450
43453
43469
43497
43502
43505
43511
43535
43541
43543
43551
43567
43580
43617
43619
43635
43651
43659
43660
43679
43695
43734
43758
43768
43779
43817
43824
43829
43841
43851
43855
43868
43885
43888
43900
43919
43921
43922
43936
43955
43973
43975
44017
44032
44066
44069
44080
44085
44101
44120
44133
44136
44140
44141
44146
44153
44158
44172
44187
44211
44212
44240
44248
44253
44261
44263
44269
44271
44289
44292
44296
44298
44303
44305
44323
44349
44365
44366
44386
44388
44394
44406
44421
44423
44429
44440
44461
44475
44496
44511
44517
44538
44550
44557
44583
44588
44599
44620
44684
44707
44710
44734
44745
44746
44790
44794
44798
44802
44812
44814
44815
44821
44827
44836
44837
44863
44874
44879
44887
44890
44891
44893
44894
44914
44925
44926
44934
44944
44961
44979
45039
45040
45077
45083
45093
45108
45115
45124
45132
45154
45159
45168
45177
45178
45196
45207
45224
45254
45263
45277
45310
45322
45323
45353
45361
45391
45393
45394
45405
45422
45423
45424
45427
45445
45448
45461
45469
45470
45476
45485
45491
45496
45504
45510
45561
45576
45620
45630
45662
45668
45673
45684
45689
45714
45719
45733
45736
45744
45762
45764
45773
45782
45801
45825
45836
45841
45876
45881
45906
45919
45944
45952
45956
45969
45990
46010
46022
46037
46043
46064
46079
46090
46103
46104
46105
46144
46163
46196
46209
46233
46239
46245
46247
46280
46301
46321
46338
46346
46356
46360
46383
46390
46414
46415
46417
46422
46453
46512
46538
46539
46545
46548
46551
46552
46553
46593
46598
46617
46631
46634
46639
46664
46681
46696
46703
46709
46719
46764
46778
46786
46805
46812
46825
46863
46877
46883
46888
46914
46919
46920
46922
46931
46939
46973
46996
47009
47036
47052
47057
47069
47075
47091
47123
47145
47162
47169
47180
47181
47190
47207
47222
47253
47262
47273
47287
47289
47292
47294
47300
47303
47330
47337
47339
47342
47346
47348
47361
47369
47372
47373
47435
47441
47449
47474
47475
47478
47485
47494
47496
47498
47503
47506
47523
47528
47531
47551
47555
47556
47570
47577
47588
47597
47633
47640
47670
47671
47678
47681
47703
47708
47713
47724
47746
47751
47756
47763
47772
47774
47808
47831
47832
47850
47858
47860
47865
47879
47898
47906
47929
47959
47974
48009
48010
48028
48054
48056
48069
48086
48093
48129
48135
48138
48140
48156
48175
48204
48219
48235
48254
48262
48265
48283
48288
48290
48298
48351
48352
48354
48357
48358
48362
48390
48392
48406
48407
48410
48419
48430
48449
48463
48469
48474
48494
48503
48507
48509
48515
48525
48530
48547
48550
48595
48598
48648
48653
48654
48655
48687
48690
48712
48738
48748
48775
48776
48795
48813
48817
48835
48840
48850
48877
48880
48889
48900
48924
48927
48957
48977
48978
48981
48998
49019
49028
49031
49035
49054
49055
49088
49102
49110
49113
49115
49158
49164
49167
49183
49187
49202
49203
49204
49210
49233
49236
49238
49244
49245
49268
49282
49317
49328
49336
49339
49364
49374
49375
49387
49396
49406
49421
49422
49424
49428
49447
49449
49473
49489
49498
49507
49508
49522
49545
49589
49599
49605
49617
49625
49631
49636
49639
49644
49646
49648
49650
49653
49667
49671
49718
49719
49725
49733
49734
49747
49754
49772
49795
49824
49827
49833
49845
49849
49862
49873
49891
49912
49928
49938
49952
49953
49978
49995
50012
50019
50054
50061
50063
50079
50093
50103
50106
50118
50123
50156
50167
50173
50181
50186
50191
50220
50229
50293
50294
50297
50305
50313
50316
50322
50326
50340
50344
50349
50361
50368
50370
50392
50399
50401
50409
50410
50413
50429
50457
50461
50472
50480
50541
50557
50565
50572
50579
50580
50593
50596
50598
50625
50636
50650
50660
50665
50669
50681
50691
50692
50700
50712
50714
50722
50743
50746
50759
50761
50770
50800
50802
50821
50854
50856
50866
50886
50912
50937
50945
50966
50968
50975
50977
50995
51017
51033
51041
51066
51067
51070
51079
51084
51096
51107
51116
51127
51141
51152
51160
51182
51195
51211
51218
51228
51286
51288
51316
51326
51334
51336
51339
51348
51369
51371
51399
51450
51452
51462
51482
51514
51528
51558
51565
51570
51573
51587
51598
51604
51610
51636
51641
51647
51655
51656
51668
51688
51693
51697
51699
51721
51728
51742
51751
51773
51776
51786
51791
51799
51821
51824
51832
51842
51873
51885
51888
51914
51936
51961
51980
51981
51985
51997
52001
52014
52018
52063
52070
52080
52098
52101
52103
52104
52109
52110
52120
52125
52179
52225
52240
52297
52321
52330
52333
52352
52355
52362
52382
52390
52392
52394
52406
52409
52414
52440
52454
52468
52484
52531
52537
52548
52563
52575
52592
52594
52604
52618
52623
52642
52646
52656
52672
52677
52678
52687
52708
52715
52762
52763
52787
52789
52804
52811
52815
52818
52825
52829
52840
52853
52858
52859
52866
52870
52876
52883
52886
52887
52899
52904
52919
52927
52949
52958
52997
53022
53034
53042
53050
53058
53066
53086
53087
53089
53092
53105
53146
53153
53173
53176
53191
53200
53201
53209
53227
53230
53233
53235
53248
53263
53307
53308
53309
53313
53336
53339
53340
53348
53359
53380
53395
53406
53423
53432
53433
53439
53442
53466
53471
53475
53505
53514
53517
53532
53570
53583
53604
53619
53620
53641
53663
53667
53690
53706
53719
53726
53729
53744
53751
53760
53788
53789
53806
53808
53819
53837
53838
53842
53844
53871
53874
53883
53904
53910
53921
53922
53937
53942
53954
53968
53970
53973
53990
53991
53994
53998
54011
54012
54047
54068
54073
54076
54077
54089
54090
54144
54145
54146
54150
54151
54173
54193
54199
54212
54230
54236
54252
54263
54279
54285
54307
54310
54335
54336
54341
54366
54378
54381
54389
54406
54417
54423
54429
54445
54451
54453
54456
54458
54461
54472
54479
54481
54483
54496
54497
54527
54546
54553
54578
54586
54601
54616
54631
54634
54653
54657
54659
54687
54699
54700
54716
54723
54736
54744
54778
54789
54794
54799
54807
54813
54840
54872
54912
54922
54929
54934
54955
54964
54971
54990
54994
55008
55015
55030
55055
55067
55071
55079
55080
55082
55089
55091
55096
55110
55114
55119
55133
55137
55154
55168
55175
55182
55216
55226
55229
55233
55246
55257
55291
55301
55307
55326
55329
55337
55342
55361
55362
55366
55382
55388
55395
55406
55416
55431
55434
55440
55448
55457
55491
55495
55519
55520
55525
55527
55529
55564
55565
55573
55585
55589
55604
55605
55606
55614
55626
55644
55672
55685
55690
55692
55697
55734
55739
55752
55801
55804
55805
55807
55809
55814
55839
55903
55932
55933
55946
55979
55981
55989
56004
56010
56025
56028
56030
56035
56073
56084
56085
56090
56091
56096
56129
56146
56169
56170
56175
56190
56195
56199
56208
56224
56236
56237
56279
56283
56285
56286
56301
56312
56313
56317
56320
56349
56354
56370
56377
56383
56386
56400
56403
56417
56440
56486
56522
56524
56529
56542
56544
56547
56565
56567
56575
56579
56594
56605
56649
56656
56675
56696
56711
56713
56717
56753
56782
56784
56802
56809
56813
56817
56819
56838
56839
56848
56879
56881
56889
56918
56921
56958
56964
56967
56968
56976
56977
56993
57003
57007
57043
57062
57078
57092
57133
57159
57166
57211
57225
57226
57246
57282
57284
57289
57291
57317
57329
57330
57346
57353
57359
57367
57381
57382
57392
57395
57409
57416
57443
57444
57448
57451
57452
57461
57466
57493
57496
57510
57511
57541
57590
57594
57595
57605
57615
57620
57669
57676
57731
57739
57754
57759
57764
57774
57778
57782
57783
57795
57804
57850
57899
57926
57930
57935
57944
57946
57948
57963
57965
57987
58011
58015
58021
58022
58026
58029
58055
58059
58084
58093
58137
58147
58169
58190
58216
58222
58259
58275
58318
58360
58385
58404
58413
58418
58421
58435
58451
58452
58468
58477
58518
58545
58564
58565
58574
58584
58587
58596
58600
58602
58613
58620
58627
58648
58650
58652
58676
58678
58693
58728
58745
58748
58758
58765
58766
58790
58794
58805
58813
58824
58825
58828
58834
58836
58851
58854
58876
58882
58898
58908
58911
58919
58930
58947
58955
58971
58977
58995
59026
59028
59033
59075
59089
59094
59099
59101
59104
59118
59141
59149
59177
59182
59185
59189
59214
59229
59247
59260
59262
59277
59304
59318
59319
59325
59328
59340
59352
59369
59389
59411
59415
59420
59422
59425
59431
59444
59445
59486
59508
59533
59537
59544
59558
59566
59586
59598
59603
59604
59606
59620
59622
59628
59631
59637
59652
59664
59682
59732
59735
59743
59752
59759
59761
59770
59797
59823
59848
59864
59869
59878
59921
59930
59937
59945
59965
59966
59989
59996
60020
60022
60029
60035
60040
60072
60087
60089
60091
60099
60103
60143
60154
60177
60194
60205
60226
60278
60286
60303
60309
60319
60321
60329
60347
60348
60361
60366
60409
60435
60444
60465
60471
60487
60489
60494
60495
60509
60511
60513
60531
60558
60561
60578
60599
60608
60616
60622
60624
60637
60657
60671
60707
60716
60717
60718
60719
60731
60732
60735
60737
60744
60751
60755
60766
60773
60785
60789
60797
60805
60819
60825
60833
60837
60852
60856
60904
60917
60919
60931
60935
60944
60957
60978
60998
61020
61032
61035
61055
61076
61077
61080
61093
61099
61100
61113
61131
61132
61140
61184
61201
61202
61207
61208
61228
61238
61242
61248
61250
61309
61311
61312
61326
61348
61362
61365
61379
61388
61390
61403
61418
61431
61457
61460
61487
61504
61506
61511
61526
61551
61592
61600
61604
61627
61640
61644
61682
61683
61699
61720
61723
61740
61788
61794
61805
61806
61824
61831
61837
61869
61870
61879
61880
61896
61898
61899
61911
61957
61975
61986
61987
61997
62015
62018
62025
62035
62036
62067
62091
62120
62123
62134
62137
62160
62189
62193
62217
62233
62241
62251
62258
62272
62296
62318
62341
62342
62344
62356
62364
62382
62384
62412
62422
62435
62447
62454
62455
62498
62528
62556
62564
62573
62583
62594
62621
62631
62638
62639
62646
62671
62679
62689
62696
62702
62712
62716
62731
62783
62795
62797
62800
62816
62860
62879
62914
62951
62959
62970
62978
62997
63005
63021
63031
63032
63037
63040
63048
63057
63059
63084
63091
63094
63095
63099
63102
63106
63116
63117
63118
63119
63124
63142
63147
63151
63162
63183
63208
63224
63227
63246
63248
63249
63251
63257
63261
63263
63264
63267
63273
63275
63292
63328
63331
63345
63349
63351
63356
63362
63366
63373
63383
63384
63387
63426
63444
63457
63492
63494
63497
63500
63510
63520
63550
63574
63583
63599
63612
63614
63619
63621
63623
63625
63638
63684
63691
63695
63732
63742
63757
63759
63766
63771
63799
63803
63833
63845
63848
63870
63884
63903
63904
63909
63914
63940
63944
63947
63956
63960
63963
64000
64008
64029
64030
64032
64041
64044
64053
64060
64078
64079
64084
64122
64124
64125
64133
64139
64142
64146
64177
64179
64182
64192
64193
64222
64235
64259
64260
64265
64293
64294
64306
64312
64320
64333
64336
64340
64342
64344
64352
64365
64377
64395
64404
64412
64439
64450
64451
64461
64469
64471
64472
64478
64485
64522
64534
64547
64549
64551
64565
64566
64568
64604
64609
64618
64630
64646
64666
64671
64679
64704
64708
64731
64735
64745
64748
64756
64759
64776
64777
64781
64786
64795
64803
64829
64835
64868
64878
64896
64900
64907
64919
64951
64961
64962
64979
64988
64989
65008
65021
65028
65031
65033
65052
65057
65069
65072
65073
65074
65081
65100
65116
65121
65139
65172
65196
65204
65209
65211
65258
65292
65295
65320
65342
65370
65371
65376
65379
65393
65400
65442
65457
65468
65475
65488
65506
65511
65523
65544
65558
65559
65569
65597
65598
65608
65611
65632
65658
65678
65683
65685
65686
65713
65748
65758
65765
65776
65782
65801
65830
65831
65847
65875
65892
65903
65911
65915
65946
65947
65981
65998
66006
66013
66014
66020
66025
66044
66063
66068
66069
66080
66081
66097
66112
66123
66133
66139
66157
66166
66186
66211
66221
66239
66245
66261
66262
66269
66272
66302
66310
66311
66313
66318
66338
66353
66354
66371
66394
66396
66398
66406
66430
66440
66448
66463
66467
66470
66483
66484
66495
66509
66512
66545
66556
66557
66568
66574
66575
66576
66592
66600
66602
66612
66665
66673
66691
66695
66701
66706
66711
66713
66721
66736
66745
66758
66774
66776
66782
66810
66814
66821
66827
66832
66834
66855
66856
66861
66869
66876
66882
66914
66940
66957
66966
66976
66980
66995
67002
67022
67025
67043
67052
67103
67108
67121
67125
67127
67132
67144
67147
67149
67167
67173
67175
67176
67184
67210
67216
67225
67236
67238
67269
67279
67280
67287
67297
67324
67325
67327
67359
67387
67388
67391
67400
67416
67425
67437
67456
67471
67474
67475
67476
67484
67500
67512
67513
67516
67531
67560
67580
67592
67597
67601
67606
67607
67617
67628
67654
67656
67664
67665
67696
67715
67741
67748
67755
67756
67766
67770
67794
67799
67807
67810
67813
67831
67848
67860
67863
67865
67870
67880
67891
67895
67917
67922
67953
67957
67970
67975
67991
67998
68001
68002
68024
68046
68055
68109
68119
68125
68129
68138
68141
68175
68178
68179
68183
68201
68234
68246
68265
68269
68288
68293
68294
68303
68334
68342
68355
68360
68372
68376
68390
68418
68420
68425
68438
68476
68481
68509
68519
68531
68542
68565
68579
68581
68616
68623
68635
68664
68689
68698
68706
68708
68727
68734
68740
68754
68758
68783
68785
68786
68791
68793
68806
68819
68824
68837
68846
68848
68863
68875
68876
68899
68915
68924
68949
68964
68967
68976
68988
68999
69024
69093
69111
69113
69115
69117
69126
69138
69141
69158
69171
69176
69181
69182
69186
69194
69201
69206
69208
69209
69218
69235
69262
69269
69272
69278
69296
69306
69315
69330
69334
69344
69345
69346
69348
69349
69354
69368
69392
69400
69407
69439
69440
69442
69483
69512
69530
69540
69544
69553
69554
69555
69564
69568
69585
69588
69600
69601
69603
69615
69621
69624
69638
69649
69662
69685
69709
69716
69720
69732
69781
69791
69794
69838
69844
69851
69881
69888
69896
69899
69904
69910
69915
69921
69929
69932
69942
69949
69951
69954
69958
69983
70001
70007
70012
70032
70059
70078
70079
70082
70097
70107
70149
70151
70156
70167
70171
70185
70186
70192
70200
70210
70211
70234
70252
70277
70292
70294
70309
70330
70396
70410
70412
70446
70473
70478
70492
70493
70506
70509
70515
70530
70541
70555
70559
70573
70587
70612
70613
70643
70650
70655
70668
70669
70706
70730
70734
70739
70750
70763
70774
70779
70795
70802
70806
70812
70826
70841
70857
70859
70866
70883
70884
70889
70908
70915
70938
70940
70963
70974
71021
71027
71040
71051
71060
71083
71090
71104
71111
71143
71152
71177
71180
71185
71215
71218
71223
71246
71248
71263
71283
71290
71298
71327
71335
71341
71347
71349
71352
71356
71361
71366
71369
71390
71395
71397
71406
71408
71440
71445
71497
71513
71524
71529
71539
71540
71551
71553
71560
71574
71575
71580
71602
71617
71625
71653
71655
71680
71686
71689
71704
71729
71730
71733
71773
71775
71783
71784
71787
71792
71803
71804
71824
71843
71852
71864
71876
71897
71904
71906
71908
71919
71922
71930
71931
71937
71956
71960
71977
72027
72062
72076
72080
72088
72113
72121
72124
72138
72145
72167
72181
72185
72191
72192
72198
72219
72226
72255
72267
72279
72296
72300
72309
72353
72362
72367
72369
72383
72401
72404
72433
72439
72445
72460
72468
72508
72522
72529
72550
72560
72571
72578
72586
72595
72608
72643
72682
72689
72700
72709
72720
72758
72773
72787
72794
72809
72839
72855
72864
72869
72873
72879
72885
72935
72952
72968
72975
72986
72992
72996
73031
73044
73072
73090
73093
73107
73113
73116
73136
73139
73143
73155
73167
73170
73175
73180
73186
73200
73217
73218
73225
73229
73232
73242
73255
73266
73276
73286
73297
73310
73327
73331
73342
73345
73351
73352
73357
73362
73374
73389
73392
73393
73395
73424
73444
73461
73462
73488
73498
73506
73512
73514
73515
73517
73527
73530
73536
73556
73566
73567
73594
73599
73600
73631
73641
73648
73658
73665
73674
73680
73682
73707
73718
73719
73733
73735
73748
73759
73767
73776
73788
73792
73799
73801
73802
73810
73815
73851
73904
73906
73908
73909
73910
73924
73952
73955
73975
73983
73988
74019
74020
74052
74060
74072
74106
74122
74164
74171
74178
74187
74197
74214
74244
74249
74250
74263
74273
74284
74287
74291
74318
74322
74333
74350
74356
74358
74374
74391
74404
74425
74427
74436
74442
74449
74482
74488
74515
74522
74523
74539
74570
74633
74652
74658
74665
74669
74670
74686
74695
74719
74728
74733
74741
74743
74746
74748
74754
74770
74772
74793
74795
74813
74822
74824
74826
74832
74847
74856
74858
74870
74909
74910
74912
74913
74917
74941
74948
74955
74982
75004
75016
75023
75039
75068
75070
75085
75102
75106
75127
75135
75141
75156
75173
75178
75186
75201
75204
75208
75210
75245
75257
75261
75275
75282
75283
75294
75343
75345
75347
75352
75354
75355
75362
75364
75384
75391
75393
75404
75405
75408
75412
75430
75439
75447
75450
75458
75460
75483
75485
75486
75500
75502
75505
75514
75522
75530
75546
75561
75579
75584
75611
75621
75624
75632
75634
75658
75673
75684
75712
75728
75765
75770
75773
75796
75813
75816
75827
75833
75836
75848
75863
75868
75886
75901
75909
75915
75920
75933
75978
76009
76015
76025
76029
76030
76033
76042
76048
76057
76090
76105
76109
76118
76123
76150
76180
76198
76212
76226
76227
76229
76232
76251
76293
76299
76327
76366
76370
76377
76397
76415
76416
76426
76485
76492
76518
76532
76537
76539
76551
76557
76559
76562
76572
76593
76594
76599
76605
76606
76617
76639
76663
76674
76682
76683
76701
76705
76724
76728
76754
76762
76766
76767
76780
76782
76796
76798
76821
76824
76833
76847
76860
76861
76878
76882
76886
76890
76897
76900
76903
76925
76933
76953
76959
76961
76972
76973
76993
77004
77015
77032
77052
77053
77060
77087
77116
77129
77194
77197
77210
77220
77226
77228
77264
77273
77284
77295
77301
77302
77310
77330
77333
77335
77344
77346
77350
77354
77362
77363
77386
77399
77419
77459
77478
77479
77497
77507
77508
77521
77547
77549
77550
77552
77566
77571
77576
77577
77581
77588
77594
77618
77642
77664
77690
77721
77727
77734
77740
77756
77758
77764
77779
77781
77783
77806
77810
77813
77842
77856
77869
77875
77882
77892
77897
77912
77959
78004
78026
78048
78067
78070
78084
78089
78096
78103
78105
78144
78151
78157
78170
78181
78197
78211
78218
78245
78249
78255
78272
78276
78285
78299
78300
78314
78317
78341
78354
78355
78363
78367
78371
78377
78404
78408
78412
78419
78425
78426
78446
78456
78471
78505
78520
78527
78534
78542
78574
78575
78579
78589
78601
78632
78652
78654
78659
78674
78682
78696
78701
78705
78720
78726
78727
78740
78747
78788
78794
78795
78822
78832
78863
78866
78867
78873
78901
78912
78918
78931
78959
78962
78965
78969
78992
79007
79015
79026
79032
79037
79042
79045
79081
79085
79089
79094
79106
79123
79127
79136
79137
79147
79150
79155
79163
79169
79170
79173
79175
79203
79207
79209
79224
79225
79237
79277
79289
79290
79293
79300
79308
79315
79319
79343
79353
79355
79366
79367
79387
79402
79403
79405
79412
79413
79418
79430
79439
79474
79508
79516
79524
79532
79538
79575
79604
79620
79630
79633
79647
79649
79651
79670
79685
79707
79714
79725
79763
79792
79799
79803
79819
79835
79900
79903
79907
79910
79917
79921
79922
79928
79939
79943
79959
79964
79968
79976
79983
80053
80068
80073
80094
80112
80115
80131
80148
80155
80157
80169
80184
80194
80214
80220
80224
80236
80261
80263
80268
80270
80273
80313
80328
80330
80331
80363
80374
80376
80392
80397
80399
80403
80408
80426
80436
80445
80454
80455
80456
80476
80478
80497
80509
80524
80525
80529
80536
80542
80549
80552
80593
80644
80648
80651
80657
80662
80677
80678
80688
80694
80695
80704
80730
80743
80749
80760
80776
80780
80795
80803
80807
80818
80862
80874
80890
80895
80903
80911
80949
80953
80957
80958
80981
80983
80993
81010
81019
81030
81040
81061
81093
81103
81125
81140
81143
81148
81167
81173
81178
81180
81181
81194
81205
81210
81217
81224
81225
81229
81237
81251
81273
81281
81282
81283
81287
81303
81316
81323
81328
81330
81342
81380
81394
81413
81455
81456
81500
81517
81546
81547
81558
81568
81570
81575
81577
81600
81612
81614
81616
81658
81675
81676
81683
81693
81694
81696
81705
81717
81735
81756
81758
81779
81781
81783
81801
81804
81805
81814
81831
81833
81846
81847
81859
81878
81889
81911
81917
81940
81941
81945
81967
81998
82014
82032
82038
82054
82071
82075
82094
82108
82162
82163
82185
82188
82193
82206
82207
82212
82258
82271
82273
82289
82310
82314
82335
82339
82354
82373
82378
82382
82408
82437
82452
82465
82489
82519
82526
82544
82572
82576
82581
82596
82601
82616
82629
82631
82632
82633
82652
82659
82670
82697
82701
82709
82729
82734
82747
82756
82767
82836
82854
82879
82883
82892
82915
82932
82960
82962
82966
82980
82988
82989
83001
83019
83030
83043
83044
83045
83092
83099
83218
83226
83236
83249
83257
83269
83275
83280
83290
83291
83297
83312
83322
83328
83335
83371
83397
83414
83416
83421
83424
83426
83446
83447
83451
83466
83478
83486
83517
83533
83545
83548
83565
83583
83587
83596
83598
83604
83607
83619
83634
83636
83660
83670
83688
83708
83736
83756
83761
83772
83778
83787
83790
83802
83810
83836
83842
83869
83870
83881
83884
83890
83938
83984
84018
84025
84026
84028
84040
84041
84043
84045
84063
84082
84093
84095
84125
84143
84174
84186
84191
84198
84214
84217
84226
84239
84240
84247
84248
84313
84327
84337
84350
84358
84371
84372
84393
84404
84419
84421
84422
84432
84450
84493
84518
84524
84547
84548
84588
84593
84596
84604
84608
84612
84620
84621
84625
84633
84636
84640
84645
84648
84662
84673
84677
84701
84702
84707
84715
84718
84720
84728
84734
84780
84803
84807
84810
84826
84837
84879
84880
84883
84889
84890
84914
84946
84969
85015
85021
85032
85036
85044
85085
85088
85096
85097
85154
85155
85166
85171
85191
85232
85234
85250
85258
85262
85263
85269
85270
85280
85287
85289
85297
85298
85300
85302
85308
85309
85310
85313
85330
85333
85353
85362
85372
85394
85410
85430
85438
85458
85460
85465
85467
85474
85481
85485
85488
85490
85503
85519
85522
85529
85531
85544
85546
85550
85572
85620
85652
85659
85686
85718
85741
85763
85767
85801
85828
85838
85845
85858
85867
85880
85881
85907
85914
85932
85951
85961
86000
86003
86011
86015
86032
86042
86061
86068
86076
86083
86088
86093
86103
86109
86137
86154
86156
86161
86162
86163
86173
86179
86194
86199
86237
86258
86273
86291
86293
86300
86312
86323
86326
86365
86421
86451
86467
86478
86480
86489
86496
86497
86508
86523
86547
86558
86566
86567
86570
86600
86602
86603
86616
86643
86645
86657
86672
86674
86688
86689
86701
86729
86730
86731
86765
86767
86774
86780
86784
86793
86813
86832
86835
86837
86838
86842
86848
86866
86869
86886
86903
86907
86924
86931
86949
86955
86957
86969
86973
87013
87027
87043
87058
87067
87079
87085
87128
87130
87140
87147
87155
87182
87196
87200
87216
87227
87245
87246
87248
87260
87275
87277
87278
87285
87294
87307
87309
87335
87340
87341
87372
87396
87403
87409
87441
87449
87454
87470
87477
87487
87505
87519
87525
87531
87550
87581
87590
87602
87609
87613
87630
87664
87674
87677
87691
87694
87698
87701
87724
87727
87737
87749
87757
87759
87766
87789
87791
87797
87798
87822
87828
87832
87851
87854
87860
87906
87937
87938
87941
87988
88029
88034
88042
88080
88085
88090
88094
88101
88117
88131
88135
88138
88149
88163
88165
88194
88199
88233
88240
88242
88245
88247
88252
88253
88263
88266
88301
88307
88313
88330
88337
88358
88363
88370
88391
88395
88396
88415
88424
88437
88450
88485
88496
88497
88501
88520
88526
88527
88576
88582
88592
88603
88614
88625
88634
88670
88678
88690
88703
88709
88770
88771
88772
88784
88794
88809
88818
88835
88838
88839
88845
88859
88878
88880
88906
88918
88922
88927
88942
88961
88970
88972
88980
88994
88999
89022
89058
89065
89068
89072
89077
89085
89093
89110
89117
89123
89124
89133
89140
89169
89177
89180
89218
89241
89268
89273
89323
89333
89340
89365
89380
89389
89400
89405
89447
89452
89456
89480
89482
89486
89503
89518
89522
89525
89530
89539
89543
89551
89558
89560
89567
89573
89574
89590
89592
89598
89610
89622
89627
89650
89654
89662
89680
89681
89687
89694
89724
89725
89736
89749
89756
89761
89768
89771
89778
89804
89837
89858
89859
89923
89924
89935
89961
90025
90053
90057
90059
90076
90085
90104
90108
90110
90124
90144
90190
90198
90215
90218
90224
90225
90228
90242
90260
90306
90311
90319
90323
90328
90334
90382
90389
90455
90458
90466
90478
90497
90506
90510
90591
90605
90615
90622
90626
90652
90665
90687
90688
90694
90697
90700
90703
90721
90752
90768
90779
90780
90781
90805
90818
90834
90844
90847
90868
90888
90891
90896
90918
90930
90935
90942
90953
90957
90989
90994
91008
91011
91012
91013
91030
91031
91033
91042
91046
91070
91076
91084
91089
91092
91108
91112
91140
91147
91156
91159
91175
91182
91201
91228
91231
91255
91269
91271
91279
91304
91311
91332
91340
91342
91346
91352
91354
91372
91382
91393
91408
91410
91438
91453
91524
91526
91528
91530
91532
91563
91573
91574
91611
91619
91620
91621
91633
91636
91643
91653
91669
91684
91686
91694
91709
91711
91722
91740
91748
91769
91770
91771
91786
91796
91806
91811
91819
91845
91862
91866
91907
91911
91912
91943
91951
91963
91974
91990
92017
92042
92059
92077
92124
92135
92138
92149
92155
92168
92203
92230
92263
92273
92298
92317
92336
92341
92342
92353
92354
92357
92363
92369
92377
92380
92389
92390
92413
92417
92437
92455
92461
92471
92472
92475
92493
92501
92510
92523
92527
92532
92553
92572
92574
92582
92583
92585
92588
92589
92600
92616
92619
92636
92648
92651
92673
92682
92683
92693
92697
92701
92709
92725
92742
92752
92754
92756
92781
92785
92835
92850
92853
92856
92865
92869
92872
92883
92895
92896
92905
92913
92914
92915
92924
92932
92955
92958
92959
92985
92992
93009
93025
93027
93032
93048
93053
93054
93068
93071
93072
93074
93089
93106
93110
93113
93130
93146
93150
93152
93155
93170
93173
93181
93187
93189
93209
93217
93223
93240
93256
93259
93260
93262
93263
93264
93267
93281
93286
93324
93326
93327
93346
93359
93367
93368
93383
93419
93430
93431
93433
93447
93459
93472
93482
93496
93501
93514
93524
93532
93533
93543
93548
93569
93571
93572
93575
93581
93591
93632
93656
93667
93674
93680
93700
93722
93726
93729
93756
93769
93775
93787
93804
93831
93842
93843
93876
93893
93910
93919
93922
93926
93949
93960
93967
93973
93975
93980
93989
93995
94004
94007
94013
94024
94030
94035
94036
94055
94060
94061
94100
94106
94133
94135
94141
94148
94189
94197
94199
94207
94222
94247
94253
94276
94312
94317
94371
94384
94388
94392
94405
94412
94413
94423
94432
94436
94437
94446
94472
94492
94496
94501
94502
94503
94530
94543
94560
94567
94574
94592
94596
94600
94608
94629
94641
94649
94650
94651
94659
94666
94672
94680
94694
94702
94703
94706
94718
94733
94747
94749
94756
94758
94773
94779
94789
94807
94811
94817
94823
94836
94844
94850
94858
94867
94898
94910
94946
94947
94951
94960
94968
94972
94979
94999
95010
95016
95027
95028
95034
95064
95112
95135
95158
95165
95168
95176
95188
95234
95242
95251
95257
95265
95266
95274
95280
95286
95289
95303
95308
95311
95314
95321
95324
95343
95350
95382
95393
95398
95399
95400
95412
95425
95432
95435
95443
95445
95454
95464
95466
95470
95497
95511
95534
95545
95548
95573
95584
95599
95621
95650
95655
95669
95675
95714
95718
95721
95767
95798
95814
95815
95847
95869
95883
95884
95898
95923
95943
95947
95981
96110
96140
96157
96183
96188
96189
96211
96231
96233
96236
96238
96244
96262
96271
96285
96309
96321
96332
96367
96374
96396
96397
96403
96408
96421
96428
96455
96461
96465
96474
96484
96512
96516
96520
96527
96539
96544
96555
96587
96590
96612
96619
96622
96647
96649
96652
96663
96670
96672
96676
96681
96687
96733
96739
96752
96759
96783
96784
96804
96808
96816
96825
96827
96836
96871
96873
96897
96941
96945
96996
97023
97025
97033
97041
97045
97054
97074
97078
97087
97105
97119
97133
97140
97142
97147
97160
97168
97169
97196
97206
97211
97222
97227
97240
97247
97252
97268
97271
97274
97275
97277
97282
97306
97308
97312
97315
97347
97354
97358
97365
97375
97385
97399
97411
97418
97421
97433
97434
97437
97439
97446
97450
97457
97480
97492
97493
97494
97507
97514
97519
97529
97533
97545
97557
97559
97564
97628
97629
97632
97655
97658
97660
97669
97675
97692
97716
97724
97726
97735
97752
97759
97760
97769
97781
97823
97826
97833
97834
97842
97871
97883
97919
97924
97930
97967
97968
97970
97976
97991
97992
98003
98007
98009
98035
98045
98046
98055
98069
98078
98098
98100
98140
98150
98202
98211
98214
98231
98238
98249
98251
98255
98265
98267
98280
98282
98289
98292
98318
98342
98350
98357
98365
98372
98376
98441
98452
98464
98475
98482
98496
98529
98534
98549
98551
98556
98559
98572
98581
98584
98613
98638
98649
98669
98674
98703
98714
98723
98724
98730
98733
98741
98756
98757
98758
98760
98778
98794
98820
98821
98822
98834
98841
98846
98880
98898
98904
98908
98915
98925
98935
98966
98969
98990
99003
99004
99019
99035
99042
99044
99045
99048
99052
99067
99083
99086
99095
99097
99103
99119
99126
99127
99129
99148
99152
99163
99167
99174
99217
99218
99224
99232
99238
99245
99278
99279
99282
99297
99302
99310
99313
99318
99319
99335
99338
99341
99344
99361
99367
99374
99394
99402
99412
99475
99476
99492
99501
99512
99564
99567
99580
99595
99598
99633
99640
99649
99654
99656
99673
99675
99676
99731
99738
99739
99745
99755
99774
99782
99802
99820
99822
99828
99831
99888
99893
99896
99899
99905
99909
99912
99932
99933
99962
99980
99981
99990
99994
99999
--------
8
28
39
48
50
54
59
66
82
107
109
122
125
128
130
133
136
138
147
168
187
189
191
211
213
215
220
225
227
236
238
240
246
257
266
267
278
306
307
324
334
335
357
385
417
418
427
436
437
447
487
499
501
517
534
543
574
589
595
618
621
630
643
646
663
669
683
686
716
738
752
755
768
772
777
782
791
794
812
838
841
843
860
861
873
885
908
916
938
958
966
983
999
1003
1009
1025
1037
1050
1053
1055
1070
1085
1087
1112
1155
1159
1165
1172
1182
1199
1207
1212
1218
1236
1243
1249
1266
1272
1285
1297
1332
1342
1358
1384
1387
1419
1430
1448
1463
1467
1481
1487
1493
1509
1522
1524
1560
1568
1569
1570
1583
1587
1613
1617
1631
1633
1659
1667
1674
1675
1682
1684
1685
1703
1725
1730
1753
1760
1771
1782
1801
1816
1821
1833
1841
1851
1853
1857
1864
1870
1873
1883
1885
1917
1925
1931
1939
1952
1962
1982
2000
2015
2022
2037
2039
2099
2109
2110
2126
2140
2157
2177
2202
2211
2224
2236
2264
2275
2281
2291
2297
2302
2309
2324
2335
2368
2375
2381
2382
2395
2424
2425
2460
2463
2465
2485
2489
2493
2513
2516
2526
2535
2555
2568
2582
2619
2630
2647
2657
2665
2667
2699
2703
2709
2713
2732
2733
2766
2774
2775
2799
2801
2813
2821
2831
2838
2842
2851
2860
2871
2883
2889
2901
2920
2952
2965
2969
2970
2973
2975
2979
2998
3004
3022
3026
3034
3047
3066
3088
3099
3101
3126
3145
3146
3153
3165
3194
3199
3214
3217
3231
3244
3252
3254
3255
3258
3263
3295
3297
3306
3328
3337
3342
3346
3348
3362
3368
3369
3370
3372
3386
3396
3471
3472
3486
3491
3492
3548
3556
3562
3569
3572
3582
3603
3626
3632
3648
3660
3666
3672
3673
3696
3729
3744
3764
3769
3771
3797
3806
3832
3846
3855
3857
3868
3916
3921
3935
3954
3968
3973
3980
3994
3997
4000
4008
4009
4014
4061
4084
4107
4108
4115
4122
4132
4144
4148
4172
4189
4199
4223
4234
4238
4269
4272
4278
4285
4290
4305
4314
4349
4350
4362
4367
4372
4376
4395
4428
4433
4449
4471
4473
4490
4491
4494
4496
4505
4526
4529
4543
4602
4621
4623
4630
4631
4643
4672
4697
4719
4731
4735
4746
4759
4763
4772
4816
4822
4841
4847
4854
4862
4864
4865
4872
4879
4889
4901
4907
4932
4944
4953
4960
4979
4986
4993
5002
5017
5021
5022
5035
5048
5050
5052
5076
5088
5101
5108
5118
5121
5142
5145
5147
5154
5155
5170
5177
5180
5181
5202
5225
5227
5232
5239
5246
5262
5266
5274
5292
5306
5314
5331
5347
5348
5355
5373
5394
5412
5431
5440
5456
5461
5472
5479
5481
5482
5524
5578
5579
5589
5597
5599
5605
5625
5634
5638
5642
5648
5654
5657
5688
5711
5726
5747
5750
5757
5783
5803
5809
5842
5843
5858
5861
5892
5893
5898
5901
5905
5907
5928
5934
5937
5977
5978
5991
5995
5997
6001
6006
6014
6016
6044
6062
6070
6118
6139
6149
6159
6172
6175
6189
6195
6205
6222
6235
6240
6296
6304
6352
6358
6371
6375
6387
6392
6404
6428
6435
6439
6466
6508
6512
6519
6533
6566
6567
6580
6633
6634
6637
6661
6664
6678
6683
6719
6723
6744
6752
6759
6775
6779
6791
6807
6831
6849
6853
6855
6874
6903
6911
6913
6919
6924
6942
6944
6949
6956
6965
6997
7003
7013
7020
7044
7049
7069
7119
7130
7131
7133
7142
7145
7157
7163
7164
7174
7182
7185
7187
7234
7243
7252
7256
7275
7298
7314
7334
7345
7350
7351
7379
7393
7407
7418
7454
7475
7485
7486
7490
7493
7531
7533
7539
7571
7572
7589
7594
7595
7599
7610
7616
7625
7640
7653
7664
7666
7670
7673
7676
7691
7700
7707
7752
7757
7777
7798
7802
7837
7855
7857
7863
7867
7869
7878
7892
7917
7920
7923
7925
7942
7944
7947
7953
7957
7974
7979
8005
8034
8051
8056
8060
8081
8090
8103
8138
8161
8162
8195
8227
8240
8253
8260
8265
8288
8292
8295
8302
8308
8316
8348
8356
8359
8363
8366
8376
8378
8386
8388
8394
8412
8433
8451
8456
8457
8463
8471
8503
8507
8511
8520
8539
8610
8612
8639
8648
8663
8669
8670
8680
8681
8705
8709
8727
8742
8747
8752
8777
8780
8784
8787
8795
8799
8816
8823
8854
8883
8890
8892
8896
8916
8918
8926
8934
8941
8945
8951
8953
8964
8969
8993
9002
9011
9020
9062
9081
9094
9105
9107
9178
9186
9199
9201
9206
9216
9219
9221
9224
9231
9253
9267
9280
9281
9300
9313
9314
9324
9334
9350
9393
9400
9401
9402
9406
9438
9441
9443
9449
9455
9456
9458
9460
9472
9502
9514
9517
9518
9529
9545
9557
9587
9589
9593
9598
9609
9642
9659
9694
9697
9700
9701
9724
9762
9782
9785
9790
9798
9808
9810
9813
9820
9850
9858
9866
9870
9917
9946
9960
9993
10005
10009
10027
10038
10051
10055
10060
10087
10109
10121
10141
10150
10157
10159
10166
10173
10182
10183
10203
10206
10208
10213
10217
10238
10250
10277
10345
10362
10367
10376
10378
10379
10381
10399
10414
10420
10429
10439
10443
10448
10478
10484
10492
10495
10498
10526
10559
10564
10582
10600
10618
10625
10638
10641
10649
10653
10665
10674
10680
10683
10692
10694
10705
10715
10736
10744
10759
10776
10801
10827
10829
10835
10838
10844
10846
10856
10861
10867
10873
10883
10900
10909
10920
10921
10939
10945
10947
10961
10979
10991
10992
11006
11035
11085
11096
11109
11117
11120
11122
11132
11142
11205
11226
11232
11247
11255
11268
11269
11290
11310
11311
11317
11318
11325
11347
11353
11361
11367
11377
11382
11387
11396
11402
11464
11474
11491
11496
11509
11512
11518
11522
11525
11527
11543
11546
11547
11552
11560
11565
11571
11580
11647
11651
11659
11662
11667
11683
11695
11707
11708
11728
11732
11748
11754
11784
11822
11892
11893
11926
11929
11937
11944
11950
11990
12004
12005
12027
12032
12042
12046
12048
12099
12111
12120
12149
12151
12158
12189
12191
12198
12201
12214
12231
12248
12264
12294
12299
12310
12321
12328
12332
12358
12370
12375
12391
12393
12411
12414
12431
12433
12445
12448
12473
12479
12488
12494
12495
12498
12504
12529
12540
12546
12549
12575
12605
12615
12632
12656
12673
12688
12706
12709
12711
12723
12729
12734
12736
12740
12748
12753
12764
12767
12783
12785
12788
12833
12861
12888
12894
12915
12936
12949
12967
12971
13026
13029
13033
13046
13047
13108
13118
13168
13176
13182
13199
13201
13213
13214
13240
13241
13282
13290
13322
13333
13335
13340
13346
13347
13348
13350
13367
13384
13410
13419
13445
13446
13472
13474
13515
13520
13532
13539
13557
13558
13562
13580
13581
13585
13586
13598
13601
13616
13632
13653
13655
13656
13672
13674
13675
13701
13708
13711
13720
13748
13767
13784
13793
13796
13805
13822
13826
13841
13845
13846
13847
13852
13869
13874
13885
13893
13902
13922
13929
13942
13945
13960
13973
13979
13994
14001
14013
14016
14027
14038
14046
14056
14066
14070
14086
14093
14102
14127
14140
14147
14155
14162
14188
14190
14197
14208
14218
14228
14235
14239
14256
14271
14282
14339
14340
14347
14358
14371
14394
14415
14421
14422
14443
14451
14454
14473
14480
14497
14528
14530
14536
14547
14550
14588
14590
14596
14599
14626
14633
14643
14647
14674
14682
14690
14691
14701
14704
14705
14731
14762
14768
14777
14780
14839
14846
14848
14868
14870
14883
14901
14911
14942
14953
14957
14959
14960
14972
14974
14981
15009
15010
15025
15055
15056
15061
15063
15081
15101
15122
15126
15127
15133
15145
15148
15158
15169
15180
15182
15190
15231
15236
15239
15240
15251
15269
15291
15293
15304
15312
15339
15345
15347
15350
15362
15379
15388
15403
15405
15415
15428
15429
15439
15442
15444
15449
15468
15473
15474
15480
15491
15494
15503
15516
15518
15551
15562
15571
15612
15626
15629
15637
15640
15643
15682
15696
15702
15710
15721
15735
15740
15764
15788
15809
15814
15817
15853
15861
15878
15879
15894
15895
15932
15934
15939
15944
15947
15957
15979
15994
16016
16018
16020
16025
16044
16047
16075
16088
16092
16095
16105
16113
16117
16118
16130
16140
16145
16146
16158
16191
16192
16193
16199
16240
16282
16313
16314
16321
16329
16330
16335
16339
16344
16349
16376
16382
16390
16397
16414
16418
16419
16459
16464
16465
16466
16496
16524
16526
16538
16541
16545
16546
16587
16592
16593
16599
16607
16608
16609
16616
16618
16621
16626
16660
16673
16681
16688
16698
16701
16709
16723
16750
16751
16753
16765
16776
16790
16825
16858
16865
16876
16900
16910
16911
16975
16994
17004
17005
17010
17033
17051
17058
17067
17070
17083
17092
17104
17112
17115
17135
17146
17166
17185
17189
17191
17222
17234
17235
17248
17252
17253
17265
17266
17286
17288
17291
17296
17298
17322
17323
17334
17342
17355
17358
17376
17382
17383
17395
17398
17399
17405
17435
17437
17439
17447
17460
17487
17493
17515
17518
17519
17533
17556
17561
17576
17586
17588
17590
17604
17618
17639
17640
17643
17647
17648
17651
17654
17661
17674
17678
17690
17698
17738
17764
17778
17779
17791
17794
17828
17844
17869
17882
17902
17909
17921
17932
17936
17941
17951
17955
17961
17963
17986
18004
18006
18008
18015
18022
18026
18041
18053
18072
18086
18100
18108
18114
18129
18151
18165
18178
18190
18229
18235
18260
18264
18272
18281
18286
18287
18301
18304
18306
18318
18333
18334
18346
18372
18374
18391
18394
18431
18432
18480
18486
18491
18496
18500
18523
18538
18570
18582
18593
18602
18604
18605
18609
18613
18617
18620
18639
18643
18651
18653
18658
18665
18685
18705
18710
18711
18727
18729
18741
18750
18753
18754
18755
18759
18761
18793
18794
18797
18803
18812
18813
18822
18823
18833
18837
18850
18853
18867
18870
18906
18907
18925
18940
18950
18958
18959
18961
18969
18990
18994
19002
19008
19014
19021
19039
19040
19044
19046
19061
19062
19073
19084
19095
19101
19111
19113
19118
19124
19132
19134
19141
19148
19158
19173
19188
19229
19241
19270
19284
19287
19308
19312
19318
19319
19327
19335
19339
19353
19383
19388
19422
19434
19442
19450
19463
19465
19471
19473
19479
19497
19499
19523
19532
19537
19547
19565
19574
19577
19612
19617
19650
19697
19714
19751
19758
19761
19771
19793
19802
19809
19810
19821
19823
19841
19875
19877
19882
19896
19900
19903
19904
19919
19925
19930
19947
19962
19963
19980
20000
20011
20012
20017
20031
20035
20058
20061
20065
20076
20117
20121
20125
20144
20148
20154
20162
20193
20194
20199
20204
20213
20221
20223
20233
20240
20252
20254
20259
20267
20269
20271
20279
20292
20344
20346
20354
20361
20367
20389
20411
20414
20432
20446
20459
20475
20494
20520
20524
20530
20541
20558
20565
20579
20586
20587
20646
20676
20702
20713
20716
20742
20750
20751
20758
20760
20762
20771
20775
20823
20873
20881
20893
20913
20919
20925
20934
20935
20937
20946
20956
20957
20988
21001
21007
21022
21027
21030
21033
21078
21102
21107
21120
21147
21154
21165
21173
21181
21207
21225
21236
21247
21269
21316
21320
21329
21337
21340
21365
21367
21384
21385
21391
21397
21418
21439
21443
21451
21462
21463
21470
21480
21486
21489
21491
21503
21509
21512
21522
21524
21534
21538
21603
21609
21635
21671
21689
21698
21715
21720
21786
21792
21813
21816
21830
21838
21853
21872
21906
21918
21921
21922
21947
21955
21982
21983
21993
22000
22021
22037
22110
22114
22116
22123
22125
22126
22131
22144
22147
22149
22167
22173
22181
22203
22207
22215
22228
22230
22258
22296
22298
22318
22322
22333
22337
22359
22360
22366
22370
22386
22398
22416
22420
22425
22429
22453
22476
22510
22518
22524
22528
22533
22564
22567
22579
22593
22607
22617
22632
22640
22641
22644
22677
22681
22682
22692
22705
22707
22712
22730
22736
22787
22788
22807
22837
22867
22881
22898
22923
22934
22946
22970
22989
22996
23000
23015
23026
23036
23039
23044
23063
23067
23068
23081
23082
23083
23090
23100
23143
23152
23165
23167
23171
23178
23183
23192
23198
23200
23209
23219
23225
23226
23227
23228
23231
23232
23233
23247
23256
23287
23290
23295
23310
23314
23316
23318
23333
23335
23337
23340
23366
23396
23399
23403
23409
23423
23428
23431
23432
23438
23446
23467
23471
23483
23488
23515
23536
23540
23541
23571
23575
23583
23591
23618
23629
23630
23647
23650
23655
23657
23678
23686
23692
23699
23728
23730
23744
23791
23854
23873
23898
23906
23911
23941
23953
23958
23964
23973
23993
24007
24016
24056
24061
24074
24082
24085
24088
24095
24110
24115
24127
24160
24164
24178
24183
24187
24203
24212
24228
24253
24257
24259
24267
24272
24278
24283
24286
24293
24297
24306
24317
24345
24354
24371
24383
24393
24405
24409
24433
24434
24474
24495
24518
24523
24529
24585
24587
24600
24617
24624
24632
24645
24652
24673
24674
24713
24714
24718
24719
24721
24748
24756
24764
24778
24791
24811
24825
24827
24861
24889
24890
24894
24900
24921
24940
24958
24971
25004
25005
25018
25020
25041
25044
25045
25057
25072
25078
25087
25100
25101
25117
25118
25126
25140
25146
25153
25165
25174
25175
25180
25203
25215
25224
25243
25288
25291
25310
25337
25344
25345
25364
25377
25384
25390
25396
25412
25423
25460
25467
25489
25507
25508
25517
25520
25528
25534
25539
25545
25564
25610
25640
25663
25666
25682
25689
25706
25712
25759
25761
25781
25784
25808
25815
25842
25854
25863
25876
25889
25902
25914
25930
25944
25946
25954
25961
25967
25976
25977
26001
26019
26023
26028
26037
26047
26076
26077
26083
26086
26093
26138
26143
26150
26173
26183
26187
26201
26206
26223
26244
26273
26274
26293
26310
26315
26316
26356
26360
26372
26389
26396
26436
26453
26463
26473
26492
26510
26543
26545
26597
26600
26604
26610
26614
26624
26643
26646
26663
26666
26673
26677
26680
26682
26708
26710
26720
26729
26756
26759
26799
26809
26814
26820
26842
26843
26883
26891
26912
26914
26920
26924
26930
26941
26948
26955
26976
26978
27020
27035
27040
27047
27055
27059
27066
27084
27090
27115
27138
27151
27155
27156
27159
27169
27174
27234
27257
27268
27272
27277
27289
27292
27301
27325
27326
27346
27359
27370
27398
27421
27423
27433
27438
27440
27442
27485
27498
27510
27522
27523
27537
27561
27564
27597
27598
27602
27603
27608
27618
27619
27634
27640
27655
27679
27698
27703
27708
27721
27729
27748
27788
27791
27808
27817
27828
27834
27835
27839
27851
27865
27869
27876
27896
27897
27901
27918
27924
27927
27938
27972
27974
27975
27987
28005
28016
28039
28042
28045
28059
28060
28062
28074
28085
28090
28092
28103
28106
28122
28158
28163
28165
28180
28197
28208
28240
28254
28286
28306
28333
28358
28405
28425
28428
28441
28451
28455
28462
28472
28477
28479
28482
28496
28509
28538
28541
28554
28555
28595
28602
28611
28623
28625
28627
28656
28661
28681
28697
28711
28717
28735
28741
28755
28777
28793
28796
28805
28814
28847
28848
28862
28868
28886
28896
28904
28914
28915
28920
28934
28943
28951
28963
29014
29021
29033
29042
29054
29066
29077
29105
29138
29142
29145
29149
29169
29171
29184
29206
29235
29254
29259
29272
29278
29305
29314
29320
29336
29362
29396
29403
29416
29425
29436
29441
29471
29474
29497
29505
29525
29528
29540
29550
29555
29571
29584
29587
29595
29609
29622
29635
29645
29650
29651
29673
29698
29737
29754
29776
29778
29817
29829
29842
29855
29858
29885
29889
29902
29911
29912
29916
29917
29925
29969
29976
29977
29995
30001
30003
30015
30017
30044
30045
30052
30054
30075
30082
30091
30099
30119
30120
30136
30141
30142
30153
30175
30178
30195
30217
30242
30254
30261
30278
30295
30297
30312
30318
30326
30336
30341
30349
30352
30354
30364
30377
30378
30382
30389
30392
30397
30428
30431
30437
30451
30467
30489
30495
30506
30515
30516
30524
30533
30574
30575
30592
30595
30604
30608
30646
30661
30683
30722
30738
30744
30757
30779
30792
30848
30886
30891
30925
30934
30943
30978
30989
31001
31046
31061
31072
31092
31104
31105
31118
31122
31130
31162
31169
31183
31201
31210
31240
31243
31244
31247
31277
31280
31282
31283
31289
31298
31321
31322
31331
31377
31380
31387
31388
31410
31414
31454
31476
31481
31497
31503
31525
31529
31534
31546
31554
31569
31580
31588
31597
31599
31639
31649
31652
31660
31716
31723
31725
31743
31754
31759
31760
31766
31773
31774
31796
31805
31810
31811
31822
31829
31844
31848
31867
31879
31886
31920
31941
31943
31947
31964
31967
31978
31985
31987
31991
31995
32001
32002
32004
32009
32024
32043
32044
32056
32060
32079
32085
32099
32100
32110
32131
32172
32173
32196
32226
32227
32228
32248
32251
32277
32280
32294
32305
32332
32339
32340
32345
32349
32350
32363
32384
32416
32429
32440
32450
32454
32460
32462
32463
32481
32492
32507
32508
32527
32530
32539
32542
32578
32582
32584
32586
32590
32612
32647
32648
32663
32670
32733
32736
32749
32751
32773
32776
32795
32797
32799
32816
32826
32830
32846
32853
32877
32880
32895
32908
32921
32922
32925
32927
32973
33006
33020
33023
33025
33029
33032
33048
33051
33056
33070
33090
33091
33105
33115
33127
33146
33160
33166
33174
33183
33186
33188
33196
33197
33209
33220
33240
33262
33263
33264
33284
33290
33291
33299
33306
33314
33322
33335
33350
33374
33392
33409
33427
33456
33473
33484
33512
33520
33527
33558
33579
33580
33635
33644
33652
33659
33670
33675
33676
33678
33691
33750
33762
33771
33800
33803
33830
33833
33855
33863
33869
33913
33921
33928
33962
34001
34013
34019
34026
34029
34036
34055
34063
34066
34073
34075
34089
34096
34101
34102
34131
34155
34162
34183
34185
34186
34197
34231
34236
34244
34253
34263
34276
34277
34280
34300
34301
34302
34307
34332
34340
34360
34381
34393
34450
34503
34516
34549
34560
34561
34565
34567
34573
34589
34591
34596
34610
34614
34638
34654
34658
34664
34725
34731
34735
34788
34815
34817
34824
34826
34849
34860
34864
34874
34875
34884
34898
34918
34923
34932
34962
34973
34979
34981
34992
34993
35004
35022
35056
35064
35073
35075
35076
35094
35110
35112
35122
35150
35169
35176
35177
35181
35185
35187
35204
35205
35209
35210
35286
35294
35321
35323
35331
35333
35347
35353
35370
35385
35401
35411
35437
35440
35451
35461
35504
35510
35512
35531
35547
35559
35582
35584
35591
35595
35605
35628
35630
35637
35645
35646
35648
35680
35700
35710
35713
35733
35754
35763
35777
35780
35804
35813
35815
35838
35842
35843
35861
35863
35864
35865
35868
35877
35880
35963
35965
35977
35982
36017
36028
36047
36048
36065
36072
36103
36105
36106
36122
36130
36135
36200
36214
36234
36272
36338
36395
36415
36417
36423
36436
36437
36443
36460
36463
36466
36489
36509
36515
36518
36535
36569
36598
36606
36609
36623
36629
36630
36641
36642
36661
36669
36670
36684
36686
36703
36705
36706
36707
36720
36723
36731
36748
36752
36758
36768
36769
36797
36836
36857
36862
36873
36897
36937
36938
36959
36968
36983
36995
37021
37025
37041
37045
37052
37059
37080
37081
37117
37125
37135
37136
37140
37143
37151
37166
37170
37177
37185
37186
37201
37241
37281
37286
37288
37289
37298
37316
37340
37370
37371
37373
37376
37384
37390
37416
37438
37439
37444
37456
37463
37467
37470
37476
37483
37507
37525
37526
37529
37534
37540
37544
37553
37600
37624
37626
37629
37642
37643
37647
37664
37665
37676
37681
37698
37710
37716
37736
37739
37761
37785
37804
37829
37833
37837
37839
37841
37847
37851
37870
37879
37885
37887
37890
37908
37913
37925
37936
37938
37949
37955
37979
38010
38015
38018
38031
38051
38052
38072
38076
38148
38167
38175
38188
38205
38217
38224
38241
38263
38279
38288
38307
38311
38314
38318
38324
38332
38337
38343
38344
38435
38459
38462
38468
38506
38523
38534
38543
38558
38595
38598
38599
38614
38618
38628
38652
38663
38697
38698
38726
38733
38763
38765
38767
38775
38779
38782
38794
38829
38838
38847
38849
38858
38890
38893
38918
38922
38937
38948
38956
38993
38995
39000
39030
39031
39062
39075
39106
39111
39150
39156
39159
39173
39197
39199
39212
39226
39229
39235
39245
39250
39256
39274
39299
39303
39329
39359
39382
39388
39402
39408
39421
39427
39450
39451
39458
39475
39490
39528
39545
39552
39564
39587
39630
39631
39636
39643
39656
39660
39667
39677
39683
39685
39703
39713
39718
39727
39735
39738
39740
39745
39778
39779
39780
39784
39825
39847
39850
39855
39871
39916
39922
39924
39963
39980
39981
39991
39996
40003
40032
40045
40056
40071
40083
40103
40158
40159
40168
40180
40182
40197
40203
40211
40231
40238
40248
40310
40320
40329
40332
40371
40379
40391
40406
40418
40419
40449
40455
40465
40481
40499
40505
40516
40519
40527
40536
40547
40570
40581
40600
40603
40605
40611
40658
40661
40668
40676
40677
40679
40686
40744
40745
40754
40762
40767
40778
40793
40812
40820
40827
40830
40881
40890
40894
40897
40902
40908
40915
40923
40938
40945
40959
40972
40986
40990
40999
41001
41011
41016
41018
41021
41028
41046
41053
41055
41067
41085
41092
41094
41104
41121
41124
41136
41165
41166
41197
41236
41237
41251
41268
41282
41291
41292
41303
41324
41331
41343
41351
41357
41362
41364
41368
41389
41393
41398
41412
41414
41417
41419
41425
41429
41430
41436
41450
41457
41463
41471
41485
41533
41537
41538
41548
41560
41563
41601
41602
41603
41620
41632
41645
41648
41670
41687
41690
41697
41698
41700
41711
41713
41719
41727
41733
41756
41760
41765
41776
41793
41796
41864
41880
41881
41889
41895
41898
41922
41928
41940
41948
41959
41983
41986
41987
41989
41994
42011
42014
42022
42038
42046
42050
42057
42065
42070
42078
42083
42088
42091
42135
42137
42146
42149
42161
42183
42186
42209
42215
42230
42257
42273
42286
42287
42289
42290
42312
42315
42321
42328
42362
42370
42373
42384
42397
42400
42435
42437
42439
42460
42474
42477
42521
42522
42524
42529
42536
42537
42544
42551
42552
42561
42573
42605
42607
42644
42654
42656
42674
42700
42722
42744
42747
42753
42788
42803
42809
42828
42837
42849
42860
42861
42873
42890
42914
42917
42955
42962
42969
43014
43016
43034
43037
43045
43060
43090
43130
43131
43133
43170
43189
43201
43208
43209
43218
43244
43249
43259
43273
43275
43284
43286
43300
43345
43357
43365
43374
43436
43441
43450
43453
43469
43497
43502
43505
43511
43535
43541
43543
43551
43567
43580
43617
43619
43635
43651
43659
43660
43679
43695
43734
43758
43768
43779
43817
43824
43829
43841
43851
43855
43868
43885
43888
43900
43919
43921
43922
43936
43955
43973
43975
44017
44032
44066
44069
44080
44085
44101
44120
44133
44136
44140
44141
44146
44153
44158
44172
44187
44211
44212
44240
44248
44253
44261
44263
44269
44271
44289
44292
44296
44298
44303
44305
44323
44349
44365
44366
44386
44388
44394
44406
44421
44423
44429
44440
44461
44475
44496
44511
44517
44538
44550
44557
44583
44588
44599
44620
44684
44707
44710
44734
44745
44746
44790
44794
44798
44802
44812
44814
44815
44821
44827
44836
44837
44863
44874
44879
44887
44890
44891
44893
44894
44914
44925
44926
44934
44944
44961
44979
45039
45040
45077
45083
45093
45108
45115
45124
45132
45154
45159
45168
45177
45178
45196
45207
45224
45254
45263
45277
45310
45322
45323
45353
45361
45391
45393
45394
45405
45422
45423
45424
45427
45445
45448
45461
45469
45470
45476
45485
45491
45496
45504
45510
45561
45576
45620
45630
45662
45668
45673
45684
45689
45714
45719
45733
45736
45744
45762
45764
45773
45782
45801
45825
45836
45841
45876
45881
45906
45919
45944
45952
45956
45969
45990
46010
46022
46037
46043
46064
46079
46090
46103
46104
46105
46144
46163
46196
46209
46233
46239
46245
46247
46280
46301
46321
46338
46346
46356
46360
46383
46390
46414
46415
46417
46422
46453
46512
46538
46539
46545
46548
46551
46552
46553
46593
46598
46617
46631
46634
46639
46664
46681
46696
46703
46709
46719
46764
46778
46786
46805
46812
46825
46863
46877
46883
46888
46914
46919
46920
46922
46931
46939
46973
46996
47009
47036
47052
47057
47069
47075
47091
47123
47145
47162
47169
47180
47181
47190
47207
47222
47253
47262
47273
47287
47289
47292
47294
47300
47303
47330
47337
47339
47342
47346
47348
47361
47369
47372
47373
47435
47441
47449
47474
47475
47478
47485
47494
47496
47498
47503
47506
47523
47528
47531
47551
47555
47556
47570
47577
47588
47597
47633
47640
47670
47671
47678
47681
47703
47708
47713
47724
47746
47751
47756
47763
47772
47774
47808
47831
47832
47850
47858
47860
47865
47879
47898
47906
47929
47959
47974
48009
48010
48028
48054
48056
48069
48086
48093
48129
48135
48138
48140
48156
48175
48204
48219
48235
48254
48262
48265
48283
48288
48290
48298
48351
48352
48354
48357
48358
48362
48390
48392
48406
48407
48410
48419
48430
48449
48463
48469
48474
48494
48503
48507
48509
48515
48525
48530
48547
48550
48595
48598
48648
48653
48654
48655
48687
48690
48712
48738
48748
48775
48776
48795
48813
48817
48835
48840
48850
48877
48880
48889
48900
48924
48927
48957
48977
48978
48981
48998
49019
49028
49031
49035
49054
49055
49088
49102
49110
49113
49115
49158
49164
49167
49183
49187
49202
49203
49204
49210
49233
49236
49238
49244
49245
49268
49282
49317
49328
49336
49339
49364
49374
49375
49387
49396
49406
49421
49422
49424
49428
49447
49449
49473
49489
49498
49507
49508
49522
49545
49589
49599
49605
49617
49625
49631
49636
49639
49644
49646
49648
49650
49653
49667
49671
49718
49719
49725
49733
49734
49747
49754
49772
49795
49824
49827
49833
49845
49849
49862
49873
49891
49912
49928
49938
49952
49953
49978
49995
50012
50019
50054
50061
50063
50079
50093
50103
50106
50118
50123
50156
50167
50173
50181
50186
50191
50220
50229
50293
50294
50297
50305
50313
50316
50322
50326
50340
50344
50349
50361
50368
50370
50392
50399
50401
50409
50410
50413
50429
50457
50461
50472
50480
50541
50557
50565
50572
50579
50580
50593
50596
50598
50625
50636
50650
50660
50665
50669
50681
50691
50692
50700
50712
50714
50722
50743
50746
50759
50761
50770
50800
50802
50821
50854
50856
50866
50886
50912
50937
50945
50966
50968
50975
50977
50995
51017
51033
51041
51066
51067
51070
51079
51084
51096
51107
51116
51127
51141
51152
51160
51182
51195
51211
51218
51228
51286
51288
51316
51326
51334
51336
51339
51348
51369
51371
51399
51450
51452
51462
51482
51514
51528
51558
51565
51570
51573
51587
51598
51604
51610
51636
51641
51647
51655
51656
51668
51688
51693
51697
51699
51721
51728
51742
51751
51773
51776
51786
51791
51799
51821
51824
51832
51842
51873
51885
51888
51914
51936
51961
51980
51981
51985
51997
52001
52014
52018
52063
52070
52080
52098
52101
52103
52104
52109
52110
52120
52125
52179
52225
52240
52297
52321
52330
52333
52352
52355
52362
52382
52390
52392
52394
52406
52409
52414
52440
52454
52468
52484
52531
52537
52548
52563
52575
52592
52594
52604
52618
52623
52642
52646
52656
52672
52677
52678
52687
52708
52715
52762
52763
52787
52789
52804
52811
52815
52818
52825
52829
52840
52853
52858
52859
52866
52870
52876
52883
52886
52887
52899
52904
52919
52927
52949
52958
52997
53022
53034
53042
53050
53058
53066
53086
53087
53089
53092
53105
53146
53153
53173
53176
53191
53200
53201
53209
53227
53230
53233
53235
53248
53263
53307
53308
53309
53313
53336
53339
53340
53348
53359
53380
53395
53406
53423
53432
53433
53439
53442
53466
53471
53475
53505
53514
53517
53532
53570
53583
53604
53619
53620
53641
53663
53667
53690
53706
53719
53726
53729
53744
53751
53760
53788
53789
53806
53808
53819
53837
53838
53842
53844
53871
53874
53883
53904
53910
53921
53922
53937
53942
53954
53968
53970
53973
53990
53991
53994
53998
54011
54012
54047
54068
54073
54076
54077
54089
54090
54144
54145
54146
54150
54151
54173
54193
54199
54212
54230
54236
54252
54263
54279
54285
54307
54310
54335
54336
54341
54366
54378
54381
54389
54406
54417
54423
54429
54445
54451
54453
54456
54458
54461
54472
54479
54481
54483
54496
54497
54527
54546
54553
54578
54586
54601
54616
54631
54634
54653
54657
54659
54687
54699
54700
54716
54723
54736
54744
54778
54789
54794
54799
54807
54813
54840
54872
54912
54922
54929
54934
54955
54964
54971
54990
54994
55008
55015
55030
55055
55067
55071
55079
55080
55082
55089
55091
55096
55110
55114
55119
55133
55137
55154
55168
55175
55182
55216
55226
55229
55233
55246
55257
55291
55301
55307
55326
55329
55337
55342
55361
55362
55366
55382
55388
55395
55406
55416
55431
55434
55440
55448
55457
55491
55495
55519
55520
55525
55527
55529
55564
55565
55573
55585
55589
55604
55605
55606
55614
55626
55644
55672
55685
55690
55692
55697
55734
55739
55752
55801
55804
55805
55807
55809
55814
55839
55903
55932
55933
55946
55979
55981
55989
56004
56010
56025
56028
56030
56035
56073
56084
56085
56090
56091
56096
56129
56146
56169
56170
56175
56190
56195
56199
56208
56224
56236
56237
56279
56283
56285
56286
56301
56312
56313
56317
56320
56349
56354
56370
56377
56383
56386
56400
56403
56417
56440
56486
56522
56524
56529
56542
56544
56547
56565
56567
56575
56579
56594
56605
56649
56656
56675
56696
56711
56713
56717
56753
56782
56784
56802
56809
56813
56817
56819
56838
56839
56848
56879
56881
56889
56918
56921
56958
56964
56967
56968
56976
56977
56993
57003
57007
57043
57062
57078
57092
57133
57159
57166
57211
57225
57226
57246
57282
57284
57289
57291
57317
57329
57330
57346
57353
57359
57367
57381
57382
57392
57395
57409
57416
57443
57444
57448
57451
57452
57461
57466
57493
57496
57510
57511
57541
57590
57594
57595
57605
57615
57620
57669
57676
57731
57739
57754
57759
57764
57774
57778
57782
57783
57795
57804
57850
57899
57926
57930
57935
57944
57946
57948
57963
57965
57987
58011
58015
58021
58022
58026
58029
58055
58059
58084
58093
58137
58147
58169
58190
58216
58222
58259
58275
58318
58360
58385
58404
58413
58418
58421
58435
58451
58452
58468
58477
58518
58545
58564
58565
58574
58584
58587
58596
58600
58602
58613
58620
58627
58648
58650
58652
58676
58678
58693
58728
58745
58748
58758
58765
58766
58790
58794
58805
58813
58824
58825
58828
58834
58836
58851
58854
58876
58882
58898
58908
58911
58919
58930
58947
58955
58971
58977
58995
59026
59028
59033
59075
59089
59094
59099
59101
59104
59118
59141
59149
59177
59182
59185
59189
59214
59229
59247
59260
59262
59277
59304
59318
59319
59325
59328
59340
59352
59369
59389
59411
59415
59420
59422
59425
59431
59444
59445
59486
59508
59533
59537
59544
59558
59566
59586
59598
59603
59604
59606
59620
59622
59628
59631
59637
59652
59664
59682
59732
59735
59743
59752
59759
59761
59770
59797
59823
59848
59864
59869
59878
59921
59930
59937
59945
59965
59966
59989
59996
60020
60022
60029
60035
60040
60072
60087
60089
60091
60099
60103
60143
60154
60177
60194
60205
60226
60278
60286
60303
60309
60319
60321
60329
60347
60348
60361
60366
60409
60435
60444
60465
60471
60487
60489
60494
60495
60509
60511
60513
60531
60558
60561
60578
60599
60608
60616
60622
60624
60637
60657
60671
60707
60716
60717
60718
60719
60731
60732
60735
60737
60744
60751
60755
60766
60773
60785
60789
60797
60805
60819
60825
60833
60837
60852
60856
60904
60917
60919
60931
60935
60944
60957
60978
60998
61020
61032
61035
61055
61076
61077
61080
61093
61099
61100
61113
61131
61132
61140
61184
61201
61202
61207
61208
61228
61238
61242
61248
61250
61309
61311
61312
61326
61348
61362
61365
61379
61388
61390
61403
61418
61431
61457
61460
61487
61504
61506
61511
61526
61551
61592
61600
61604
61627
61640
61644
61682
61683
61699
61720
61723
61740
61788
61794
61805
61806
61824
61831
61837
61869
61870
61879
61880
61896
61898
61899
61911
61957
61975
61986
61987
61997
62015
62018
62025
62035
62036
62067
62091
62120
62123
62134
62137
62160
62189
62193
62217
62233
62241
62251
62258
62272
62296
62318
62341
62342
62344
62356
62364
62382
62384
62412
62422
62435
62447
62454
62455
62498
62528
62556
62564
62573
62583
62594
62621
62631
62638
62639
62646
62671
62679
62689
62696
62702
62712
62716
62731
62783
62795
62797
62800
62816
62860
62879
62914
62951
62959
62970
62978
62997
63005
63021
63031
63032
63037
63040
63048
63057
63059
63084
63091
63094
63095
63099
63102
63106
63116
63117
63118
63119
63124
63142
63147
63151
63162
63183
63208
63224
63227
63246
63248
63249
63251
63257
63261
63263
63264
63267
63273
63275
63292
63328
63331
63345
63349
63351
63356
63362
63366
63373
63383
63384
63387
63426
63444
63457
63492
63494
63497
63500
63510
63520
63550
63574
63583
63599
63612
63614
63619
63621
63623
63625
63638
63684
63691
63695
63732
63742
63757
63759
63766
63771
63799
63803
63833
63845
63848
63870
63884
63903
63904
63909
63914
63940
63944
63947
63956
63960
63963
64000
64008
64029
64030
64032
64041
64044
64053
64060
64078
64079
64084
64122
64124
64125
64133
64139
64142
64146
64177
64179
64182
64192
64193
64222
64235
64259
64260
64265
64293
64294
64306
64312
64320
64333
64336
64340
64342
64344
64352
64365
64377
64395
64404
64412
64439
64450
64451
64461
64469
64471
64472
64478
64485
64522
64534
64547
64549
64551
64565
64566
64568
64604
64609
64618
64630
64646
64666
64671
64679
64704
64708
64731
64735
64745
64748
64756
64759
64776
64777
64781
64786
64795
64803
64829
64835
64868
64878
64896
64900
64907
64919
64951
64961
64962
64979
64988
64989
65008
65021
65028
65031
65033
65052
65057
65069
65072
65073
65074
65081
65100
65116
65121
65139
65172
65196
65204
65209
65211
65258
65292
65295
65320
65342
65370
65371
65376
65379
65393
65400
65442
65457
65468
65475
65488
65506
65511
65523
65544
65558
65559
65569
65597
65598
65608
65611
65632
65658
65678
65683
65685
65686
65713
65748
65758
65765
65776
65782
65801
65830
65831
65847
65875
65892
65903
65911
65915
65946
65947
65981
65998
66006
66013
66014
66020
66025
66044
66063
66068
66069
66080
66081
66097
66112
66123
66133
66139
66157
66166
66186
66211
66221
66239
66245
66261
66262
66269
66272
66302
66310
66311
66313
66318
66338
66353
66354
66371
66394
66396
66398
66406
66430
66440
66448
66463
66467
66470
66483
66484
66495
66509
66512
66545
66556
66557
66568
66574
66575
66576
66592
66600
66602
66612
66665
66673
66691
66695
66701
66706
66711
66713
66721
66736
66745
66758
66774
66776
66782
66810
66814
66821
66827
66832
66834
66855
66856
66861
66869
66876
66882
66914
66940
66957
66966
66976
66980
66995
67002
67022
67025
67043
67052
67103
67108
67121
67125
67127
67132
67144
67147
67149
67167
67173
67175
67176
67184
67210
67216
67225
67236
67238
67269
67279
67280
67287
67297
67324
67325
67327
67359
67387
67388
67391
67400
67416
67425
67437
67456
67471
67474
67475
67476
67484
67500
67512
67513
67516
67531
67560
67580
67592
67597
67601
67606
67607
67617
67628
67654
67656
67664
67665
67696
67715
67741
67748
67755
67756
67766
67770
67794
67799
67807
67810
67813
67831
67848
67860
67863
67865
67870
67880
67891
67895
67917
67922
67953
67957
67970
67975
67991
67998
68001
68002
68024
68046
68055
68109
68119
68125
68129
68138
68141
68175
68178
68179
68183
68201
68234
68246
68265
68269
68288
68293
68294
68303
68334
68342
68355
68360
68372
68376
68390
68418
68420
68425
68438
68476
68481
68509
68519
68531
68542
68565
68579
68581
68616
68623
68635
68664
68689
68698
68706
68708
68727
68734
68740
68754
68758
68783
68785
68786
68791
68793
68806
68819
68824
68837
68846
68848
68863
68875
68876
68899
68915
68924
68949
68964
68967
68976
68988
68999
69024
69093
69111
69113
69115
69117
69126
69138
69141
69158
69171
69176
69181
69182
69186
69194
69201
69206
69208
69209
69218
69235
69262
69269
69272
69278
69296
69306
69315
69330
69334
69344
69345
69346
69348
69349
69354
69368
69392
69400
69407
69439
69440
69442
69483
69512
69530
69540
69544
69553
69554
69555
69564
69568
69585
69588
69600
69601
69603
69615
69621
69624
69638
69649
69662
69685
69709
69716
69720
69732
69781
69791
69794
69838
69844
69851
69881
69888
69896
69899
69904
69910
69915
69921
69929
69932
69942
69949
69951
69954
69958
69983
70001
70007
70012
70032
70059
70078
70079
70082
70097
70107
70149
70151
70156
70167
70171
70185
70186
70192
70200
70210
70211
70234
70252
70277
70292
70294
70309
70330
70396
70410
70412
70446
70473
70478
70492
70493
70506
70509
70515
70530
70541
70555
70559
70573
70587
70612
70613
70643
70650
70655
70668
70669
70706
70730
70734
70739
70750
70763
70774
70779
70795
70802
70806
70812
70826
70841
70857
70859
70866
70883
70884
70889
70908
70915
70938
70940
70963
70974
71021
71027
71040
71051
71060
71083
71090
71104
71111
71143
71152
71177
71180
71185
71215
71218
71223
71246
71248
71263
71283
71290
71298
71327
71335
71341
71347
71349
71352
71356
71361
71366
71369
71390
71395
71397
71406
71408
71440
71445
71497
71513
71524
71529
71539
71540
71551
71553
71560
71574
71575
71580
71602
71617
71625
71653
71655
71680
71686
71689
71704
71729
71730
71733
71773
71775
71783
71784
71787
71792
71803
71804
71824
71843
71852
71864
71876
71897
71904
71906
71908
71919
71922
71930
71931
71937
71956
71960
71977
72027
72062
72076
72080
72088
72113
72121
72124
72138
72145
72167
72181
72185
72191
72192
72198
72219
72226
72255
72267
72279
72296
72300
72309
72353
72362
72367
72369
72383
72401
72404
72433
72439
72445
72460
72468
72508
72522
72529
72550
72560
72571
72578
72586
72595
72608
72643
72682
72689
72700
72709
72720
72758
72773
72787
72794
72809
72839
72855
72864
72869
72873
72879
72885
72935
72952
72968
72975
72986
72992
72996
73031
73044
73072
73090
73093
73107
73113
73116
73136
73139
73143
73155
73167
73170
73175
73180
73186
73200
73217
73218
73225
73229
73232
73242
73255
73266
73276
73286
73297
73310
73327
73331
73342
73345
73351
73352
73357
73362
73374
73389
73392
73393
73395
73424
73444
73461
73462
73488
73498
73506
73512
73514
73515
73517
73527
73530
73536
73556
73566
73567
73594
73599
73600
73631
73641
73648
73658
73665
73674
73680
73682
73707
73718
73719
73733
73735
73748
73759
73767
73776
73788
73792
73799
73801
73802
73810
73815
73851
73904
73906
73908
73909
73910
73924
73952
73955
73975
73983
73988
74019
74020
74052
74060
74072
74106
74122
74164
74171
74178
74187
74197
74214
74244
74249
74250
74263
74273
74284
74287
74291
74318
74322
74333
74350
74356
74358
74374
74391
74404
74425
74427
74436
74442
74449
74482
74488
74515
74522
74523
74539
74570
74633
74652
74658
74665
74669
74670
74686
74695
74719
74728
74733
74741
74743
74746
74748
74754
74770
74772
74793
74795
74813
74822
74824
74826
74832
74847
74856
74858
74870
74909
74910
74912
74913
74917
74941
74948
74955
74982
75004
75016
75023
75039
75068
75070
75085
75102
75106
75127
75135
75141
75156
75173
75178
75186
75201
75204
75208
75210
75245
75257
75261
75275
75282
75283
75294
75343
75345
75347
75352
75354
75355
75362
75364
75384
75391
75393
75404
75405
75408
75412
75430
75439
75447
75450
75458
75460
75483
75485
75486
75500
75502
75505
75514
75522
75530
75546
75561
75579
75584
75611
75621
75624
75632
75634
75658
75673
75684
75712
75728
75765
75770
75773
75796
75813
75816
75827
75833
75836
75848
75863
75868
75886
75901
75909
75915
75920
75933
75978
76009
76015
76025
76029
76030
76033
76042
76048
76057
76090
76105
76109
76118
76123
76150
76180
76198
76212
76226
76227
76229
76232
76251
76293
76299
76327
76366
76370
76377
76397
76415
76416
76426
76485
76492
76518
76532
76537
76539
76551
76557
76559
76562
76572
76593
76594
76599
76605
76606
76617
76639
76663
76674
76682
76683
76701
76705
76724
76728
76754
76762
76766
76767
76780
76782
76796
76798
76821
76824
76833
76847
76860
76861
76878
76882
76886
76890
76897
76900
76903
76925
76933
76953
76959
76961
76972
76973
76993
77004
77015
77032
77052
77053
77060
77087
77116
77129
77194
77197
77210
77220
77226
77228
77264
77273
77284
77295
77301
77302
77310
77330
77333
77335
77344
77346
77350
77354
77362
77363
77386
77399
77419
77459
77478
77479
77497
77507
77508
77521
77547
77549
77550
77552
77566
77571
77576
77577
77581
77588
77594
77618
77642
77664
77690
77721
77727
77734
77740
77756
77758
77764
77779
77781
77783
77806
77810
77813
77842
77856
77869
77875
77882
77892
77897
77912
77959
78004
78026
78048
78067
78070
78084
78089
78096
78103
78105
78144
78151
78157
78170
78181
78197
78211
78218
78245
78249
78255
78272
78276
78285
78299
78300
78314
78317
78341
78354
78355
78363
78367
78371
78377
78404
78408
78412
78419
78425
78426
78446
78456
78471
78505
78520
78527
78534
78542
78574
78575
78579
78589
78601
78632
78652
78654
78659
78674
78682
78696
78701
78705
78720
78726
78727
78740
78747
78788
78794
78795
78822
78832
78863
78866
78867
78873
78901
78912
78918
78931
78959
78962
78965
78969
78992
79007
79015
79026
79032
79037
79042
79045
79081
79085
79089
79094
79106
79123
79127
79136
79137
79147
79150
79155
79163
79169
79170
79173
79175
79203
79207
79209
79224
79225
79237
79277
79289
79290
79293
79300
79308
79315
79319
79343
79353
79355
79366
79367
79387
79402
79403
79405
79412
79413
79418
79430
79439
79474
79508
79516
79524
79532
79538
79575
79604
79620
79630
79633
79647
79649
79651
79670
79685
79707
79714
79725
79763
79792
79799
79803
79819
79835
79900
79903
79907
79910
79917
79921
79922
79928
79939
79943
79959
79964
79968
79976
79983
80053
80068
80073
80094
80112
80115
80131
80148
80155
80157
80169
80184
80194
80214
80220
80224
80236
80261
80263
80268
80270
80273
80313
80328
80330
80331
80363
80374
80376
80392
80397
80399
80403
80408
80426
80436
80445
80454
80455
80456
80476
80478
80497
80509
80524
80525
80529
80536
80542
80549
80552
80593
80644
80648
80651
80657
80662
80677
80678
80688
80694
80695
80704
80730
80743
80749
80760
80776
80780
80795
80803
80807
80818
80862
80874
80890
80895
80903
80911
80949
80953
80957
80958
80981
80983
80993
81010
81019
81030
81040
81061
81093
81103
81125
81140
81143
81148
81167
81173
81178
81180
81181
81194
81205
81210
81217
81224
81225
81229
81237
81251
81273
81281
81282
81283
81287
81303
81316
81323
81328
81330
81342
81380
81394
81413
81455
81456
81500
81517
81546
81547
81558
81568
81570
81575
81577
81600
81612
81614
81616
81658
81675
81676
81683
81693
81694
81696
81705
81717
81735
81756
81758
81779
81781
81783
81801
81804
81805
81814
81831
81833
81846
81847
81859
81878
81889
81911
81917
81940
81941
81945
81967
81998
82014
82032
82038
82054
82071
82075
82094
82108
82162
82163
82185
82188
82193
82206
82207
82212
82258
82271
82273
82289
82310
82314
82335
82339
82354
82373
82378
82382
82408
82437
82452
82465
82489
82519
82526
82544
82572
82576
82581
82596
82601
82616
82629
82631
82632
82633
82652
82659
82670
82697
82701
82709
82729
82734
82747
82756
82767
82836
82854
82879
82883
82892
82915
82932
82960
82962
82966
82980
82988
82989
83001
83019
83030
83043
83044
83045
83092
83099
83218
83226
83236
83249
83257
83269
83275
83280
83290
83291
83297
83312
83322
83328
83335
83371
83397
83414
83416
83421
83424
83426
83446
83447
83451
83466
83478
83486
83517
83533
83545
83548
83565
83583
83587
83596
83598
83604
83607
83619
83634
83636
83660
83670
83688
83708
83736
83756
83761
83772
83778
83787
83790
83802
83810
83836
83842
83869
83870
83881
83884
83890
83938
83984
84018
84025
84026
84028
84040
84041
84043
84045
84063
84082
84093
84095
84125
84143
84174
84186
84191
84198
84214
84217
84226
84239
84240
84247
84248
84313
84327
84337
84350
84358
84371
84372
84393
84404
84419
84421
84422
84432
84450
84493
84518
84524
84547
84548
84588
84593
84596
84604
84608
84612
84620
84621
84625
84633
84636
84640
84645
84648
84662
84673
84677
84701
84702
84707
84715
84718
84720
84728
84734
84780
84803
84807
84810
84826
84837
84879
84880
84883
84889
84890
84914
84946
84969
85015
85021
85032
85036
85044
85085
85088
85096
85097
85154
85155
85166
85171
85191
85232
85234
85250
85258
85262
85263
85269
85270
85280
85287
85289
85297
85298
85300
85302
85308
85309
85310
85313
85330
85333
85353
85362
85372
85394
85410
85430
85438
85458
85460
85465
85467
85474
85481
85485
85488
85490
85503
85519
85522
85529
85531
85544
85546
85550
85572
85620
85652
85659
85686
85718
85741
85763
85767
85801
85828
85838
85845
85858
85867
85880
85881
85907
85914
85932
85951
85961
86000
86003
86011
86015
86032
86042
86061
86068
86076
86083
86088
86093
86103
86109
86137
86154
86156
86161
86162
86163
86173
86179
86194
86199
86237
86258
86273
86291
86293
86300
86312
86323
86326
86365
86421
86451
86467
86478
86480
86489
86496
86497
86508
86523
86547
86558
86566
86567
86570
86600
86602
86603
86616
86643
86645
86657
86672
86674
86688
86689
86701
86729
86730
86731
86765
86767
86774
86780
86784
86793
86813
86832
86835
86837
86838
86842
86848
86866
86869
86886
86903
86907
86924
86931
86949
86955
86957
86969
86973
87013
87027
87043
87058
87067
87079
87085
87128
87130
87140
87147
87155
87182
87196
87200
87216
87227
87245
87246
87248
87260
87275
87277
87278
87285
87294
87307
87309
87335
87340
87341
87372
87396
87403
87409
87441
87449
87454
87470
87477
87487
87505
87519
87525
87531
87550
87581
87590
87602
87609
87613
87630
87664
87674
87677
87691
87694
87698
87701
87724
87727
87737
87749
87757
87759
87766
87789
87791
87797
87798
87822
87828
87832
87851
87854
87860
87906
87937
87938
87941
87988
88029
88034
88042
88080
88085
88090
88094
88101
88117
88131
88135
88138
88149
88163
88165
88194
88199
88233
88240
88242
88245
88247
88252
88253
88263
88266
88301
88307
88313
88330
88337
88358
88363
88370
88391
88395
88396
88415
88424
88437
88450
88485
88496
88497
88501
88520
88526
88527
88576
88582
88592
88603
88614
88625
88634
88670
88678
88690
88703
88709
88770
88771
88772
88784
88794
88809
88818
88835
88838
88839
88845
88859
88878
88880
88906
88918
88922
88927
88942
88961
88970
88972
88980
88994
88999
89022
89058
89065
89068
89072
89077
89085
89093
89110
89117
89123
89124
89133
89140
89169
89177
89180
89218
89241
89268
89273
89323
89333
89340
89365
89380
89389
89400
89405
89447
89452
89456
89480
89482
89486
89503
89518
89522
89525
89530
89539
89543
89551
89558
89560
89567
89573
89574
89590
89592
89598
89610
89622
89627
89650
89654
89662
89680
89681
89687
89694
89724
89725
89736
89749
89756
89761
89768
89771
89778
89804
89837
89858
89859
89923
89924
89935
89961
90025
90053
90057
90059
90076
90085
90104
90108
90110
90124
90144
90190
90198
90215
90218
90224
90225
90228
90242
90260
90306
90311
90319
90323
90328
90334
90382
90389
90455
90458
90466
90478
90497
90506
90510
90591
90605
90615
90622
90626
90652
90665
90687
90688
90694
90697
90700
90703
90721
90752
90768
90779
90780
90781
90805
90818
90834
90844
90847
90868
90888
90891
90896
90918
90930
90935
90942
90953
90957
90989
90994
91008
91011
91012
91013
91030
91031
91033
91042
91046
91070
91076
91084
91089
91092
91108
91112
91140
91147
91156
91159
91175
91182
91201
91228
91231
91255
91269
91271
91279
91304
91311
91332
91340
91342
91346
91352
91354
91372
91382
91393
91408
91410
91438
91453
91524
91526
91528
91530
91532
91563
91573
91574
91611
91619
91620
91621
91633
91636
91643
91653
91669
91684
91686
91694
91709
91711
91722
91740
91748
91769
91770
91771
91786
91796
91806
91811
91819
91845
91862
91866
91907
91911
91912
91943
91951
91963
91974
91990
92017
92042
92059
92077
92124
92135
92138
92149
92155
92168
92203
92230
92263
92273
92298
92317
92336
92341
92342
92353
92354
92357
92363
92369
92377
92380
92389
92390
92413
92417
92437
92455
92461
92471
92472
92475
92493
92501
92510
92523
92527
92532
92553
92572
92574
92582
92583
92585
92588
92589
92600
92616
92619
92636
92648
92651
92673
92682
92683
92693
92697
92701
92709
92725
92742
92752
92754
92756
92781
92785
92835
92850
92853
92856
92865
92869
92872
92883
92895
92896
92905
92913
92914
92915
92924
92932
92955
92958
92959
92985
92992
93009
93025
93027
93032
93048
93053
93054
93068
93071
93072
93074
93089
93106
93110
93113
93130
93146
93150
93152
93155
93170
93173
93181
93187
93189
93209
93217
93223
93240
93256
93259
93260
93262
93263
93264
93267
93281
93286
93324
93326
93327
93346
93359
93367
93368
93383
93419
93430
93431
93433
93447
93459
93472
93482
93496
93501
93514
93524
93532
93533
93543
93548
93569
93571
93572
93575
93581
93591
93632
93656
93667
93674
93680
93700
93722
93726
93729
93756
93769
93775
93787
93804
93831
93842
93843
93876
93893
93910
93919
93922
93926
93949
93960
93967
93973
93975
93980
93989
93995
94004
94007
94013
94024
94030
94035
94036
94055
94060
94061
94100
94106
94133
94135
94141
94148
94189
94197
94199
94207
94222
94247
94253
94276
94312
94317
94371
94384
94388
94392
94405
94412
94413
94423
94432
94436
94437
94446
94472
94492
94496
94501
94502
94503
94530
94543
94560
94567
94574
94592
94596
94600
94608
94629
94641
94649
94650
94651
94659
94666
94672
94680
94694
94702
94703
94706
94718
94733
94747
94749
94756
94758
94773
94779
94789
94807
94811
94817
94823
94836
94844
94850
94858
94867
94898
94910
94946
94947
94951
94960
94968
94972
94979
94999
95010
95016
95027
95028
95034
95064
95112
95135
95158
95165
95168
95176
95188
95234
95242
95251
95257
95265
95266
95274
95280
95286
95289
95303
95308
95311
95314
95321
95324
95343
95350
95382
95393
95398
95399
95400
95412
95425
95432
95435
95443
95445
95454
95464
95466
95470
95497
95511
95534
95545
95548
95573
95584
95599
95621
95650
95655
95669
95675
95714
95718
95721
95767
95798
95814
95815
95847
95869
95883
95884
95898
95923
95943
95947
95981
96110
96140
96157
96183
96188
96189
96211
96231
96233
96236
96238
96244
96262
96271
96285
96309
96321
96332
96367
96374
96396
96397
96403
96408
96421
96428
96455
96461
96465
96474
96484
96512
96516
96520
96527
96539
96544
96555
96587
96590
96612
96619
96622
96647
96649
96652
96663
96670
96672
96676
96681
96687
96733
96739
96752
96759
96783
96784
96804
96808
96816
96825
96827
96836
96871
96873
96897
96941
96945
96996
97023
97025
97033
97041
97045
97054
97074
97078
97087
97105
97119
97133
97140
97142
97147
97160
97168
97169
97196
97206
97211
97222
97227
97240
97247
97252
97268
97271
97274
97275
97277
97282
97306
97308
97312
97315
97347
97354
97358
97365
97375
97385
97399
97411
97418
97421
97433
97434
97437
97439
97446
97450
97457
97480
97492
97493
97494
97507
97514
97519
97529
97533
97545
97557
97559
97564
97628
97629
97632
97655
97658
97660
97669
97675
97692
97716
97724
97726
97735
97752
97759
97760
97769
97781
97823
97826
97833
97834
97842
97871
97883
97919
97924
97930
97967
97968
97970
97976
97991
97992
98003
98007
98009
98035
98045
98046
98055
98069
98078
98098
98100
98140
98150
98202
98211
98214
98231
98238
98249
98251
98255
98265
98267
98280
98282
98289
98292
98318
98342
98350
98357
98365
98372
98376
98441
98452
98464
98475
98482
98496
98529
98534
98549
98551
98556
98559
98572
98581
98584
98613
98638
98649
98669
98674
98703
98714
98723
98724
98730
98733
98741
98756
98757
98758
98760
98778
98794
98820
98821
98822
98834
98841
98846
98880
98898
98904
98908
98915
98925
98935
98966
98969
98990
99003
99004
99019
99035
99042
99044
99045
99048
99052
99067
99083
99086
99095
99097
99103
99119
99126
99127
99129
99148
99152
99163
99167
99174
99217
99218
99224
99232
99238
99245
99278
99279
99282
99297
99302
99310
99313
99318
99319
99335
99338
99341
99344
99361
99367
99374
99394
99402
99412
99475
99476
99492
99501
99512
99564
99567
99580
99595
99598
99633
99640
99649
99654
99656
99673
99675
99676
99731
99738
99739
99745
99755
99774
99782
99802
99820
99822
99828
99831
99888
99893
99896
99899
99905
99909
99912
99932
99933
99962
99980
99981
99990
99994
99999
