50
65
184
190
194
241
248
279
325
352
406
498
513
565
593
646
647
731
748
789
798
830
845
917
975
991
1062
1066
1097
1120
1125
1154
1182
1294
1324
1447
1458
1469
1504
1524
1555
1607
1636
1712
1749
1757
1816
1897
1912
1941
1968
2014
2055
2065
2089
2093
2110
2117
2134
2142
2229
2241
2265
2273
2275
2301
2311
2445
2458
2476
2495
2511
2535
2556
2620
2657
2698
2722
2749
2780
2795
2820
2853
2855
2930
2959
2970
3082
3201
3210
3303
3305
3306
3388
3402
3488
3511
3519
3598
3662
3679
3767
3806
3807
3834
3918
3919
3964
4005
4020
4027
4179
4268
4292
4335
4375
4440
4490
4495
4512
4531
4541
4555
4581
4587
4612
4643
4674
4698
4717
4757
4768
4782
4783
4805
4821
4839
4871
4918
4940
4970
5031
5051
5094
5141
5236
5310
5317
5320
5424
5426
5447
5498
5507
5545
5550
5564
5572
5578
5601
5623
5693
5752
5769
5788
5840
5842
5887
5904
5970
5990
5992
6016
6024
6113
6152
6175
6181
6201
6202
6272
6299
6304
6329
6337
6340
6467
6488
6495
6519
6521
6546
6550
6553
6586
6644
6710
6734
6751
6757
6797
6800
6836
6844
6857
6905
6917
6938
6939
6970
7019
7021
7081
7140
7180
7290
7343
7449
7459
7463
7487
7524
7556
7585
7643
7729
7731
7864
7909
7938
8026
8029
8118
8150
8198
8224
8227
8235
8252
8258
8291
8306
8319
8351
8360
8382
8383
8395
8464
8466
8507
8532
8542
8655
8685
8707
8763
8765
8778
8785
8874
8947
8954
8958
8975
8995
8998
9002
9009
9039
9088
9092
9174
9181
9214
9234
9330
9391
9411
9435
9489
9512
9525
9589
9620
9636
9640
9660
9679
9699
9717
9801
9834
9842
9843
9884
9894
9934
9956
9982
9991
10001
10005
10075
10079
10086
10091
10131
10169
10198
10237
10274
10311
10346
10369
10389
10435
10470
10515
10596
10609
10618
10622
10673
10720
10794
10800
10913
10977
10985
11028
11061
11127
11168
11237
11284
11292
11441
11453
11536
11598
11614
11702
11710
11842
11919
11924
11935
11941
12008
12032
12034
12065
12165
12191
12193
12235
12257
12304
12365
12391
12403
12406
12417
12428
12453
12458
12459
12460
12517
12584
12595
12677
12724
12747
12767
12789
12823
12871
13034
13067
13097
13105
13106
13166
13234
13335
13351
13364
13384
13408
13454
13471
13485
13490
13503
13566
13582
13602
13639
13644
13662
13713
13746
13774
13798
13810
13828
13852
13868
13870
13925
13934
13947
14037
14054
14102
14119
14218
14257
14269
14299
14314
14326
14345
14373
14375
14394
14395
14398
14418
14447
14457
14473
14503
14679
14680
14712
14720
14754
14759
14781
14837
14845
14862
14879
14882
14907
14939
14949
14988
15007
15018
15042
15069
15183
15246
15248
15259
15307
15346
15381
15434
15468
15606
15618
15619
15680
15705
15714
15745
15749
15766
15855
15860
15891
15919
15983
15984
16128
16189
16209
16235
16253
16297
16324
16409
16414
16416
16418
16439
16448
16492
16523
16532
16537
16538
16554
16582
16623
16624
16625
16689
16719
16752
16765
16767
16832
16887
16985
17023
17046
17047
17088
17101
17150
17152
17197
17199
17279
17333
17385
17397
17456
17481
17513
17548
17553
17626
17664
17714
17721
17735
17763
17770
17858
17861
17935
17952
17983
18017
18066
18092
18141
18158
18195
18232
18272
18283
18301
18318
18345
18413
18442
18471
18492
18524
18525
18582
18650
18699
18708
18737
18770
18827
18849
18870
18894
18958
18989
19029
19045
19089
19145
19186
19227
19253
19356
19391
19424
19474
19498
19510
19545
19627
19725
19773
19787
19887
19909
19954
19991
19993
20008
20009
20031
20063
20110
20125
20142
20151
20165
20176
20180
20203
20226
20236
20239
20276
20285
20289
20290
20458
20533
20614
20627
20646
20728
20746
20759
20763
20790
20809
20833
20878
20892
20896
20959
20963
20999
21066
21098
21137
21150
21151
21182
21194
21220
21236
21247
21274
21289
21307
21358
21431
21649
21697
21724
21727
21786
21842
21869
21920
21943
21955
21956
21965
21976
22026
22044
22055
22167
22185
22195
22236
22240
22246
22336
22461
22473
22502
22532
22563
22580
22588
22616
22641
22667
22740
22823
22898
22917
22934
22939
22956
22971
22989
23061
23098
23107
23140
23178
23192
23215
23244
23297
23299
23368
23383
23413
23415
23459
23539
23571
23638
23736
23775
23809
23813
23862
23865
23867
23891
23910
23929
23932
23953
24016
24056
24169
24287
24319
24324
24385
24483
24514
24518
24589
24665
24676
24679
24735
24749
24791
24960
24962
24991
25023
25088
25180
25195
25263
25289
25294
25304
25380
25388
25425
25439
25444
25490
25571
25572
25600
25660
25674
25744
25806
25851
25858
25907
25920
25937
25947
25971
26081
26095
26123
26137
26147
26224
26251
26289
26316
26365
26380
26397
26454
26477
26506
26510
26594
26689
26714
26795
26850
26936
26958
27055
27072
27095
27150
27163
27182
27208
27242
27287
27317
27332
27336
27337
27346
27378
27394
27463
27489
27501
27510
27519
27537
27543
27601
27604
27708
27772
27804
27831
27971
27981
27987
27989
27994
28010
28015
28032
28052
28093
28094
28109
28178
28394
28411
28478
28496
28501
28536
28568
28626
28728
28759
28810
28834
28904
28921
28940
28961
29004
29007
29037
29052
29053
29118
29229
29248
29261
29288
29321
29353
29386
29391
29412
29435
29505
29581
29588
29613
29621
29631
29645
29650
29670
29711
29883
29887
29892
29918
29995
30043
30059
30078
30207
30227
30232
30277
30313
30319
30337
30404
30421
30493
30496
30518
30556
30576
30609
30627
30668
30856
30864
30966
30986
31125
31190
31216
31229
31278
31320
31343
31346
31372
31379
31383
31395
31436
31451
31458
31495
31532
31538
31573
31588
31590
31596
31638
31667
31680
31688
31710
31727
31781
31786
31788
31798
31817
31937
31992
32016
32053
32081
32108
32134
32158
32171
32199
32223
32236
32322
32330
32345
32360
32426
32463
32474
32507
32563
32589
32686
32816
32846
32850
32870
32909
32927
32939
33005
33052
33110
33122
33153
33173
33198
33224
33230
33262
33280
33304
33312
33477
33526
33570
33574
33625
33630
33637
33713
33720
33723
33792
33836
33938
33950
33952
33956
33980
34031
34057
34115
34253
34490
34492
34505
34513
34636
34642
34649
34670
34690
34760
34768
34794
34848
34866
34909
34925
34937
34993
35029
35038
35063
35100
35188
35194
35269
35318
35396
35409
35458
35477
35530
35541
35545
35573
35614
35620
35646
35663
35674
35708
35738
35745
35831
35870
35892
35933
35960
35968
36003
36019
36033
36044
36045
36057
36062
36084
36227
36231
36258
36260
36291
36334
36337
36338
36344
36354
36380
36414
36442
36472
36533
36568
36615
36671
36678
36718
36738
36811
36816
36821
36839
37041
37099
37162
37167
37176
37182
37235
37292
37324
37355
37399
37451
37459
37463
37534
37541
37581
37597
37693
37694
37710
37728
37761
37768
37781
37852
37863
37864
37892
37912
37968
37975
37981
37988
38003
38023
38080
38139
38144
38151
38155
38216
38229
38257
38281
38294
38304
38318
38329
38365
38372
38438
38476
38551
38603
38655
38658
38713
38769
38811
38828
38887
38898
38957
38972
39010
39037
39215
39243
39247
39317
39349
39401
39410
39417
39420
39430
39452
39470
39488
39524
39615
39621
39666
39676
39677
39685
39697
39740
39770
39820
39899
39925
39933
40006
40081
40102
40118
40151
40192
40198
40201
40227
40236
40333
40370
40537
40571
40607
40678
40705
40737
40741
40745
40824
40952
40965
40968
40986
41003
41006
41007
41009
41021
41110
41150
41153
41154
41192
41240
41243
41271
41408
41431
41474
41566
41570
41617
41642
41658
41683
41705
41785
41826
41859
41904
41948
42264
42309
42316
42326
42343
42475
42512
42527
42529
42619
42635
42700
42724
42736
42773
42803
42827
42839
42954
42990
43018
43081
43094
43106
43138
43154
43174
43222
43279
43282
43312
43318
43327
43405
43442
43469
43485
43533
43543
43686
43692
43706
43782
43876
43918
43928
43961
43962
44010
44020
44055
44124
44138
44175
44212
44214
44248
44312
44343
44475
44509
44517
44525
44546
44552
44643
44648
44669
44674
44682
44720
44737
44759
44850
44877
44902
44910
44932
44968
44988
44990
45087
45091
45125
45141
45153
45240
45253
45300
45326
45334
45500
45598
45642
45658
45751
45776
45863
45944
45965
45970
46005
46046
46062
46105
46131
46149
46193
46267
46320
46350
46364
46410
46442
46464
46466
46481
46494
46576
46602
46707
46765
46767
46772
46832
46838
46846
46852
46877
46889
46897
46927
46936
46998
47005
47080
47105
47123
47141
47176
47191
47213
47262
47339
47343
47371
47379
47394
47527
47566
47567
47576
47579
47583
47587
47590
47607
47631
47651
47687
47715
47752
47753
47755
47777
47789
47837
47995
48010
48014
48069
48086
48114
48115
48118
48130
48157
48175
48213
48306
48428
48448
48473
48507
48557
48674
48717
48732
48734
48747
48753
48849
48860
48949
49004
49021
49078
49103
49112
49153
49211
49218
49274
49283
49331
49566
49567
49622
49658
49705
49711
49734
49738
49764
49768
49808
49840
49882
49899
49936
49970
49993
49997
50046
50115
50213
50318
50334
50347
50373
50382
50484
50528
50548
50562
50596
50603
50651
50658
50680
50713
50727
50737
50742
50751
50765
50779
50792
50796
50820
50866
50870
50894
50898
50933
50979
51000
51011
51163
51231
51280
51330
51366
51412
51425
51515
51520
51559
51570
51585
51615
51636
51678
51683
51733
51759
51803
51816
51837
51883
51884
51903
52003
52046
52057
52065
52075
52091
52120
52189
52194
52280
52292
52340
52352
52357
52360
52363
52366
52371
52422
52441
52480
52501
52543
52551
52617
52652
52661
52756
52766
52830
52844
52950
53015
53065
53091
53102
53213
53219
53238
53300
53414
53478
53526
53556
53565
53568
53569
53658
53697
53724
53752
53785
53796
53824
53840
53858
53861
53870
53872
53901
53910
53918
53935
53943
53956
53958
53971
53981
54003
54021
54083
54106
54192
54222
54227
54297
54306
54307
54330
54368
54451
54452
54467
54469
54527
54556
54557
54573
54601
54604
54646
54714
54735
54748
54773
54783
54815
54861
54901
54911
54950
54952
55002
55118
55198
55205
55236
55316
55345
55390
55392
55420
55469
55472
55477
55524
55533
55543
55612
55628
55651
55652
55655
55662
55777
55809
55863
55876
55913
55914
55969
55981
55995
56016
56035
56077
56097
56104
56155
56161
56180
56204
56232
56274
56314
56329
56338
56396
56479
56487
56535
56541
56581
56603
56629
56632
56661
56670
56731
56737
56738
56902
56934
56948
56958
56973
57013
57056
57062
57077
57128
57133
57151
57166
57183
57201
57216
57266
57315
57337
57383
57429
57456
57490
57522
57568
57613
57614
57631
57637
57696
57816
57830
57849
57973
57976
57986
58093
58096
58136
58240
58243
58253
58270
58275
58298
58301
58345
58356
58359
58383
58504
58522
58622
58624
58646
58663
58664
58676
58683
58701
58712
58732
58759
58778
58802
58821
58835
58901
58938
59092
59124
59143
59148
59160
59242
59265
59316
59325
59348
59368
59407
59412
59428
59461
59481
59495
59509
59511
59518
59526
59545
59626
59652
59673
59709
59835
59844
59850
59869
59906
59921
59930
59980
60004
60069
60072
60080
60094
60100
60117
60135
60143
60157
60210
60249
60268
60303
60364
60387
60404
60428
60494
60525
60536
60573
60629
60662
60680
60687
60741
60763
60794
60834
60854
60867
60876
60896
60907
60917
60933
60939
60975
60980
61021
61036
61047
61049
61087
61092
61098
61102
61105
61137
61162
61241
61253
61259
61278
61285
61303
61319
61337
61376
61423
61453
61478
61503
61630
61678
61708
61755
61778
61818
61820
61836
61857
61865
61935
61948
61964
61967
61987
62009
62017
62076
62153
62177
62236
62237
62261
62273
62277
62280
62298
62319
62322
62337
62457
62488
62492
62493
62506
62532
62606
62626
62670
62743
62796
62849
62873
62902
62937
63003
63043
63110
63195
63213
63236
63249
63254
63265
63282
63304
63328
63346
63366
63403
63444
63495
63576
63611
63621
63656
63725
63748
63757
63759
63764
63804
63835
63846
63859
63874
63882
63914
63997
64065
64071
64097
64111
64172
64183
64197
64209
64237
64296
64320
64368
64431
64443
64530
64600
64631
64660
64715
64750
64765
64807
64853
64891
64914
65038
65044
65141
65157
65171
65182
65203
65284
65381
65398
65430
65503
65524
65550
65681
65709
65864
65882
65914
65945
65992
65993
65997
66020
66106
66209
66316
66360
66403
66421
66457
66459
66467
66591
66677
66741
66794
66846
66858
66874
66878
66887
66895
66905
66926
67031
67050
67092
67099
67134
67194
67202
67213
67248
67278
67367
67531
67579
67605
67619
67682
67757
67760
67814
67827
67853
67856
67858
67862
67877
67930
67940
67961
67988
67989
68069
68153
68169
68199
68201
68263
68362
68377
68414
68420
68446
68453
68602
68655
68659
68694
68697
68764
68781
68798
68803
68815
68818
68838
68843
68848
68855
68874
68883
68963
68966
68988
69005
69025
69071
69072
69124
69128
69131
69160
69171
69207
69208
69224
69228
69274
69305
69323
69378
69428
69436
69500
69575
69661
69687
69717
69730
69758
69762
69770
69778
69780
69791
69809
69848
69858
69874
69880
69922
69939
69941
69944
69978
69983
70005
70042
70090
70145
70166
70233
70249
70319
70323
70361
70376
70393
70418
70419
70447
70449
70483
70490
70528
70551
70587
70624
70665
70681
70711
70717
70739
70758
70774
70781
70786
70805
70822
70830
70847
70884
70899
70917
70920
70938
70939
70954
71018
71031
71106
71111
71182
71203
71220
71230
71306
71308
71375
71381
71444
71504
71505
71508
71509
71516
71570
71579
71597
71602
71603
71604
71660
71671
71682
71791
71796
71806
71807
71863
71900
71903
71934
71949
71970
71971
71974
72045
72052
72078
72095
72106
72109
72143
72158
72172
72176
72191
72226
72235
72299
72344
72346
72353
72370
72593
72623
72644
72698
72715
72823
72882
72892
72971
73026
73046
73085
73104
73133
73156
73157
73199
73290
73314
73379
73380
73396
73422
73447
73478
73481
73483
73509
73518
73569
73657
73665
73737
73765
73778
73809
73847
73854
73990
73992
73994
74029
74067
74110
74159
74256
74264
74277
74282
74357
74362
74398
74399
74416
74476
74521
74616
74647
74670
74711
74729
74735
74760
74808
74827
74848
74849
74874
74880
74886
74923
74940
74976
75100
75159
75166
75359
75386
75400
75432
75439
75495
75530
75667
75707
75767
75809
75814
75912
75923
75954
75971
75980
75995
75999
76009
76037
76047
76059
76104
76123
76142
76175
76202
76207
76221
76252
76277
76297
76329
76405
76442
76447
76519
76525
76538
76564
76569
76631
76672
76707
76712
76746
76763
76795
76821
76865
77008
77013
77033
77061
77085
77118
77138
77147
77321
77353
77380
77440
77460
77482
77580
77620
77753
77798
77833
77843
77846
77864
77876
77879
77905
77944
77964
77994
78053
78059
78096
78098
78124
78131
78209
78254
78294
78343
78366
78372
78387
78415
78426
78430
78460
78475
78571
78619
78631
78645
78650
78802
78873
78912
78917
78918
78993
79054
79076
79077
79118
79131
79189
79201
79230
79310
79399
79460
79471
79538
79539
79576
79591
79596
79629
79653
79669
79679
79680
79717
79749
79828
79878
79957
79981
80030
80067
80140
80146
80162
80207
80333
80340
80373
80391
80397
80448
80492
80505
80575
80587
80630
80632
80638
80674
80692
80730
80750
80790
80822
80864
81011
81028
81049
81078
81092
81130
81133
81136
81153
81214
81222
81226
81302
81328
81342
81381
81416
81503
81545
81565
81588
81640
81668
81681
81687
81698
81701
81735
81801
81830
81903
81907
81924
81948
81967
81997
82003
82063
82086
82098
82146
82195
82254
82301
82333
82335
82348
82357
82396
82534
82585
82593
82616
82646
82707
82725
82736
82752
82791
82803
82921
82985
83046
83055
83064
83074
83089
83098
83136
83190
83234
83253
83257
83291
83345
83382
83389
83432
83448
83481
83486
83489
83565
83598
83601
83616
83636
83644
83647
83652
83694
83711
83738
83768
83799
83829
83831
83845
83879
83919
83939
84025
84044
84058
84064
84094
84116
84131
84197
84206
84251
84335
84340
84356
84366
84378
84382
84396
84450
84465
84512
84513
84520
84591
84608
84620
84654
84680
84694
84791
84800
84826
84841
84955
84963
84964
84998
85006
85043
85062
85102
85155
85174
85238
85267
85273
85306
85309
85316
85356
85395
85435
85438
85466
85537
85551
85553
85562
85571
85587
85597
85601
85629
85675
85777
85778
85783
85794
85806
85835
85851
85963
86003
86012
86042
86045
86068
86088
86240
86285
86287
86297
86319
86363
86382
86444
86466
86484
86486
86496
86498
86510
86516
86570
86572
86718
86770
86809
86814
86816
86900
86944
86951
86996
87024
87061
87082
87115
87131
87222
87228
87231
87241
87273
87314
87321
87332
87374
87381
87442
87639
87692
87710
87719
87762
87822
87850
87858
87866
87891
87894
87916
87926
87941
87943
87950
87954
88023
88075
88161
88190
88238
88368
88378
88426
88449
88478
88550
88585
88596
88622
88681
88688
88699
88712
88742
88806
88924
88938
88953
88967
89027
89035
89046
89073
89095
89150
89162
89218
89263
89305
89320
89328
89484
89488
89537
89556
89571
89608
89682
89685
89718
89729
89751
89781
89798
89800
89867
89885
89917
89940
89966
90025
90066
90079
90095
90114
90159
90167
90204
90222
90254
90269
90292
90293
90325
90349
90374
90451
90515
90517
90525
90550
90557
90662
90688
90700
90738
90798
90809
90824
90861
90894
90897
90951
90955
90969
90987
91051
91059
91061
91094
91128
91184
91189
91217
91240
91248
91319
91325
91326
91341
91393
91405
91470
91493
91506
91578
91585
91595
91613
91621
91670
91674
91682
91715
91766
91873
91896
91966
91970
92064
92071
92084
92107
92110
92113
92122
92136
92149
92206
92207
92258
92344
92358
92362
92421
92449
92604
92703
92705
92737
92784
92798
92898
92941
92942
92948
92965
93097
93237
93253
93356
93431
93471
93481
93483
93492
93525
93536
93584
93637
93645
93664
93670
93706
93738
93748
93812
93843
93855
93883
93923
94054
94055
94169
94194
94229
94262
94322
94381
94405
94434
94456
94515
94536
94557
94566
94642
94698
94701
94726
94851
94865
94942
94977
95012
95048
95105
95109
95115
95126
95142
95186
95249
95261
95341
95359
95450
95488
95495
95506
95521
95537
95586
95625
95801
95815
95865
95886
95931
96006
96030
96082
96119
96169
96185
96244
96259
96288
96292
96295
96302
96458
96471
96499
96514
96535
96574
96580
96588
96608
96615
96735
96746
96793
96839
96859
96867
96900
96912
96917
96961
96991
97004
97006
97012
97085
97179
97199
97282
97307
97312
97316
97335
97362
97365
97505
97559
97585
97613
97631
97660
97686
97687
97706
97728
97772
97791
97831
97839
97856
97904
98030
98067
98115
98189
98227
98283
98314
98342
98346
98390
98429
98437
98444
98467
98489
98500
98506
98507
98555
98568
98604
98635
98636
98656
98675
98694
98796
98835
98856
98882
98902
98923
98942
98946
99059
99079
99081
99086
99128
99160
99175
99192
99265
99381
99402
99411
99437
99505
99550
99584
99589
99617
99647
99668
99671
99812
99943
99978
--------
15
16
17
27
36
46
50
52
58
61
65
72
81
91
95
113
130
141
169
178
184
189
190
194
199
202
210
213
218
223
230
236
241
247
248
260
261
264
273
279
294
309
313
323
325
351
352
354
362
370
381
383
390
396
400
406
408
412
426
448
453
469
498
509
513
523
535
536
541
561
565
575
584
590
593
605
611
616
618
620
627
642
646
647
664
665
666
667
676
679
682
684
686
693
705
729
731
737
748
759
761
764
765
785
789
796
798
799
804
815
830
842
845
855
865
866
869
872
875
876
890
892
894
899
911
917
923
927
929
930
933
937
945
947
951
960
962
975
977
978
987
991
1000
1019
1046
1050
1051
1062
1063
1066
1074
1076
1097
1120
1121
1125
1126
1133
1145
1151
1154
1156
1158
1160
1162
1166
1167
1177
1180
1182
1188
1195
1202
1218
1222
1233
1252
1265
1272
1274
1292
1294
1322
1324
1332
1337
1347
1349
1353
1354
1367
1404
1405
1413
1445
1447
1458
1469
1471
1478
1480
1481
1504
1506
1518
1524
1525
1532
1540
1545
1549
1552
1555
1566
1590
1604
1607
1617
1620
1636
1640
1651
1657
1673
1679
1681
1696
1698
1703
1706
1712
1716
1743
1746
1748
1749
1752
1754
1757
1775
1776
1779
1782
1784
1786
1788
1791
1807
1816
1832
1837
1849
1851
1854
1893
1897
1899
1901
1906
1912
1920
1941
1947
1950
1959
1962
1968
1988
1994
2000
2006
2014
2016
2023
2035
2037
2042
2045
2055
2058
2065
2073
2088
2089
2093
2097
2103
2106
2108
2110
2113
2117
2120
2134
2135
2138
2140
2142
2154
2180
2181
2195
2201
2221
2229
2240
2241
2262
2265
2267
2270
2273
2275
2276
2285
2289
2292
2293
2298
2300
2301
2311
2315
2316
2323
2328
2340
2344
2345
2354
2372
2384
2397
2408
2414
2424
2445
2456
2458
2476
2479
2489
2495
2497
2511
2525
2535
2541
2542
2556
2570
2572
2577
2581
2600
2618
2620
2622
2625
2627
2641
2643
2644
2657
2678
2689
2697
2698
2712
2717
2722
2726
2728
2732
2733
2745
2748
2749
2759
2771
2776
2779
2780
2789
2794
2795
2802
2803
2820
2828
2841
2853
2855
2859
2882
2889
2897
2903
2904
2909
2930
2939
2944
2959
2966
2968
2969
2970
2974
2975
2978
2981
2982
2990
2992
2995
3002
3007
3009
3010
3022
3025
3026
3035
3044
3048
3049
3059
3062
3068
3082
3087
3093
3108
3114
3134
3139
3142
3149
3155
3163
3170
3187
3201
3205
3206
3210
3228
3231
3233
3234
3237
3241
3243
3263
3265
3278
3279
3280
3300
3303
3305
3306
3308
3321
3327
3333
3337
3341
3344
3352
3361
3388
3402
3403
3409
3414
3417
3418
3421
3444
3445
3472
3474
3479
3483
3488
3497
3511
3519
3520
3524
3536
3538
3546
3547
3550
3562
3565
3567
3568
3569
3579
3583
3598
3600
3606
3647
3651
3662
3663
3666
3673
3679
3681
3686
3697
3706
3714
3719
3726
3733
3734
3745
3764
3767
3788
3802
3806
3807
3810
3817
3834
3872
3874
3877
3878
3911
3918
3919
3921
3955
3960
3964
3978
3986
3987
4004
4005
4007
4009
4012
4014
4017
4018
4020
4027
4045
4046
4070
4072
4077
4079
4086
4093
4112
4119
4132
4134
4136
4143
4157
4178
4179
4182
4186
4191
4195
4205
4208
4211
4224
4240
4243
4258
4268
4270
4283
4288
4292
4304
4305
4308
4315
4316
4323
4324
4335
4342
4346
4349
4362
4369
4371
4373
4375
4378
4381
4389
4408
4419
4426
4440
4444
4445
4457
4467
4471
4473
4484
4488
4490
4491
4495
4497
4503
4512
4513
4520
4521
4530
4531
4537
4541
4547
4550
4555
4581
4587
4594
4608
4611
4612
4615
4640
4642
4643
4657
4658
4674
4675
4676
4689
4698
4709
4717
4718
4729
4746
4748
4757
4767
4768
4769
4782
4783
4791
4793
4803
4804
4805
4821
4823
4839
4845
4871
4885
4886
4889
4899
4904
4915
4918
4924
4927
4929
4936
4937
4940
4942
4953
4956
4970
4975
4978
4980
4982
4987
4995
5014
5017
5024
5029
5031
5047
5051
5052
5054
5063
5072
5081
5094
5101
5107
5121
5122
5128
5131
5141
5144
5148
5151
5159
5160
5185
5191
5197
5209
5214
5224
5236
5239
5257
5261
5279
5310
5312
5313
5315
5317
5320
5321
5336
5340
5364
5366
5381
5393
5394
5398
5405
5407
5408
5419
5424
5426
5436
5440
5447
5449
5453
5468
5494
5498
5507
5508
5510
5512
5527
5536
5540
5545
5547
5550
5557
5560
5562
5564
5566
5572
5578
5580
5584
5593
5601
5623
5645
5647
5650
5661
5682
5693
5712
5722
5723
5725
5734
5738
5752
5758
5766
5769
5788
5808
5811
5816
5830
5835
5840
5842
5843
5856
5866
5879
5883
5884
5887
5889
5904
5910
5913
5921
5922
5930
5945
5958
5970
5990
5992
5997
6011
6016
6018
6019
6024
6046
6055
6065
6067
6076
6085
6093
6099
6101
6112
6113
6118
6124
6129
6130
6139
6150
6151
6152
6175
6178
6181
6192
6199
6201
6202
6204
6229
6248
6265
6272
6291
6299
6304
6305
6306
6313
6320
6329
6331
6332
6335
6337
6340
6341
6345
6353
6357
6369
6397
6399
6400
6424
6432
6437
6445
6451
6465
6467
6472
6474
6484
6488
6490
6495
6510
6519
6521
6522
6525
6527
6529
6533
6534
6538
6546
6549
6550
6553
6558
6559
6583
6586
6598
6600
6625
6636
6639
6642
6644
6653
6654
6667
6674
6680
6687
6691
6698
6699
6702
6710
6711
6714
6715
6734
6741
6751
6757
6759
6776
6778
6785
6788
6797
6800
6823
6824
6827
6836
6844
6852
6857
6875
6876
6881
6884
6905
6912
6917
6921
6934
6936
6938
6939
6942
6951
6960
6963
6964
6965
6970
6981
7014
7019
7021
7022
7029
7052
7060
7061
7067
7073
7079
7081
7089
7092
7094
7100
7101
7105
7112
7113
7133
7136
7140
7157
7165
7169
7171
7172
7173
7176
7177
7180
7187
7191
7205
7222
7239
7263
7274
7286
7290
7297
7308
7316
7318
7329
7333
7336
7337
7342
7343
7353
7400
7401
7421
7449
7459
7462
7463
7472
7487
7490
7491
7502
7510
7512
7524
7540
7556
7560
7572
7579
7583
7585
7599
7609
7629
7643
7644
7649
7664
7669
7677
7679
7680
7689
7693
7695
7699
7729
7731
7734
7756
7757
7760
7763
7766
7776
7777
7781
7783
7793
7797
7809
7817
7819
7830
7859
7864
7897
7902
7906
7909
7916
7917
7927
7938
7971
7979
7995
7999
8004
8005
8016
8026
8029
8032
8039
8046
8057
8061
8067
8093
8098
8106
8111
8118
8123
8124
8132
8134
8144
8145
8146
8149
8150
8167
8171
8178
8180
8183
8186
8188
8192
8198
8203
8210
8211
8219
8224
8227
8235
8241
8252
8256
8258
8263
8282
8291
8293
8298
8306
8311
8319
8326
8334
8343
8345
8349
8351
8360
8372
8382
8383
8390
8394
8395
8400
8417
8437
8438
8445
8452
8455
8464
8466
8476
8479
8507
8509
8526
8532
8542
8543
8544
8567
8569
8571
8577
8580
8586
8592
8599
8600
8613
8617
8625
8627
8629
8634
8637
8650
8651
8655
8660
8668
8685
8692
8696
8701
8706
8707
8723
8728
8729
8738
8751
8755
8763
8765
8778
8780
8785
8789
8790
8804
8806
8817
8823
8831
8833
8837
8838
8843
8847
8861
8865
8866
8874
8875
8884
8895
8902
8904
8915
8947
8954
8958
8959
8975
8977
8982
8983
8985
8995
8998
9002
9009
9017
9021
9037
9039
9043
9051
9052
9054
9058
9059
9088
9092
9100
9113
9116
9134
9137
9140
9149
9155
9168
9174
9175
9181
9204
9214
9215
9222
9228
9234
9239
9254
9267
9272
9274
9278
9280
9307
9314
9329
9330
9335
9341
9359
9371
9375
9380
9381
9391
9411
9422
9433
9435
9440
9443
9448
9455
9459
9477
9485
9488
9489
9503
9510
9512
9519
9525
9538
9540
9542
9545
9552
9569
9574
9586
9587
9589
9591
9592
9601
9603
9605
9606
9607
9614
9620
9628
9635
9636
9640
9645
9660
9679
9684
9686
9696
9699
9704
9705
9717
9721
9724
9728
9738
9746
9747
9749
9759
9767
9786
9791
9793
9801
9808
9810
9819
9821
9834
9842
9843
9855
9856
9862
9872
9878
9881
9883
9884
9894
9903
9906
9910
9922
9923
9931
9932
9934
9952
9956
9968
9979
9982
9989
9991
10001
10005
10006
10014
10018
10019
10026
10033
10044
10062
10064
10067
10075
10079
10080
10086
10091
10096
10101
10102
10104
10109
10119
10124
10128
10131
10139
10150
10155
10156
10165
10167
10169
10174
10198
10207
10211
10233
10237
10274
10280
10281
10289
10291
10293
10294
10303
10311
10319
10327
10330
10332
10335
10336
10345
10346
10351
10358
10369
10375
10389
10396
10404
10407
10408
10420
10435
10453
10456
10463
10470
10479
10485
10486
10492
10513
10515
10525
10529
10534
10542
10547
10550
10556
10590
10596
10609
10618
10622
10624
10627
10650
10651
10653
10661
10669
10672
10673
10684
10686
10719
10720
10744
10746
10755
10757
10767
10774
10776
10779
10794
10800
10827
10831
10846
10849
10887
10891
10898
10903
10913
10922
10928
10929
10949
10954
10961
10977
10983
10985
10987
10989
10990
10998
11014
11028
11042
11046
11051
11052
11060
11061
11065
11069
11090
11091
11109
11111
11127
11135
11152
11168
11176
11178
11188
11200
11219
11228
11237
11240
11264
11283
11284
11288
11292
11324
11361
11366
11387
11389
11416
11441
11446
11447
11453
11479
11484
11486
11526
11527
11536
11547
11562
11568
11574
11578
11580
11597
11598
11606
11608
11609
11614
11628
11631
11637
11644
11676
11677
11702
11710
11727
11728
11731
11736
11739
11743
11756
11779
11812
11823
11824
11842
11849
11859
11868
11888
11917
11919
11921
11924
11926
11934
11935
11941
11944
11954
11964
11967
11974
11979
11990
12007
12008
12016
12028
12032
12034
12053
12062
12063
12065
12067
12071
12073
12117
12120
12129
12139
12144
12150
12163
12164
12165
12187
12188
12191
12193
12198
12204
12209
12217
12223
12233
12235
12239
12244
12251
12255
12257
12271
12273
12276
12282
12303
12304
12305
12319
12321
12322
12327
12345
12349
12351
12356
12360
12362
12365
12376
12391
12403
12406
12415
12417
12428
12438
12439
12445
12453
12455
12458
12459
12460
12464
12473
12475
12489
12492
12510
12513
12514
12517
12530
12535
12549
12561
12572
12581
12584
12587
12594
12595
12602
12607
12614
12644
12648
12677
12686
12711
12724
12726
12730
12736
12747
12750
12767
12782
12789
12805
12812
12816
12818
12823
12826
12828
12832
12837
12838
12846
12865
12868
12871
12874
12877
12884
12886
12887
12890
12896
12910
12911
12914
12931
12960
12962
12969
12987
13008
13009
13010
13023
13029
13031
13033
13034
13048
13056
13059
13065
13067
13071
13081
13096
13097
13105
13106
13116
13117
13119
13120
13147
13155
13162
13166
13181
13187
13191
13194
13195
13203
13213
13227
13234
13236
13245
13246
13258
13268
13277
13280
13281
13293
13298
13300
13331
13335
13341
13342
13346
13347
13351
13352
13354
13364
13384
13387
13388
13390
13394
13397
13398
13408
13412
13413
13415
13427
13430
13439
13454
13461
13471
13478
13479
13485
13490
13500
13503
13508
13511
13520
13530
13537
13555
13561
13566
13571
13578
13582
13591
13602
13604
13606
13611
13614
13615
13617
13619
13626
13630
13639
13644
13651
13655
13658
13662
13663
13665
13688
13698
13700
13713
13731
13732
13743
13746
13749
13753
13756
13760
13774
13775
13798
13807
13810
13813
13827
13828
13833
13839
13840
13852
13868
13870
13889
13908
13916
13925
13926
13930
13934
13937
13942
13947
13955
13956
13958
13976
13982
13989
13998
14000
14008
14012
14037
14041
14043
14045
14047
14048
14054
14055
14063
14077
14080
14087
14094
14098
14102
14114
14119
14141
14149
14150
14169
14172
14181
14194
14197
14210
14217
14218
14227
14231
14232
14242
14245
14255
14257
14258
14265
14269
14274
14288
14292
14299
14308
14312
14314
14321
14323
14326
14327
14339
14345
14353
14356
14361
14365
14373
14374
14375
14386
14394
14395
14398
14399
14407
14413
14417
14418
14422
14428
14432
14447
14453
14457
14463
14472
14473
14485
14486
14491
14492
14499
14503
14510
14530
14560
14561
14562
14573
14574
14578
14589
14597
14609
14619
14620
14634
14638
14661
14662
14666
14679
14680
14681
14692
14695
14700
14705
14709
14711
14712
14716
14720
14722
14737
14754
14759
14761
14765
14773
14774
14781
14785
14802
14820
14828
14837
14845
14852
14861
14862
14869
14879
14882
14893
14905
14907
14912
14914
14915
14928
14929
14931
14939
14943
14946
14949
14967
14969
14972
14988
14998
15001
15007
15010
15013
15018
15025
15035
15042
15044
15050
15051
15055
15057
15063
15069
15071
15080
15085
15087
15100
15105
15110
15112
15124
15151
15155
15167
15180
15183
15186
15202
15206
15211
15214
15216
15228
15237
15243
15244
15245
15246
15247
15248
15259
15289
15298
15307
15318
15322
15324
15346
15355
15381
15390
15415
15420
15432
15434
15435
15441
15451
15453
15455
15458
15463
15465
15466
15468
15469
15470
15476
15484
15505
15508
15512
15538
15541
15545
15547
15558
15561
15576
15580
15581
15586
15587
15597
15606
15617
15618
15619
15631
15643
15647
15650
15652
15654
15673
15680
15685
15690
15702
15705
15709
15714
15717
15725
15736
15745
15749
15754
15756
15758
15759
15763
15766
15772
15774
15775
15776
15796
15802
15806
15810
15826
15834
15839
15846
15855
15856
15860
15871
15873
15891
15894
15904
15916
15919
15925
15940
15946
15955
15958
15959
15960
15962
15970
15971
15974
15983
15984
16003
16012
16019
16020
16022
16023
16034
16036
16037
16043
16079
16087
16090
16100
16112
16117
16128
16132
16142
16146
16155
16167
16173
16176
16186
16189
16190
16191
16192
16197
16209
16217
16221
16225
16231
16235
16249
16253
16257
16260
16276
16281
16282
16284
16292
16297
16301
16302
16315
16321
16324
16327
16335
16353
16362
16372
16373
16384
16385
16389
16391
16409
16410
16411
16414
16416
16418
16425
16430
16433
16439
16448
16467
16486
16492
16496
16510
16523
16532
16537
16538
16541
16545
16548
16552
16554
16555
16574
16582
16616
16623
16624
16625
16626
16634
16653
16657
16680
16682
16685
16689
16697
16699
16704
16707
16713
16716
16719
16740
16741
16746
16749
16752
16760
16761
16765
16767
16774
16784
16789
16800
16830
16832
16835
16840
16859
16860
16864
16865
16868
16877
16887
16889
16897
16908
16918
16922
16926
16943
16955
16962
16964
16965
16969
16985
16993
16997
17009
17011
17023
17024
17029
17036
17046
17047
17048
17053
17076
17080
17088
17089
17101
17114
17116
17122
17129
17134
17139
17142
17147
17150
17152
17176
17180
17197
17199
17213
17224
17229
17233
17250
17253
17263
17266
17279
17292
17301
17306
17318
17327
17333
17349
17351
17370
17373
17384
17385
17386
17389
17397
17407
17417
17424
17428
17447
17448
17456
17463
17468
17477
17481
17487
17493
17494
17501
17507
17513
17515
17522
17526
17527
17532
17540
17548
17553
17558
17559
17563
17577
17579
17587
17599
17608
17626
17649
17660
17664
17670
17681
17683
17688
17690
17694
17698
17701
17714
17721
17726
17727
17735
17740
17743
17755
17758
17763
17765
17770
17774
17790
17791
17794
17798
17811
17821
17828
17833
17837
17840
17845
17854
17858
17859
17861
17864
17870
17871
17876
17895
17898
17914
17916
17923
17926
17928
17935
17949
17952
17962
17966
17968
17983
17997
17999
18006
18008
18017
18032
18042
18043
18066
18070
18074
18081
18086
18089
18092
18106
18108
18119
18137
18141
18142
18145
18147
18151
18156
18158
18166
18189
18195
18199
18200
18202
18221
18232
18237
18238
18244
18269
18272
18277
18278
18282
18283
18287
18294
18295
18297
18298
18301
18305
18306
18318
18345
18346
18351
18356
18363
18384
18389
18403
18413
18428
18442
18462
18466
18471
18492
18502
18510
18522
18523
18524
18525
18539
18543
18546
18547
18549
18552
18557
18563
18568
18569
18582
18590
18595
18596
18611
18618
18641
18642
18644
18650
18661
18677
18678
18679
18680
18683
18686
18688
18695
18699
18703
18708
18709
18713
18714
18735
18737
18740
18765
18767
18770
18776
18777
18779
18785
18791
18803
18804
18808
18817
18827
18832
18849
18870
18880
18885
18894
18907
18912
18914
18915
18916
18922
18924
18931
18941
18944
18948
18955
18957
18958
18961
18966
18981
18984
18989
18992
18994
18998
18999
19006
19015
19024
19029
19035
19037
19040
19045
19047
19063
19065
19066
19067
19089
19090
19094
19096
19100
19103
19107
19112
19123
19127
19131
19136
19145
19170
19175
19184
19186
19208
19213
19214
19227
19233
19235
19240
19253
19257
19271
19273
19279
19295
19302
19303
19309
19333
19342
19349
19350
19352
19353
19356
19359
19364
19368
19379
19391
19397
19409
19424
19428
19434
19448
19473
19474
19498
19500
19508
19509
19510
19528
19544
19545
19554
19555
19569
19573
19592
19601
19627
19638
19644
19671
19696
19719
19725
19729
19738
19743
19750
19772
19773
19774
19775
19778
19784
19787
19797
19811
19814
19832
19833
19870
19880
19884
19887
19890
19894
19901
19909
19912
19915
19939
19941
19945
19946
19948
19950
19954
19961
19962
19966
19967
19975
19991
19993
19999
20004
20006
20008
20009
20011
20021
20031
20036
20039
20056
20063
20070
20072
20077
20081
20083
20091
20094
20095
20096
20110
20114
20125
20142
20146
20151
20157
20165
20168
20174
20176
20180
20183
20191
20199
20203
20215
20226
20236
20239
20245
20265
20273
20276
20282
20285
20288
20289
20290
20307
20308
20318
20319
20320
20322
20339
20340
20346
20357
20358
20362
20366
20372
20381
20402
20406
20409
20424
20434
20453
20454
20458
20459
20468
20471
20474
20483
20490
20502
20528
20531
20533
20534
20557
20572
20579
20590
20600
20604
20614
20618
20621
20627
20628
20630
20646
20647
20670
20678
20686
20696
20704
20708
20714
20717
20727
20728
20734
20742
20746
20748
20759
20760
20763
20764
20770
20771
20772
20789
20790
20806
20808
20809
20833
20849
20850
20864
20866
20867
20875
20878
20880
20883
20892
20893
20896
20903
20908
20920
20922
20934
20959
20963
20982
20991
20992
20999
21004
21014
21015
21035
21051
21052
21055
21057
21066
21074
21088
21097
21098
21099
21103
21109
21112
21120
21127
21131
21137
21150
21151
21162
21164
21165
21167
21182
21185
21187
21194
21208
21220
21222
21236
21241
21246
21247
21249
21265
21274
21279
21284
21289
21291
21295
21306
21307
21317
21320
21321
21322
21323
21354
21356
21358
21359
21363
21388
21400
21428
21431
21434
21451
21452
21457
21468
21522
21526
21535
21576
21585
21589
21592
21596
21598
21643
21649
21651
21664
21665
21669
21684
21688
21697
21699
21717
21718
21724
21727
21729
21739
21769
21783
21785
21786
21788
21799
21807
21809
21825
21827
21842
21852
21860
21861
21869
21892
21897
21898
21902
21910
21920
21923
21934
21943
21951
21955
21956
21963
21965
21967
21971
21976
22015
22020
22026
22027
22031
22035
22041
22042
22044
22055
22059
22068
22089
22100
22113
22115
22129
22141
22144
22157
22161
22167
22179
22185
22187
22194
22195
22209
22215
22223
22231
22236
22240
22243
22245
22246
22258
22260
22261
22263
22290
22292
22295
22307
22308
22309
22322
22325
22336
22337
22351
22352
22354
22358
22359
22361
22365
22368
22370
22383
22389
22390
22396
22406
22420
22422
22427
22432
22436
22442
22444
22448
22461
22462
22465
22471
22473
22500
22502
22521
22532
22540
22541
22544
22556
22563
22568
22577
22580
22588
22609
22616
22617
22634
22641
22643
22647
22658
22659
22667
22698
22702
22703
22704
22708
22710
22715
22723
22738
22740
22745
22746
22747
22748
22753
22754
22782
22795
22798
22799
22810
22817
22823
22827
22836
22843
22852
22868
22895
22898
22902
22907
22913
22915
22917
22934
22935
22939
22944
22946
22953
22956
22971
22983
22984
22986
22989
23000
23001
23009
23019
23021
23029
23036
23040
23054
23061
23065
23071
23076
23081
23083
23088
23098
23100
23105
23107
23113
23140
23142
23144
23178
23179
23182
23186
23190
23192
23201
23204
23205
23206
23208
23209
23210
23215
23237
23238
23244
23254
23261
23272
23275
23297
23299
23301
23306
23312
23340
23355
23361
23368
23383
23385
23386
23392
23395
23411
23413
23415
23417
23421
23426
23430
23441
23454
23458
23459
23468
23477
23487
23495
23510
23522
23530
23534
23539
23546
23549
23561
23562
23565
23566
23568
23571
23589
23591
23595
23602
23625
23638
23643
23645
23647
23648
23650
23652
23653
23664
23669
23674
23676
23680
23694
23701
23702
23714
23721
23723
23725
23736
23737
23741
23746
23765
23774
23775
23789
23791
23809
23813
23819
23821
23830
23832
23839
23840
23846
23850
23862
23865
23867
23868
23875
23880
23884
23891
23895
23910
23912
23917
23921
23926
23927
23929
23932
23937
23953
23954
23997
24004
24016
24024
24028
24030
24056
24062
24067
24078
24082
24086
24096
24099
24111
24118
24137
24144
24150
24160
24164
24169
24181
24190
24196
24206
24218
24240
24244
24251
24275
24276
24287
24288
24290
24295
24300
24316
24319
24324
24330
24338
24339
24357
24371
24385
24388
24395
24397
24408
24410
24413
24435
24437
24445
24448
24454
24469
24476
24482
24483
24485
24498
24506
24514
24517
24518
24527
24530
24533
24540
24557
24581
24589
24595
24610
24617
24638
24647
24649
24657
24665
24676
24677
24679
24700
24716
24724
24730
24732
24735
24737
24749
24780
24791
24811
24822
24835
24837
24843
24851
24855
24856
24864
24874
24885
24886
24892
24893
24899
24906
24910
24919
24938
24948
24953
24957
24960
24962
24966
24979
24980
24986
24991
24999
25012
25015
25022
25023
25042
25048
25061
25075
25078
25088
25111
25130
25131
25132
25137
25158
25163
25168
25176
25180
25195
25201
25214
25223
25225
25226
25233
25238
25243
25246
25263
25281
25288
25289
25294
25304
25320
25323
25335
25343
25345
25362
25371
25374
25380
25383
25385
25388
25389
25395
25401
25413
25421
25422
25425
25435
25438
25439
25441
25444
25453
25469
25470
25476
25478
25479
25483
25490
25506
25518
25522
25527
25531
25535
25548
25558
25571
25572
25600
25601
25603
25606
25611
25625
25628
25648
25659
25660
25666
25671
25674
25683
25690
25691
25698
25699
25702
25712
25720
25744
25767
25792
25795
25806
25809
25834
25846
25851
25853
25858
25867
25876
25905
25907
25920
25937
25947
25950
25958
25959
25962
25969
25970
25971
25985
25993
26015
26017
26024
26032
26036
26047
26052
26057
26068
26081
26085
26095
26102
26107
26123
26137
26142
26143
26147
26160
26173
26177
26180
26209
26214
26217
26220
26224
26228
26233
26234
26235
26241
26243
26251
26252
26256
26261
26264
26282
26283
26288
26289
26300
26307
26316
26323
26327
26357
26365
26373
26380
26383
26384
26385
26393
26397
26404
26409
26419
26437
26445
26454
26456
26461
26471
26477
26480
26483
26489
26500
26501
26506
26510
26544
26550
26589
26590
26591
26594
26600
26608
26630
26633
26666
26689
26700
26714
26726
26729
26730
26748
26750
26755
26768
26795
26815
26826
26836
26849
26850
26860
26862
26873
26880
26883
26887
26889
26933
26936
26940
26951
26957
26958
26962
26979
26999
27020
27038
27055
27072
27074
27080
27089
27092
27095
27096
27101
27112
27124
27127
27130
27141
27150
27159
27163
27182
27208
27212
27242
27250
27252
27254
27257
27287
27294
27295
27297
27315
27317
27321
27323
27332
27336
27337
27346
27361
27366
27367
27368
27371
27378
27385
27394
27400
27431
27432
27437
27441
27446
27448
27449
27463
27473
27474
27479
27485
27489
27492
27499
27501
27510
27519
27520
27527
27532
27535
27537
27541
27543
27546
27548
27570
27571
27586
27588
27589
27591
27601
27604
27629
27636
27648
27663
27666
27667
27668
27680
27685
27692
27708
27709
27712
27726
27737
27750
27757
27759
27772
27783
27804
27806
27814
27821
27831
27841
27848
27864
27872
27875
27883
27889
27890
27896
27901
27920
27925
27930
27941
27944
27946
27958
27962
27971
27981
27985
27987
27989
27994
28005
28010
28011
28015
28016
28026
28030
28032
28037
28039
28050
28052
28067
28078
28079
28081
28092
28093
28094
28103
28104
28109
28123
28137
28146
28157
28159
28161
28164
28169
28173
28178
28203
28204
28205
28208
28228
28242
28248
28276
28309
28310
28336
28347
28349
28354
28362
28373
28379
28386
28389
28394
28397
28401
28403
28408
28411
28416
28417
28435
28437
28454
28478
28490
28491
28493
28495
28496
28500
28501
28505
28506
28514
28515
28527
28536
28561
28568
28569
28570
28573
28579
28580
28612
28618
28619
28624
28626
28628
28634
28639
28640
28641
28642
28646
28656
28669
28673
28681
28687
28699
28705
28713
28725
28728
28731
28732
28736
28739
28743
28746
28748
28750
28754
28759
28761
28766
28775
28795
28797
28809
28810
28832
28834
28838
28840
28844
28854
28862
28865
28875
28897
28904
28907
28908
28913
28916
28921
28934
28940
28943
28944
28954
28961
28969
28980
28986
28989
28996
29004
29007
29037
29039
29040
29043
29049
29050
29052
29053
29080
29084
29100
29118
29122
29139
29141
29146
29167
29172
29183
29197
29198
29209
29215
29216
29219
29227
29228
29229
29230
29234
29235
29243
29244
29248
29261
29266
29279
29288
29317
29321
29325
29351
29353
29355
29384
29386
29391
29409
29412
29416
29422
29423
29431
29432
29435
29449
29454
29457
29465
29470
29487
29498
29499
29505
29507
29514
29525
29530
29534
29553
29568
29571
29578
29581
29582
29588
29596
29598
29606
29613
29621
29629
29630
29631
29642
29645
29650
29653
29670
29680
29690
29695
29703
29711
29729
29741
29756
29759
29766
29771
29780
29789
29797
29800
29805
29808
29821
29839
29858
29860
29877
29878
29883
29887
29889
29891
29892
29904
29918
29927
29940
29959
29967
29968
29975
29977
29995
30003
30009
30011
30016
30018
30025
30032
30037
30043
30059
30068
30078
30087
30089
30091
30118
30122
30135
30136
30151
30152
30153
30169
30177
30178
30199
30207
30213
30214
30218
30227
30232
30234
30241
30248
30268
30277
30280
30286
30289
30292
30297
30305
30313
30314
30316
30319
30327
30334
30335
30337
30339
30349
30354
30358
30371
30381
30404
30407
30418
30421
30426
30427
30440
30451
30479
30482
30487
30488
30493
30496
30507
30518
30550
30556
30573
30576
30578
30593
30604
30609
30627
30629
30634
30647
30667
30668
30687
30711
30723
30732
30733
30736
30748
30754
30759
30768
30774
30780
30813
30826
30848
30850
30856
30864
30867
30869
30876
30880
30882
30895
30899
30902
30913
30931
30937
30942
30948
30950
30966
30968
30986
30999
31019
31021
31023
31027
31035
31041
31043
31048
31063
31076
31078
31083
31096
31097
31104
31125
31127
31129
31140
31154
31162
31167
31177
31190
31202
31216
31218
31220
31223
31229
31233
31238
31245
31278
31281
31293
31305
31312
31315
31320
31322
31331
31335
31343
31346
31347
31349
31350
31352
31372
31375
31376
31378
31379
31380
31381
31382
31383
31395
31397
31401
31402
31428
31436
31443
31451
31455
31458
31459
31476
31490
31495
31496
31506
31509
31512
31515
31519
31520
31523
31526
31530
31532
31533
31538
31544
31549
31558
31560
31573
31575
31576
31579
31586
31588
31590
31596
31600
31601
31603
31604
31611
31613
31614
31638
31651
31652
31654
31659
31667
31668
31669
31679
31680
31683
31688
31698
31701
31702
31710
31712
31716
31727
31731
31752
31754
31755
31762
31772
31781
31783
31786
31788
31791
31798
31802
31817
31820
31822
31825
31841
31844
31849
31890
31892
31896
31905
31906
31929
31935
31937
31938
31961
31963
31967
31982
31992
32003
32010
32016
32022
32047
32052
32053
32057
32081
32086
32097
32099
32103
32108
32120
32130
32134
32156
32158
32163
32171
32199
32200
32205
32213
32219
32220
32222
32223
32236
32265
32282
32298
32300
32310
32319
32322
32330
32334
32340
32341
32345
32347
32348
32349
32352
32360
32365
32382
32386
32392
32416
32419
32426
32428
32463
32471
32474
32476
32478
32484
32491
32507
32525
32538
32550
32554
32562
32563
32573
32587
32589
32592
32602
32626
32630
32644
32646
32683
32686
32692
32703
32707
32709
32731
32736
32764
32770
32771
32774
32777
32783
32789
32796
32800
32802
32807
32810
32816
32831
32835
32843
32846
32850
32870
32888
32898
32899
32901
32902
32904
32909
32927
32928
32939
32942
32948
32953
32971
32981
32988
32997
33000
33005
33016
33032
33036
33045
33048
33049
33051
33052
33071
33075
33104
33106
33110
33122
33123
33127
33143
33153
33168
33173
33177
33179
33184
33198
33205
33206
33215
33217
33224
33229
33230
33231
33236
33241
33245
33247
33251
33262
33280
33298
33304
33307
33312
33316
33326
33329
33345
33354
33357
33370
33372
33376
33377
33386
33391
33394
33401
33410
33413
33414
33422
33432
33442
33444
33456
33471
33473
33477
33490
33494
33502
33506
33514
33526
33540
33541
33563
33570
33572
33574
33585
33588
33609
33615
33619
33621
33625
33630
33634
33637
33639
33653
33659
33660
33664
33669
33686
33688
33697
33705
33707
33713
33718
33720
33723
33724
33730
33755
33759
33776
33789
33792
33794
33796
33806
33807
33812
33814
33826
33828
33836
33838
33849
33871
33874
33878
33886
33900
33903
33908
33909
33910
33935
33938
33942
33950
33952
33956
33960
33962
33967
33971
33975
33980
33982
33986
33987
33995
34006
34014
34031
34034
34045
34057
34062
34070
34072
34084
34091
34094
34100
34109
34115
34125
34156
34165
34186
34196
34198
34206
34215
34216
34219
34231
34251
34253
34261
34265
34273
34279
34299
34327
34331
34334
34345
34362
34376
34401
34407
34408
34409
34418
34423
34444
34454
34472
34477
34490
34491
34492
34493
34497
34498
34503
34505
34506
34513
34519
34520
34525
34534
34536
34562
34573
34599
34616
34621
34624
34626
34628
34636
34642
34649
34651
34652
34655
34668
34670
34683
34684
34687
34690
34716
34737
34741
34758
34760
34762
34768
34774
34776
34778
34794
34798
34803
34812
34831
34836
34848
34866
34883
34905
34909
34925
34928
34929
34932
34937
34938
34943
34948
34968
34974
34979
34993
34997
35014
35021
35029
35036
35038
35039
35041
35046
35056
35063
35066
35081
35087
35100
35109
35117
35128
35147
35156
35159
35165
35180
35188
35191
35194
35196
35202
35217
35223
35226
35231
35244
35254
35269
35303
35318
35319
35323
35325
35332
35333
35335
35340
35343
35354
35356
35367
35368
35395
35396
35405
35409
35411
35419
35423
35424
35431
35437
35438
35441
35444
35448
35457
35458
35459
35470
35471
35477
35479
35484
35485
35492
35516
35522
35524
35530
35532
35541
35545
35547
35551
35573
35586
35587
35593
35595
35596
35608
35610
35614
35620
35621
35622
35630
35636
35646
35647
35658
35663
35671
35674
35678
35685
35690
35695
35707
35708
35728
35729
35738
35739
35745
35762
35793
35814
35816
35819
35826
35831
35836
35838
35839
35857
35869
35870
35872
35879
35882
35884
35892
35907
35908
35913
35933
35959
35960
35961
35968
35971
35983
35984
35989
35997
36003
36010
36016
36019
36033
36039
36044
36045
36049
36052
36054
36055
36057
36062
36070
36084
36089
36094
36116
36122
36150
36173
36183
36185
36188
36210
36224
36227
36231
36236
36258
36260
36273
36276
36286
36288
36290
36291
36299
36304
36318
36320
36334
36337
36338
36344
36351
36353
36354
36356
36375
36380
36395
36406
36408
36414
36420
36436
36442
36446
36447
36449
36459
36461
36463
36464
36472
36473
36479
36480
36486
36495
36498
36518
36519
36527
36533
36554
36564
36568
36573
36574
36592
36601
36615
36619
36621
36625
36630
36631
36632
36635
36639
36650
36655
36671
36676
36677
36678
36682
36694
36698
36701
36718
36727
36735
36738
36740
36746
36747
36750
36752
36772
36776
36788
36789
36790
36791
36793
36803
36811
36814
36816
36821
36832
36839
36853
36860
36866
36868
36869
36870
36871
36879
36887
36893
36899
36909
36912
36918
36920
36957
36959
36971
36973
36976
36977
36989
36992
36995
37004
37013
37039
37041
37060
37070
37073
37076
37085
37087
37089
37090
37093
37099
37109
37121
37126
37140
37148
37162
37165
37166
37167
37176
37182
37185
37186
37190
37199
37201
37227
37229
37235
37240
37292
37301
37308
37311
37324
37325
37332
37336
37355
37357
37366
37374
37394
37399
37406
37419
37427
37439
37451
37453
37457
37458
37459
37463
37478
37498
37501
37507
37514
37515
37516
37518
37525
37526
37527
37534
37541
37551
37556
37560
37561
37581
37585
37593
37594
37597
37632
37637
37638
37667
37677
37686
37689
37691
37693
37694
37710
37714
37728
37729
37733
37736
37752
37761
37768
37769
37774
37777
37781
37803
37804
37818
37826
37841
37847
37851
37852
37863
37864
37866
37873
37879
37888
37892
37896
37906
37912
37915
37931
37933
37941
37961
37962
37963
37968
37972
37975
37976
37981
37988
38003
38004
38013
38016
38021
38023
38070
38080
38095
38127
38139
38144
38151
38155
38169
38175
38190
38192
38216
38221
38223
38229
38241
38251
38255
38257
38260
38262
38270
38281
38284
38291
38294
38304
38316
38318
38322
38323
38329
38343
38350
38354
38365
38372
38375
38382
38385
38393
38400
38412
38425
38428
38435
38438
38444
38451
38457
38458
38464
38476
38478
38479
38503
38534
38541
38544
38551
38556
38559
38576
38584
38603
38613
38620
38625
38632
38644
38646
38654
38655
38658
38661
38667
38673
38680
38681
38682
38703
38712
38713
38729
38733
38736
38752
38761
38762
38769
38774
38778
38779
38787
38789
38796
38799
38811
38814
38828
38829
38840
38853
38854
38858
38866
38868
38876
38878
38887
38889
38891
38896
38898
38905
38908
38917
38923
38926
38928
38949
38957
38963
38972
38979
38983
38996
39010
39034
39037
39052
39054
39061
39062
39063
39073
39081
39085
39097
39101
39112
39114
39122
39127
39130
39143
39173
39175
39190
39198
39203
39215
39223
39225
39228
39230
39241
39243
39246
39247
39257
39258
39262
39277
39287
39292
39297
39312
39317
39326
39327
39341
39342
39344
39348
39349
39350
39351
39354
39381
39387
39389
39401
39405
39409
39410
39416
39417
39420
39422
39423
39428
39430
39446
39452
39454
39459
39460
39468
39470
39484
39488
39501
39502
39508
39510
39512
39515
39520
39521
39522
39524
39535
39561
39576
39578
39587
39595
39598
39613
39615
39621
39666
39673
39676
39677
39680
39682
39685
39695
39697
39698
39699
39703
39719
39724
39740
39750
39752
39754
39756
39761
39764
39766
39770
39771
39778
39784
39788
39795
39809
39820
39822
39823
39825
39834
39842
39847
39851
39859
39864
39866
39875
39878
39879
39882
39886
39889
39893
39896
39899
39904
39921
39925
39933
39938
39939
39951
39952
39971
39972
39984
39989
39990
39994
40006
40008
40016
40017
40023
40029
40035
40037
40043
40046
40065
40072
40081
40085
40089
40100
40102
40118
40129
40133
40144
40151
40185
40192
40194
40198
40200
40201
40202
40204
40207
40216
40218
40227
40234
40236
40245
40256
40260
40263
40265
40278
40280
40286
40301
40310
40333
40342
40350
40356
40370
40383
40385
40392
40395
40423
40454
40489
40495
40497
40499
40502
40503
40507
40537
40541
40547
40552
40563
40568
40571
40572
40574
40579
40580
40588
40596
40598
40602
40606
40607
40617
40626
40631
40654
40678
40683
40695
40700
40705
40706
40711
40714
40728
40737
40741
40745
40747
40754
40775
40776
40777
40782
40797
40824
40833
40843
40853
40856
40865
40875
40897
40913
40921
40922
40927
40935
40942
40944
40945
40952
40965
40967
40968
40983
40986
40987
40989
40991
40996
41003
41006
41007
41009
41012
41021
41029
41043
41044
41061
41080
41083
41102
41110
41130
41150
41153
41154
41169
41172
41177
41183
41192
41197
41226
41240
41243
41262
41265
41266
41271
41274
41276
41278
41286
41288
41305
41315
41317
41321
41346
41349
41368
41408
41417
41421
41423
41431
41441
41449
41462
41473
41474
41484
41494
41495
41501
41506
41509
41548
41555
41557
41566
41570
41571
41596
41598
41600
41604
41610
41616
41617
41630
41632
41634
41642
41646
41650
41658
41661
41663
41672
41676
41681
41683
41687
41692
41703
41705
41706
41713
41721
41735
41741
41752
41757
41773
41775
41780
41785
41792
41794
41805
41810
41812
41819
41822
41826
41827
41832
41840
41847
41859
41865
41866
41876
41877
41885
41886
41887
41893
41897
41904
41916
41932
41935
41944
41945
41948
41951
41952
41963
41991
42006
42019
42023
42038
42049
42050
42054
42091
42094
42096
42104
42109
42113
42121
42143
42146
42149
42154
42160
42173
42181
42183
42184
42225
42228
42244
42252
42264
42267
42268
42269
42292
42309
42316
42326
42331
42343
42352
42355
42363
42370
42372
42376
42382
42389
42392
42398
42400
42405
42406
42413
42414
42416
42420
42435
42437
42439
42441
42459
42464
42475
42478
42482
42485
42491
42493
42501
42512
42522
42527
42529
42530
42538
42539
42549
42553
42574
42585
42590
42597
42606
42607
42609
42619
42625
42627
42635
42657
42673
42675
42683
42700
42703
42713
42724
42730
42733
42736
42743
42756
42758
42765
42770
42773
42781
42786
42788
42803
42808
42812
42827
42839
42849
42876
42878
42888
42893
42895
42901
42903
42910
42924
42935
42950
42952
42954
42971
42973
42979
42990
43006
43015
43016
43018
43020
43023
43042
43044
43058
43059
43081
43090
43093
43094
43105
43106
43116
43123
43136
43137
43138
43140
43141
43154
43157
43160
43169
43174
43192
43210
43211
43222
43224
43233
43242
43262
43276
43277
43279
43282
43294
43299
43306
43312
43318
43321
43323
43324
43327
43343
43345
43346
43347
43359
43370
43388
43390
43393
43399
43404
43405
43407
43417
43423
43435
43439
43442
43445
43465
43468
43469
43470
43474
43480
43485
43492
43513
43524
43526
43533
43534
43543
43545
43550
43554
43578
43589
43594
43597
43620
43622
43626
43636
43645
43655
43657
43672
43676
43678
43680
43686
43692
43706
43711
43726
43745
43764
43771
43782
43785
43796
43798
43799
43807
43811
43813
43840
43858
43860
43873
43876
43882
43897
43913
43915
43918
43928
43935
43940
43943
43960
43961
43962
43969
43971
43984
43991
43996
44003
44004
44010
44012
44020
44036
44044
44047
44055
44066
44069
44071
44078
44079
44090
44095
44112
44113
44121
44124
44134
44138
44143
44151
44161
44169
44172
44175
44204
44205
44212
44214
44215
44217
44225
44229
44247
44248
44255
44265
44274
44276
44277
44297
44303
44312
44314
44316
44317
44343
44346
44354
44366
44369
44376
44377
44378
44383
44394
44406
44409
44419
44432
44434
44446
44448
44450
44452
44454
44458
44466
44475
44479
44509
44514
44515
44517
44525
44531
44537
44546
44552
44553
44559
44571
44604
44619
44629
44634
44638
44643
44648
44668
44669
44673
44674
44682
44688
44693
44713
44720
44736
44737
44742
44744
44745
44759
44762
44777
44782
44788
44789
44791
44799
44801
44807
44811
44833
44846
44847
44850
44853
44856
44865
44877
44894
44902
44909
44910
44922
44932
44948
44968
44970
44986
44988
44990
45006
45014
45016
45019
45025
45032
45049
45066
45079
45087
45091
45102
45104
45105
45110
45112
45123
45125
45129
45132
45141
45145
45153
45154
45178
45189
45207
45214
45219
45239
45240
45242
45246
45253
45258
45264
45266
45294
45300
45312
45315
45318
45319
45326
45334
45336
45346
45353
45369
45399
45400
45403
45427
45439
45444
45445
45449
45455
45460
45469
45479
45492
45500
45501
45502
45522
45523
45524
45547
45557
45572
45577
45582
45587
45592
45598
45604
45613
45621
45632
45635
45642
45645
45657
45658
45666
45668
45686
45710
45720
45726
45742
45743
45751
45758
45759
45776
45777
45781
45784
45792
45794
45801
45806
45813
45820
45824
45830
45832
45842
45846
45847
45861
45862
45863
45888
45892
45893
45895
45901
45916
45940
45944
45964
45965
45970
45979
45985
45986
45999
46002
46005
46019
46043
46044
46046
46052
46053
46057
46058
46059
46062
46067
46069
46071
46092
46105
46124
46126
46131
46138
46139
46145
46149
46152
46164
46168
46187
46193
46199
46212
46230
46233
46244
46249
46259
46261
46267
46272
46275
46277
46282
46283
46294
46297
46304
46306
46320
46331
46342
46350
46364
46366
46368
46371
46375
46377
46388
46390
46394
46397
46404
46410
46424
46437
46440
46442
46451
46456
46461
46462
46464
46466
46481
46483
46494
46499
46502
46506
46523
46524
46526
46544
46554
46555
46558
46562
46571
46576
46591
46602
46622
46625
46629
46657
46666
46681
46688
46699
46707
46713
46731
46732
46733
46739
46751
46765
46767
46768
46771
46772
46775
46781
46782
46790
46805
46820
46825
46832
46836
46837
46838
46841
46842
46843
46844
46845
46846
46852
46861
46873
46877
46889
46891
46894
46897
46910
46911
46912
46914
46927
46928
46936
46948
46949
46950
46965
46968
46970
46976
46998
47000
47005
47006
47007
47021
47041
47046
47055
47058
47059
47071
47074
47075
47078
47080
47081
47082
47086
47089
47093
47096
47102
47105
47123
47125
47133
47141
47148
47150
47156
47160
47162
47169
47175
47176
47191
47201
47212
47213
47218
47221
47240
47262
47276
47277
47280
47290
47297
47305
47328
47339
47343
47345
47350
47359
47365
47371
47376
47379
47387
47394
47397
47413
47416
47427
47428
47464
47467
47478
47483
47487
47498
47501
47511
47523
47524
47527
47530
47532
47534
47540
47552
47558
47561
47566
47567
47573
47575
47576
47579
47583
47585
47586
47587
47590
47591
47594
47606
47607
47616
47617
47618
47620
47625
47626
47630
47631
47632
47636
47650
47651
47653
47655
47659
47684
47687
47697
47699
47701
47704
47709
47715
47726
47729
47735
47747
47748
47749
47752
47753
47755
47757
47762
47766
47777
47779
47784
47789
47794
47807
47811
47815
47828
47837
47849
47861
47885
47888
47892
47893
47902
47907
47913
47917
47925
47927
47930
47935
47959
47968
47983
47990
47991
47992
47995
47996
48010
48014
48015
48023
48027
48035
48038
48046
48052
48057
48060
48068
48069
48071
48086
48093
48108
48114
48115
48118
48130
48132
48142
48156
48157
48171
48175
48176
48178
48186
48188
48195
48197
48211
48213
48214
48219
48234
48239
48240
48241
48254
48257
48289
48294
48295
48306
48308
48313
48318
48332
48342
48366
48374
48378
48383
48388
48395
48397
48414
48416
48418
48428
48432
48436
48448
48451
48473
48481
48489
48505
48507
48509
48515
48518
48522
48538
48541
48546
48557
48609
48611
48620
48625
48627
48630
48633
48635
48638
48657
48660
48662
48666
48670
48674
48696
48700
48705
48708
48717
48725
48728
48732
48734
48735
48747
48752
48753
48765
48767
48769
48773
48775
48798
48799
48827
48844
48849
48850
48860
48864
48868
48890
48898
48901
48905
48908
48930
48946
48949
48952
48960
48962
48964
48967
48979
48985
48991
48992
48993
48999
49004
49015
49016
49017
49021
49032
49036
49056
49061
49069
49072
49078
49087
49100
49103
49104
49112
49116
49117
49123
49129
49133
49147
49153
49173
49179
49180
49184
49186
49190
49196
49200
49204
49211
49218
49226
49243
49247
49274
49282
49283
49290
49291
49293
49308
49317
49327
49331
49340
49359
49389
49391
49392
49401
49408
49412
49415
49417
49419
49425
49426
49430
49438
49440
49444
49445
49451
49458
49477
49483
49487
49497
49500
49503
49506
49517
49519
49521
49530
49535
49547
49550
49552
49557
49565
49566
49567
49575
49585
49586
49601
49604
49605
49610
49616
49622
49627
49645
49649
49658
49682
49687
49689
49693
49705
49706
49711
49715
49718
49734
49738
49753
49764
49768
49776
49789
49798
49805
49807
49808
49812
49813
49814
49834
49836
49840
49848
49857
49863
49870
49871
49872
49874
49882
49884
49886
49897
49899
49919
49930
49936
49938
49955
49961
49964
49970
49971
49986
49991
49993
49997
49999
50000
50019
50022
50026
50030
50034
50046
50048
50051
50059
50064
50071
50072
50079
50084
50086
50089
50102
50105
50115
50122
50134
50135
50153
50178
50203
50213
50215
50217
50232
50235
50247
50260
50285
50294
50313
50316
50318
50322
50334
50347
50364
50373
50382
50389
50391
50393
50404
50413
50414
50419
50431
50434
50437
50440
50447
50449
50454
50479
50484
50490
50492
50494
50509
50513
50517
50528
50538
50548
50555
50562
50581
50596
50603
50615
50618
50638
50640
50648
50651
50655
50658
50659
50663
50667
50679
50680
50681
50699
50713
50718
50727
50728
50732
50737
50740
50742
50751
50753
50765
50770
50771
50779
50784
50787
50790
50792
50796
50816
50820
50821
50823
50853
50861
50863
50866
50867
50870
50878
50887
50894
50898
50899
50900
50901
50902
50905
50910
50920
50921
50933
50948
50959
50964
50979
51000
51002
51006
51010
51011
51028
51067
51086
51088
51097
51105
51110
51115
51129
51131
51135
51136
51151
51156
51157
51163
51191
51195
51198
51211
51221
51222
51231
51239
51243
51252
51267
51271
51280
51283
51289
51312
51323
51326
51330
51331
51340
51341
51352
51354
51358
51366
51370
51376
51386
51387
51412
51418
51425
51429
51434
51448
51461
51476
51482
51492
51515
51518
51520
51521
51525
51544
51547
51555
51559
51566
51567
51570
51581
51585
51588
51591
51607
51614
51615
51629
51633
51636
51642
51678
51683
51685
51687
51703
51724
51733
51734
51736
51744
51759
51762
51769
51795
51803
51816
51818
51837
51841
51851
51855
51861
51865
51872
51878
51883
51884
51885
51886
51892
51901
51903
51920
51921
51928
51950
51951
51955
51963
51964
51970
51972
51980
51992
51995
52003
52008
52019
52024
52025
52046
52050
52057
52065
52066
52071
52072
52075
52090
52091
52093
52094
52106
52120
52127
52136
52147
52150
52152
52163
52168
52170
52176
52177
52178
52180
52186
52189
52194
52202
52203
52213
52218
52226
52230
52231
52239
52248
52253
52261
52267
52280
52282
52292
52313
52315
52316
52320
52334
52340
52342
52352
52354
52357
52359
52360
52361
52363
52366
52371
52373
52374
52377
52384
52403
52405
52422
52429
52441
52445
52453
52464
52471
52477
52480
52481
52486
52491
52501
52503
52508
52511
52540
52543
52551
52595
52600
52605
52617
52625
52642
52643
52648
52651
52652
52661
52670
52678
52684
52687
52703
52716
52718
52721
52726
52732
52754
52756
52766
52781
52790
52828
52830
52832
52844
52848
52860
52863
52876
52884
52907
52917
52919
52928
52933
52946
52950
52952
52957
52984
52991
52996
52997
53015
53018
53023
53049
53057
53065
53066
53075
53077
53091
53102
53104
53107
53110
53125
53148
53150
53156
53162
53174
53180
53182
53190
53209
53213
53219
53238
53248
53264
53279
53284
53300
53313
53314
53316
53318
53336
53338
53346
53357
53360
53361
53364
53371
53384
53400
53414
53427
53428
53437
53444
53450
53452
53477
53478
53486
53497
53501
53523
53526
53530
53532
53535
53540
53545
53556
53565
53568
53569
53573
53584
53592
53595
53602
53604
53611
53628
53629
53632
53643
53649
53650
53658
53664
53682
53689
53695
53697
53708
53713
53719
53722
53724
53725
53727
53733
53752
53767
53770
53784
53785
53794
53796
53806
53824
53829
53831
53840
53846
53858
53861
53864
53870
53872
53876
53877
53888
53901
53902
53907
53908
53910
53914
53918
53929
53935
53936
53940
53943
53945
53946
53952
53956
53958
53960
53971
53974
53981
53992
53994
54003
54004
54009
54015
54019
54021
54026
54056
54063
54066
54068
54083
54097
54106
54107
54109
54121
54133
54137
54138
54141
54145
54155
54189
54192
54193
54195
54199
54216
54219
54222
54227
54236
54249
54252
54287
54296
54297
54300
54306
54307
54308
54318
54320
54326
54327
54330
54336
54338
54366
54368
54374
54375
54387
54395
54405
54408
54411
54413
54435
54439
54446
54451
54452
54467
54469
54493
54497
54503
54519
54527
54535
54540
54556
54557
54558
54566
54573
54575
54583
54591
54596
54600
54601
54603
54604
54610
54612
54615
54617
54618
54620
54622
54629
54634
54636
54643
54646
54655
54664
54690
54692
54702
54705
54714
54735
54736
54748
54750
54755
54757
54764
54772
54773
54775
54783
54788
54795
54797
54798
54814
54815
54823
54828
54829
54834
54839
54859
54861
54862
54864
54870
54874
54897
54899
54901
54908
54911
54914
54918
54920
54924
54937
54950
54952
54967
54977
54982
54988
54994
55001
55002
55004
55013
55014
55024
55026
55038
55042
55046
55050
55061
55062
55063
55075
55078
55083
55092
55103
55118
55136
55140
55145
55147
55149
55152
55153
55154
55157
55163
55164
55182
55197
55198
55203
55205
55206
55216
55223
55236
55243
55261
55270
55271
55276
55291
55294
55313
55316
55326
55329
55334
55336
55345
55350
55371
55373
55381
55384
55385
55386
55390
55392
55407
55416
55417
55418
55420
55432
55447
55450
55451
55452
55454
55455
55469
55472
55477
55484
55487
55490
55500
55517
55520
55524
55528
55532
55533
55543
55546
55547
55560
55573
55587
55596
55603
55612
55613
55615
55628
55636
55642
55645
55651
55652
55655
55660
55661
55662
55675
55698
55727
55732
55733
55743
55750
55756
55759
55766
55769
55772
55777
55783
55791
55799
55806
55809
55813
55828
55830
55831
55832
55846
55847
55848
55851
55853
55857
55863
55867
55876
55880
55884
55888
55900
55902
55909
55913
55914
55923
55935
55937
55942
55943
55945
55956
55963
55968
55969
55974
55981
55985
55990
55992
55995
56001
56002
56013
56016
56024
56025
56035
56057
56065
56077
56097
56101
56103
56104
56123
56124
56142
56144
56155
56161
56176
56180
56186
56191
56192
56195
56203
56204
56216
56218
56232
56247
56249
56265
56274
56276
56280
56284
56297
56302
56303
56304
56313
56314
56319
56326
56329
56338
56340
56341
56358
56361
56371
56383
56388
56395
56396
56407
56411
56428
56431
56436
56446
56463
56473
56477
56479
56486
56487
56494
56513
56523
56528
56530
56535
56541
56544
56555
56562
56574
56577
56581
56603
56607
56612
56616
56629
56632
56634
56648
56654
56661
56667
56670
56671
56672
56673
56678
56686
56693
56712
56721
56731
56734
56735
56737
56738
56748
56755
56756
56762
56763
56782
56785
56791
56805
56806
56808
56813
56814
56823
56830
56836
56864
56865
56895
56901
56902
56905
56906
56924
56925
56933
56934
56935
56948
56951
56958
56962
56969
56970
56973
56981
56987
57013
57032
57047
57050
57054
57056
57061
57062
57067
57072
57077
57086
57128
57129
57133
57136
57137
57146
57149
57151
57161
57162
57166
57183
57201
57214
57216
57217
57235
57238
57242
57266
57270
57277
57280
57298
57314
57315
57316
57319
57322
57333
57335
57337
57345
57358
57383
57394
57429
57431
57438
57442
57456
57457
57469
57476
57480
57490
57510
57517
57522
57533
57538
57539
57541
57556
57568
57569
57587
57588
57589
57597
57608
57613
57614
57615
57631
57635
57637
57645
57651
57654
57672
57674
57685
57689
57690
57696
57712
57726
57729
57742
57750
57757
57764
57767
57784
57798
57806
57814
57816
57817
57828
57830
57839
57847
57849
57852
57869
57877
57880
57889
57898
57899
57901
57909
57924
57950
57954
57960
57969
57971
57973
57976
57983
57984
57986
57994
57996
58000
58009
58015
58033
58040
58045
58051
58054
58058
58060
58070
58074
58083
58093
58096
58103
58109
58118
58122
58132
58136
58139
58159
58173
58191
58202
58208
58219
58230
58236
58237
58239
58240
58243
58253
58269
58270
58275
58289
58291
58298
58301
58305
58321
58322
58345
58356
58359
58369
58373
58379
58383
58390
58393
58406
58422
58430
58432
58454
58463
58482
58487
58493
58504
58512
58513
58514
58518
58522
58532
58534
58539
58540
58566
58567
58580
58616
58619
58622
58624
58646
58663
58664
58668
58676
58683
58695
58700
58701
58708
58712
58714
58718
58720
58725
58732
58734
58738
58742
58754
58759
58776
58778
58782
58802
58804
58810
58821
58822
58831
58835
58844
58846
58850
58854
58860
58865
58868
58876
58878
58883
58888
58890
58895
58901
58906
58913
58932
58936
58938
58940
58944
58945
58951
58973
58981
58992
59009
59023
59037
59040
59049
59051
59057
59063
59080
59083
59089
59092
59098
59100
59103
59106
59111
59115
59123
59124
59131
59137
59140
59143
59148
59153
59160
59193
59198
59232
59238
59242
59252
59265
59282
59285
59298
59313
59316
59318
59325
59326
59332
59343
59347
59348
59368
59374
59393
59395
59404
59407
59412
59414
59415
59419
59427
59428
59445
59461
59471
59480
59481
59495
59506
59509
59510
59511
59518
59520
59525
59526
59531
59540
59545
59561
59567
59592
59595
59602
59608
59614
59626
59629
59652
59665
59667
59673
59681
59682
59692
59704
59709
59710
59713
59724
59729
59742
59746
59759
59795
59797
59804
59816
59820
59828
59835
59844
59850
59857
59866
59869
59870
59876
59887
59899
59900
59902
59906
59908
59916
59921
59922
59927
59929
59930
59932
59941
59943
59951
59975
59979
59980
59989
59996
60004
60008
60013
60027
60033
60034
60036
60053
60057
60058
60059
60062
60069
60072
60080
60082
60094
60097
60099
60100
60104
60107
60108
60111
60114
60117
60127
60128
60135
60140
60143
60151
60157
60169
60179
60187
60192
60206
60208
60210
60213
60225
60249
60251
60258
60263
60268
60270
60272
60274
60277
60278
60289
60290
60301
60303
60320
60334
60337
60340
60364
60366
60367
60369
60373
60387
60392
60401
60403
60404
60405
60423
60428
60431
60452
60483
60487
60494
60496
60501
60508
60509
60510
60524
60525
60527
60536
60539
60541
60562
60573
60580
60588
60590
60594
60601
60603
60609
60612
60620
60622
60629
60640
60644
60650
60662
60673
60674
60677
60680
60687
60709
60722
60725
60731
60739
60741
60753
60754
60756
60763
60773
60774
60781
60785
60794
60796
60798
60814
60815
60816
60819
60822
60831
60833
60834
60849
60854
60856
60866
60867
60876
60877
60880
60882
60885
60896
60897
60902
60906
60907
60910
60915
60917
60928
60933
60939
60951
60954
60956
60975
60977
60980
60989
60998
61000
61012
61014
61021
61036
61046
61047
61049
61054
61056
61061
61064
61070
61072
61080
61087
61092
61093
61098
61099
61102
61105
61117
61137
61138
61140
61144
61155
61159
61162
61176
61187
61194
61197
61214
61219
61225
61240
61241
61242
61246
61249
61253
61255
61259
61268
61275
61278
61279
61285
61288
61296
61303
61319
61333
61337
61344
61351
61356
61360
61376
61403
61404
61406
61412
61416
61423
61428
61447
61451
61453
61458
61468
61478
61482
61483
61497
61503
61507
61512
61521
61522
61533
61537
61552
61562
61564
61566
61569
61587
61596
61599
61600
61601
61630
61631
61637
61643
61645
61649
61652
61660
61675
61676
61677
61678
61693
61695
61697
61704
61708
61732
61742
61752
61755
61760
61763
61765
61767
61776
61778
61783
61787
61818
61820
61825
61829
61834
61836
61850
61857
61865
61871
61887
61893
61911
61922
61929
61935
61936
61945
61947
61948
61952
61958
61959
61964
61967
61979
61982
61983
61987
61993
62008
62009
62013
62015
62017
62033
62037
62069
62076
62087
62094
62104
62117
62119
62137
62139
62141
62147
62153
62157
62162
62177
62178
62210
62213
62214
62223
62230
62236
62237
62261
62265
62273
62277
62280
62281
62283
62293
62294
62298
62319
62320
62322
62328
62337
62339
62341
62342
62345
62348
62356
62358
62359
62364
62372
62380
62390
62391
62398
62416
62421
62430
62433
62434
62456
62457
62460
62465
62474
62477
62480
62485
62488
62489
62490
62492
62493
62498
62506
62513
62527
62532
62546
62559
62562
62600
62606
62612
62613
62619
62623
62626
62636
62663
62666
62670
62675
62694
62699
62706
62719
62722
62733
62743
62762
62777
62791
62796
62797
62800
62802
62804
62805
62817
62823
62828
62835
62836
62846
62849
62857
62860
62861
62863
62873
62874
62875
62900
62902
62903
62911
62912
62922
62925
62926
62937
62941
62953
63003
63009
63010
63012
63016
63022
63024
63035
63039
63042
63043
63045
63049
63057
63074
63080
63087
63093
63094
63095
63110
63114
63117
63121
63125
63127
63138
63141
63142
63160
63161
63164
63169
63172
63178
63179
63195
63197
63212
63213
63219
63224
63230
63231
63236
63241
63243
63249
63254
63255
63259
63265
63282
63285
63304
63307
63311
63328
63330
63346
63366
63368
63370
63375
63381
63390
63403
63410
63420
63441
63444
63455
63457
63471
63488
63489
63490
63492
63495
63510
63511
63513
63529
63538
63540
63554
63555
63557
63565
63571
63576
63592
63597
63598
63608
63611
63621
63623
63626
63629
63640
63651
63656
63657
63660
63692
63694
63695
63702
63705
63707
63713
63717
63725
63748
63750
63757
63759
63764
63784
63800
63804
63813
63822
63832
63835
63840
63846
63850
63859
63866
63867
63874
63882
63890
63891
63895
63899
63906
63914
63921
63943
63946
63964
63966
63967
63970
63972
63997
64006
64015
64019
64022
64044
64047
64056
64060
64065
64071
64085
64090
64097
64099
64111
64113
64117
64119
64120
64128
64131
64135
64152
64156
64165
64172
64181
64183
64186
64197
64204
64206
64209
64213
64237
64244
64266
64269
64282
64293
64296
64303
64307
64313
64314
64320
64327
64341
64352
64368
64374
64380
64395
64400
64405
64419
64426
64431
64432
64443
64470
64483
64491
64494
64495
64501
64504
64513
64519
64527
64530
64532
64535
64546
64560
64565
64571
64572
64598
64600
64607
64610
64616
64620
64631
64639
64642
64651
64660
64665
64671
64672
64675
64685
64694
64698
64699
64713
64715
64734
64742
64746
64750
64764
64765
64767
64769
64771
64772
64774
64780
64783
64790
64794
64805
64807
64809
64818
64846
64848
64851
64853
64858
64876
64883
64890
64891
64895
64900
64903
64905
64911
64914
64915
64917
64919
64921
64927
64928
64931
64934
64937
64938
64940
64947
64954
64962
64983
64987
64990
64997
65001
65012
65038
65044
65054
65059
65066
65067
65071
65077
65084
65099
65106
65110
65115
65128
65130
65134
65141
65142
65152
65157
65161
65171
65181
65182
65190
65198
65203
65219
65220
65227
65231
65232
65233
65242
65244
65251
65259
65276
65277
65283
65284
65290
65303
65325
65337
65363
65364
65377
65381
65384
65398
65400
65402
65408
65415
65422
65430
65446
65455
65470
65473
65483
65503
65518
65524
65527
65545
65550
65556
65562
65579
65580
65589
65591
65592
65613
65636
65640
65647
65655
65660
65681
65697
65704
65709
65716
65729
65743
65757
65766
65768
65775
65784
65785
65790
65792
65809
65817
65843
65848
65851
65863
65864
65879
65882
65891
65892
65893
65894
65914
65926
65928
65940
65943
65945
65951
65966
65985
65992
65993
65997
65999
66000
66004
66006
66007
66009
66010
66020
66023
66029
66041
66061
66066
66077
66081
66086
66088
66096
66106
66111
66112
66115
66116
66129
66134
66179
66182
66193
66209
66229
66265
66268
66276
66282
66301
66305
66310
66316
66332
66336
66337
66340
66360
66362
66364
66375
66379
66382
66384
66385
66403
66412
66414
66418
66421
66429
66430
66451
66457
66459
66467
66508
66514
66523
66541
66563
66570
66578
66591
66593
66607
66615
66617
66632
66639
66651
66652
66654
66662
66664
66675
66677
66699
66727
66731
66739
66741
66742
66752
66763
66768
66787
66788
66789
66791
66794
66804
66805
66806
66822
66823
66828
66830
66845
66846
66847
66853
66858
66866
66874
66877
66878
66887
66895
66905
66926
66935
66936
66940
66947
66966
66971
66975
66976
67001
67015
67025
67031
67034
67036
67049
67050
67054
67061
67065
67067
67086
67090
67092
67099
67101
67119
67120
67125
67130
67134
67150
67154
67165
67179
67193
67194
67202
67205
67207
67213
67221
67226
67229
67237
67241
67247
67248
67250
67253
67269
67272
67278
67279
67280
67285
67286
67302
67321
67326
67333
67336
67353
67365
67367
67369
67370
67371
67372
67379
67387
67391
67412
67415
67437
67444
67473
67483
67484
67506
67531
67536
67537
67541
67556
67561
67568
67572
67578
67579
67581
67583
67587
67589
67590
67597
67598
67603
67605
67613
67619
67620
67621
67626
67641
67644
67665
67682
67691
67718
67746
67750
67757
67760
67780
67791
67800
67803
67807
67814
67820
67826
67827
67841
67852
67853
67856
67858
67862
67866
67877
67881
67882
67895
67900
67905
67906
67907
67915
67926
67930
67940
67952
67961
67963
67983
67988
67989
67993
67994
67995
68011
68020
68022
68033
68035
68041
68042
68045
68054
68055
68064
68069
68076
68086
68095
68097
68100
68103
68104
68108
68113
68123
68138
68143
68144
68152
68153
68157
68159
68169
68186
68187
68195
68198
68199
68201
68218
68232
68236
68244
68253
68254
68263
68294
68296
68305
68316
68322
68325
68335
68337
68340
68346
68361
68362
68377
68381
68386
68392
68413
68414
68415
68416
68420
68437
68442
68446
68447
68453
68474
68475
68479
68483
68489
68501
68516
68530
68543
68572
68580
68586
68602
68604
68612
68634
68636
68639
68651
68655
68659
68660
68661
68675
68686
68694
68697
68699
68711
68736
68740
68764
68767
68770
68774
68781
68789
68791
68798
68803
68805
68809
68815
68817
68818
68821
68828
68832
68838
68843
68848
68855
68858
68869
68871
68874
68878
68883
68890
68892
68894
68897
68905
68917
68923
68928
68936
68937
68939
68946
68958
68963
68964
68965
68966
68977
68988
69000
69004
69005
69013
69022
69024
69025
69037
69047
69048
69054
69071
69072
69076
69086
69092
69093
69099
69106
69122
69123
69124
69128
69129
69131
69136
69160
69171
69175
69183
69192
69200
69202
69207
69208
69213
69217
69222
69224
69225
69228
69232
69234
69245
69247
69269
69274
69279
69302
69305
69306
69321
69322
69323
69330
69331
69335
69355
69378
69384
69392
69397
69411
69415
69422
69428
69436
69450
69451
69464
69469
69473
69479
69480
69492
69495
69500
69504
69505
69511
69545
69554
69573
69575
69578
69587
69589
69594
69602
69613
69614
69622
69626
69628
69631
69632
69646
69649
69656
69661
69672
69687
69688
69690
69702
69706
69717
69730
69734
69735
69742
69744
69745
69758
69762
69770
69778
69780
69791
69792
69809
69816
69824
69825
69827
69845
69848
69851
69858
69870
69871
69874
69877
69878
69880
69898
69909
69922
69939
69941
69944
69947
69960
69961
69968
69971
69973
69974
69975
69978
69983
69997
70005
70009
70013
70033
70035
70042
70061
70077
70090
70106
70113
70120
70121
70127
70130
70145
70160
70166
70167
70170
70179
70180
70183
70184
70185
70189
70233
70239
70244
70249
70257
70262
70269
70272
70308
70313
70319
70323
70332
70343
70348
70354
70361
70375
70376
70378
70393
70405
70418
70419
70420
70428
70431
70447
70449
70454
70460
70464
70465
70466
70477
70483
70485
70490
70493
70496
70509
70517
70518
70520
70522
70524
70528
70529
70533
70537
70539
70541
70545
70547
70551
70553
70575
70581
70587
70613
70624
70636
70647
70658
70660
70665
70671
70673
70681
70685
70689
70694
70696
70699
70706
70708
70711
70717
70719
70726
70727
70731
70739
70747
70758
70772
70774
70775
70780
70781
70783
70786
70790
70793
70795
70796
70799
70804
70805
70817
70822
70823
70825
70828
70830
70841
70847
70862
70865
70868
70870
70878
70879
70884
70899
70911
70912
70917
70920
70925
70930
70938
70939
70952
70954
70959
70960
70981
70995
70997
71005
71007
71012
71018
71021
71030
71031
71032
71036
71060
71075
71081
71093
71097
71099
71106
71111
71112
71132
71142
71150
71151
71155
71161
71179
71182
71188
71203
71214
71220
71230
71234
71239
71241
71260
71279
71300
71306
71308
71321
71329
71345
71353
71359
71362
71367
71369
71375
71377
71380
71381
71415
71418
71419
71422
71424
71427
71440
71444
71455
71457
71466
71469
71489
71504
71505
71508
71509
71516
71535
71541
71542
71547
71549
71553
71554
71562
71570
71579
71581
71590
71597
71602
71603
71604
71606
71611
71613
71618
71619
71620
71621
71637
71638
71653
71660
71666
71671
71678
71682
71693
71709
71712
71719
71723
71724
71741
71744
71753
71761
71762
71766
71772
71781
71790
71791
71796
71803
71806
71807
71820
71830
71841
71844
71858
71863
71865
71867
71868
71881
71884
71888
71891
71900
71902
71903
71912
71923
71926
71928
71934
71938
71940
71949
71958
71960
71970
71971
71972
71974
71975
71989
72012
72019
72045
72050
72052
72056
72058
72072
72078
72089
72090
72095
72096
72097
72104
72106
72109
72111
72113
72118
72121
72131
72135
72138
72143
72145
72147
72148
72158
72164
72170
72172
72176
72183
72189
72191
72194
72200
72203
72209
72212
72226
72235
72246
72256
72267
72268
72272
72273
72274
72286
72288
72299
72302
72304
72308
72318
72343
72344
72346
72353
72365
72370
72393
72396
72402
72412
72425
72438
72454
72459
72465
72492
72496
72514
72524
72526
72529
72536
72542
72547
72555
72557
72577
72587
72589
72590
72593
72598
72603
72607
72615
72619
72623
72632
72644
72659
72660
72666
72667
72671
72678
72698
72700
72715
72735
72744
72747
72787
72813
72818
72820
72823
72873
72878
72882
72890
72892
72905
72918
72922
72937
72944
72962
72963
72971
72975
72982
72999
73004
73011
73015
73026
73045
73046
73052
73064
73070
73085
73092
73094
73095
73100
73104
73110
73115
73117
73124
73129
73133
73145
73153
73156
73157
73162
73172
73177
73191
73194
73199
73223
73227
73237
73282
73290
73292
73296
73297
73314
73315
73325
73327
73329
73342
73350
73351
73358
73370
73373
73379
73380
73383
73386
73387
73392
73396
73410
73422
73427
73446
73447
73466
73475
73477
73478
73480
73481
73483
73489
73498
73509
73511
73518
73524
73527
73535
73541
73544
73559
73569
73604
73607
73616
73622
73624
73632
73635
73657
73665
73666
73687
73693
73695
73700
73703
73711
73733
73734
73737
73750
73751
73754
73763
73765
73775
73778
73788
73790
73805
73807
73809
73827
73847
73850
73854
73876
73890
73897
73903
73918
73937
73938
73951
73968
73977
73979
73986
73990
73992
73994
74004
74017
74019
74029
74030
74040
74046
74053
74062
74067
74070
74075
74077
74096
74100
74101
74102
74110
74115
74127
74130
74135
74143
74146
74159
74168
74170
74180
74182
74203
74212
74213
74216
74232
74246
74256
74257
74259
74260
74264
74275
74277
74282
74286
74292
74305
74308
74314
74316
74325
74337
74341
74343
74357
74362
74365
74366
74381
74383
74391
74398
74399
74403
74408
74416
74430
74433
74434
74441
74446
74448
74472
74476
74478
74485
74501
74502
74521
74529
74533
74538
74540
74543
74546
74548
74566
74587
74595
74609
74610
74616
74621
74623
74629
74638
74641
74642
74647
74654
74663
74664
74670
74680
74681
74682
74691
74697
74699
74709
74711
74715
74723
74729
74733
74735
74745
74749
74750
74752
74753
74756
74758
74760
74767
74771
74773
74778
74779
74784
74797
74804
74808
74811
74827
74834
74836
74848
74849
74854
74874
74878
74880
74881
74886
74890
74907
74923
74940
74949
74950
74969
74976
74978
74982
74988
75001
75007
75019
75028
75035
75039
75047
75049
75053
75064
75078
75088
75089
75100
75113
75129
75144
75152
75154
75155
75159
75166
75168
75174
75182
75189
75191
75217
75223
75232
75233
75234
75236
75253
75256
75263
75270
75276
75308
75313
75317
75327
75330
75332
75348
75359
75365
75373
75381
75386
75399
75400
75401
75418
75419
75432
75436
75439
75452
75458
75463
75474
75481
75495
75496
75506
75517
75518
75529
75530
75542
75557
75562
75581
75584
75586
75589
75591
75598
75599
75613
75620
75625
75647
75649
75658
75667
75668
75675
75679
75687
75695
75702
75704
75707
75709
75712
75716
75730
75736
75739
75745
75753
75767
75784
75787
75799
75804
75806
75808
75809
75811
75814
75825
75828
75829
75837
75841
75845
75847
75854
75858
75882
75900
75902
75911
75912
75916
75922
75923
75938
75954
75965
75971
75976
75980
75984
75989
75995
75999
76001
76009
76010
76013
76016
76037
76038
76047
76052
76059
76066
76069
76072
76080
76089
76094
76104
76112
76116
76123
76132
76137
76142
76151
76163
76172
76175
76190
76202
76207
76211
76219
76221
76223
76236
76247
76250
76252
76256
76273
76277
76280
76290
76297
76300
76311
76312
76314
76326
76329
76337
76348
76353
76375
76377
76381
76384
76400
76401
76405
76407
76412
76418
76421
76422
76425
76427
76430
76432
76436
76439
76442
76444
76447
76450
76451
76474
76498
76500
76501
76515
76519
76525
76526
76534
76538
76545
76558
76564
76566
76569
76583
76586
76588
76596
76622
76623
76631
76638
76640
76652
76672
76679
76680
76682
76684
76702
76707
76712
76713
76722
76736
76739
76746
76760
76761
76762
76763
76765
76767
76777
76795
76808
76810
76819
76821
76829
76835
76839
76844
76857
76861
76865
76875
76878
76888
76889
76902
76907
76908
76919
76928
76938
76939
76945
76946
76961
77008
77013
77029
77033
77035
77047
77056
77061
77065
77066
77068
77074
77085
77093
77104
77105
77118
77138
77146
77147
77151
77160
77167
77168
77173
77177
77179
77184
77187
77194
77195
77200
77228
77232
77239
77253
77258
77260
77262
77265
77271
77307
77318
77321
77327
77329
77331
77334
77340
77343
77349
77353
77355
77379
77380
77395
77397
77418
77431
77440
77442
77445
77451
77459
77460
77462
77477
77481
77482
77487
77489
77494
77516
77519
77523
77526
77529
77530
77533
77540
77579
77580
77581
77583
77588
77596
77602
77609
77611
77620
77626
77650
77658
77678
77683
77687
77693
77709
77720
77723
77729
77733
77737
77753
77767
77798
77819
77824
77827
77833
77836
77843
77846
77857
77864
77872
77874
77875
77876
77877
77879
77882
77887
77889
77899
77905
77920
77925
77926
77931
77933
77942
77944
77946
77948
77950
77964
77984
77987
77994
77995
78016
78029
78032
78053
78059
78072
78081
78089
78096
78097
78098
78099
78117
78123
78124
78131
78135
78139
78154
78159
78169
78198
78207
78209
78224
78231
78233
78236
78237
78254
78264
78266
78268
78294
78309
78311
78325
78332
78343
78359
78360
78366
78372
78381
78385
78387
78390
78391
78395
78414
78415
78426
78430
78435
78449
78460
78471
78475
78478
78491
78499
78520
78542
78551
78553
78568
78571
78575
78581
78583
78590
78592
78601
78608
78611
78619
78622
78625
78626
78630
78631
78636
78644
78645
78650
78654
78667
78668
78689
78717
78723
78725
78738
78744
78749
78750
78766
78781
78799
78802
78832
78844
78854
78857
78863
78869
78873
78877
78882
78887
78911
78912
78915
78917
78918
78929
78930
78939
78943
78948
78954
78957
78985
78993
78995
79020
79032
79042
79054
79055
79058
79061
79073
79076
79077
79085
79087
79093
79104
79113
79118
79124
79131
79141
79152
79155
79156
79162
79181
79189
79191
79192
79201
79208
79210
79214
79215
79230
79231
79245
79262
79275
79290
79303
79306
79307
79310
79311
79320
79329
79333
79342
79349
79353
79372
79387
79399
79422
79436
79457
79460
79462
79471
79477
79482
79489
79495
79511
79519
79534
79538
79539
79563
79572
79576
79589
79591
79596
79600
79606
79615
79629
79644
79647
79650
79651
79652
79653
79666
79669
79675
79679
79680
79705
79717
79725
79727
79736
79741
79749
79754
79765
79786
79799
79806
79814
79828
79834
79843
79857
79860
79862
79868
79870
79873
79875
79878
79905
79912
79916
79929
79935
79937
79941
79945
79948
79957
79963
79981
79985
79990
79992
79994
80003
80007
80008
80018
80025
80030
80039
80047
80061
80067
80072
80074
80077
80099
80114
80117
80118
80134
80140
80144
80145
80146
80147
80151
80156
80162
80172
80180
80207
80212
80218
80220
80225
80233
80239
80240
80242
80245
80253
80256
80259
80268
80273
80276
80284
80299
80305
80312
80322
80324
80326
80328
80333
80336
80340
80343
80355
80362
80373
80376
80380
80386
80388
80391
80394
80397
80400
80404
80413
80423
80424
80428
80434
80438
80439
80447
80448
80477
80492
80494
80496
80505
80510
80565
80575
80587
80595
80608
80614
80630
80632
80638
80646
80662
80674
80691
80692
80693
80696
80713
80716
80727
80730
80733
80735
80737
80750
80762
80769
80775
80789
80790
80792
80800
80817
80822
80830
80846
80848
80849
80859
80864
80876
80879
80885
80887
80889
80921
80926
80929
80938
80944
80945
80957
80963
80967
80981
80987
80990
80996
81011
81017
81019
81028
81042
81049
81056
81078
81089
81092
81095
81097
81098
81099
81118
81121
81122
81123
81125
81129
81130
81133
81136
81138
81141
81146
81153
81155
81166
81167
81171
81179
81185
81186
81200
81207
81214
81216
81222
81226
81233
81246
81250
81252
81253
81267
81270
81274
81289
81290
81294
81296
81297
81299
81302
81320
81323
81328
81333
81340
81342
81381
81382
81385
81390
81391
81400
81404
81408
81413
81416
81421
81440
81445
81461
81471
81480
81502
81503
81507
81508
81519
81525
81533
81538
81545
81559
81560
81565
81567
81575
81588
81611
81623
81624
81638
81639
81640
81648
81657
81668
81681
81687
81688
81698
81701
81704
81713
81715
81719
81733
81734
81735
81751
81755
81756
81766
81772
81774
81776
81784
81785
81787
81793
81794
81801
81802
81808
81821
81830
81858
81866
81869
81887
81890
81903
81905
81907
81911
81924
81927
81930
81934
81944
81947
81948
81949
81960
81967
81968
81979
81997
82003
82009
82019
82035
82039
82062
82063
82073
82074
82076
82079
82086
82092
82098
82100
82101
82112
82134
82140
82146
82153
82157
82183
82191
82194
82195
82200
82208
82218
82228
82248
82254
82255
82260
82284
82289
82301
82307
82320
82333
82335
82346
82348
82356
82357
82372
82382
82396
82397
82414
82417
82433
82434
82438
82443
82445
82448
82449
82450
82461
82476
82497
82501
82517
82524
82534
82543
82553
82563
82570
82576
82577
82585
82593
82598
82612
82616
82619
82620
82621
82637
82640
82642
82646
82650
82654
82686
82691
82699
82707
82712
82725
82728
82736
82746
82748
82752
82771
82774
82776
82777
82779
82791
82793
82798
82801
82803
82806
82810
82821
82822
82826
82830
82841
82847
82873
82883
82885
82886
82888
82902
82904
82912
82921
82941
82954
82964
82968
82982
82985
82990
83007
83008
83023
83034
83042
83046
83055
83064
83071
83074
83076
83078
83083
83089
83098
83112
83118
83120
83127
83134
83136
83144
83154
83162
83178
83180
83187
83188
83189
83190
83194
83204
83225
83234
83236
83250
83253
83255
83257
83259
83266
83274
83291
83294
83308
83344
83345
83357
83363
83364
83371
83378
83382
83383
83389
83392
83395
83396
83400
83402
83416
83417
83425
83432
83448
83459
83471
83475
83481
83486
83489
83502
83512
83514
83522
83533
83537
83544
83547
83553
83557
83565
83585
83586
83589
83598
83601
83602
83606
83616
83623
83629
83633
83635
83636
83644
83647
83651
83652
83655
83657
83671
83675
83688
83694
83711
83717
83722
83723
83725
83738
83740
83745
83757
83766
83768
83772
83792
83797
83799
83806
83829
83831
83832
83837
83845
83850
83866
83869
83870
83873
83879
83896
83902
83912
83914
83919
83928
83931
83939
83941
83968
83973
83988
84017
84021
84025
84040
84043
84044
84058
84064
84075
84087
84094
84102
84116
84131
84132
84133
84146
84157
84163
84167
84193
84197
84198
84206
84228
84240
84245
84247
84251
84270
84296
84303
84309
84312
84315
84320
84335
84340
84346
84356
84359
84366
84372
84378
84382
84386
84391
84392
84396
84418
84419
84422
84435
84442
84444
84449
84450
84457
84465
84478
84494
84505
84510
84512
84513
84518
84520
84552
84558
84560
84587
84591
84598
84602
84608
84620
84622
84625
84635
84642
84650
84654
84657
84658
84671
84680
84694
84701
84702
84714
84728
84740
84761
84764
84775
84780
84781
84791
84800
84805
84826
84829
84841
84879
84884
84888
84905
84910
84914
84930
84941
84942
84945
84946
84955
84960
84961
84963
84964
84966
84974
84979
84994
84998
85004
85006
85011
85014
85025
85032
85033
85043
85044
85062
85066
85080
85083
85099
85102
85104
85128
85134
85141
85146
85150
85152
85155
85159
85174
85186
85191
85193
85197
85229
85232
85235
85238
85239
85240
85242
85244
85246
85250
85261
85266
85267
85273
85291
85296
85302
85306
85309
85316
85319
85322
85325
85334
85335
85356
85395
85396
85400
85418
85420
85422
85432
85435
85438
85447
85454
85466
85475
85482
85485
85496
85499
85505
85511
85527
85529
85530
85532
85537
85541
85543
85544
85548
85551
85553
85560
85562
85571
85574
85576
85579
85582
85587
85594
85597
85601
85607
85609
85621
85629
85633
85652
85660
85664
85665
85673
85675
85688
85690
85704
85711
85714
85721
85726
85750
85754
85755
85777
85778
85783
85794
85806
85811
85814
85834
85835
85840
85851
85872
85877
85883
85894
85921
85935
85938
85963
85967
85993
86003
86010
86012
86031
86042
86043
86045
86068
86082
86088
86105
86108
86109
86113
86133
86141
86146
86151
86161
86168
86175
86194
86195
86197
86201
86202
86209
86212
86240
86243
86258
86269
86285
86287
86289
86297
86304
86315
86317
86319
86324
86333
86338
86345
86355
86363
86366
86367
86372
86381
86382
86388
86390
86399
86412
86433
86435
86436
86443
86444
86459
86466
86468
86470
86473
86477
86478
86484
86485
86486
86491
86496
86498
86510
86516
86525
86529
86533
86535
86566
86569
86570
86572
86579
86584
86594
86603
86614
86621
86656
86661
86678
86682
86702
86718
86719
86725
86726
86732
86737
86739
86753
86758
86759
86768
86770
86781
86789
86791
86809
86814
86816
86841
86844
86858
86866
86877
86881
86900
86907
86910
86923
86929
86939
86944
86951
86967
86990
86992
86996
87022
87024
87029
87040
87042
87061
87082
87086
87099
87102
87115
87116
87121
87129
87131
87140
87142
87147
87149
87159
87160
87165
87167
87169
87200
87204
87209
87212
87222
87228
87230
87231
87234
87235
87237
87241
87242
87245
87248
87255
87262
87273
87274
87286
87291
87294
87313
87314
87315
87317
87321
87329
87332
87336
87341
87366
87372
87374
87381
87383
87418
87433
87440
87442
87446
87457
87477
87478
87482
87485
87487
87493
87495
87548
87558
87568
87577
87592
87594
87595
87598
87605
87621
87634
87639
87642
87643
87647
87677
87686
87690
87692
87700
87704
87710
87719
87729
87741
87752
87762
87784
87796
87818
87822
87824
87833
87846
87850
87858
87866
87871
87875
87878
87891
87894
87903
87913
87916
87926
87929
87935
87941
87943
87944
87950
87954
87960
87977
88018
88022
88023
88041
88055
88059
88068
88069
88070
88071
88075
88079
88080
88091
88092
88095
88096
88100
88106
88116
88125
88130
88133
88136
88139
88161
88168
88190
88191
88200
88207
88211
88220
88226
88227
88230
88234
88236
88237
88238
88243
88252
88267
88274
88278
88280
88288
88294
88309
88310
88315
88317
88319
88332
88337
88368
88372
88378
88382
88384
88398
88399
88409
88415
88416
88419
88425
88426
88430
88449
88450
88458
88461
88478
88483
88486
88488
88497
88506
88509
88527
88536
88545
88550
88574
88585
88596
88610
88619
88622
88624
88642
88643
88658
88663
88665
88668
88680
88681
88687
88688
88697
88699
88707
88712
88714
88719
88732
88733
88736
88742
88744
88748
88757
88771
88777
88781
88785
88806
88827
88830
88838
88845
88855
88861
88864
88876
88880
88888
88917
88923
88924
88931
88938
88939
88940
88951
88953
88954
88965
88967
88969
88973
88975
88977
88982
88998
89007
89017
89023
89027
89031
89035
89046
89053
89064
89065
89071
89073
89084
89085
89090
89095
89127
89150
89156
89162
89173
89178
89179
89181
89200
89201
89205
89208
89218
89223
89237
89248
89249
89255
89259
89261
89263
89271
89279
89282
89283
89305
89309
89311
89313
89317
89320
89327
89328
89353
89360
89362
89373
89381
89383
89423
89457
89461
89469
89484
89488
89494
89505
89508
89525
89537
89542
89556
89571
89577
89601
89606
89608
89620
89639
89642
89647
89649
89651
89675
89676
89682
89685
89686
89718
89726
89729
89730
89742
89747
89751
89754
89764
89768
89776
89778
89781
89798
89800
89802
89805
89808
89831
89837
89841
89861
89865
89867
89885
89917
89921
89928
89940
89941
89943
89945
89957
89964
89965
89966
89977
89983
89994
90003
90006
90017
90018
90025
90027
90054
90061
90066
90076
90077
90079
90088
90095
90102
90111
90114
90153
90158
90159
90167
90170
90174
90196
90197
90199
90201
90204
90222
90230
90241
90254
90256
90269
90271
90279
90280
90292
90293
90294
90316
90325
90328
90329
90331
90333
90340
90341
90342
90349
90355
90372
90374
90379
90380
90381
90386
90395
90408
90411
90413
90430
90435
90441
90451
90460
90461
90466
90467
90470
90482
90485
90491
90492
90493
90502
90515
90517
90525
90532
90548
90550
90553
90557
90564
90574
90583
90586
90641
90649
90662
90674
90678
90686
90688
90689
90693
90695
90699
90700
90705
90706
90714
90731
90738
90740
90746
90754
90761
90777
90781
90792
90793
90798
90800
90802
90809
90819
90824
90835
90859
90861
90865
90880
90885
90893
90894
90897
90922
90929
90945
90951
90953
90954
90955
90961
90969
90970
90985
90987
90988
90996
91000
91006
91012
91022
91035
91047
91048
91051
91059
91061
91064
91074
91076
91087
91090
91094
91097
91102
91106
91107
91110
91115
91123
91128
91148
91169
91181
91184
91189
91202
91214
91215
91217
91238
91240
91241
91248
91260
91261
91274
91276
91282
91288
91297
91313
91314
91317
91319
91325
91326
91334
91335
91337
91341
91349
91352
91363
91375
91377
91382
91389
91393
91395
91398
91405
91425
91442
91445
91448
91449
91455
91457
91467
91470
91488
91492
91493
91506
91508
91524
91546
91558
91566
91574
91578
91583
91585
91591
91593
91594
91595
91600
91613
91621
91627
91636
91639
91644
91645
91668
91670
91673
91674
91682
91683
91685
91691
91705
91715
91716
91737
91745
91759
91762
91764
91766
91767
91778
91781
91782
91786
91795
91818
91821
91825
91835
91857
91873
91879
91881
91890
91892
91894
91896
91911
91912
91916
91924
91933
91966
91970
91977
91983
91997
92011
92041
92050
92051
92054
92057
92064
92071
92084
92085
92105
92107
92110
92113
92115
92122
92126
92135
92136
92149
92153
92157
92168
92170
92176
92186
92203
92206
92207
92211
92212
92223
92255
92258
92265
92272
92279
92285
92287
92289
92301
92308
92309
92322
92328
92344
92358
92361
92362
92372
92373
92377
92383
92389
92392
92398
92404
92421
92422
92425
92432
92449
92455
92460
92478
92487
92500
92505
92506
92509
92513
92521
92526
92575
92586
92604
92611
92615
92616
92617
92635
92640
92664
92665
92676
92677
92680
92690
92693
92700
92701
92702
92703
92705
92709
92711
92726
92731
92732
92737
92747
92767
92775
92784
92786
92798
92801
92810
92827
92833
92834
92853
92855
92862
92868
92872
92880
92886
92893
92896
92898
92916
92917
92925
92936
92941
92942
92948
92954
92958
92965
92972
92976
92984
93006
93017
93018
93021
93029
93040
93053
93061
93063
93066
93069
93093
93094
93097
93098
93102
93108
93115
93120
93123
93133
93135
93148
93167
93178
93183
93186
93194
93202
93212
93214
93218
93230
93231
93237
93245
93246
93252
93253
93261
93277
93292
93302
93306
93309
93310
93317
93320
93322
93323
93324
93344
93356
93399
93425
93431
93441
93451
93460
93469
93471
93472
93473
93481
93483
93488
93492
93493
93499
93501
93508
93512
93520
93525
93526
93536
93544
93549
93552
93555
93557
93562
93564
93584
93625
93636
93637
93645
93664
93670
93685
93698
93703
93706
93707
93708
93710
93713
93717
93720
93722
93729
93732
93738
93742
93748
93757
93758
93783
93787
93804
93808
93809
93810
93812
93832
93837
93840
93843
93844
93855
93862
93871
93877
93883
93903
93913
93916
93923
93938
93960
93975
93977
93979
93987
93993
94012
94020
94025
94028
94029
94041
94053
94054
94055
94056
94058
94069
94085
94110
94115
94123
94129
94136
94162
94169
94170
94181
94186
94194
94202
94206
94218
94223
94229
94230
94259
94262
94285
94295
94306
94309
94314
94315
94316
94322
94329
94344
94354
94367
94368
94372
94374
94381
94384
94389
94393
94394
94403
94405
94424
94433
94434
94439
94440
94445
94447
94456
94457
94461
94464
94465
94480
94482
94500
94514
94515
94530
94535
94536
94548
94557
94558
94566
94581
94602
94603
94616
94628
94642
94655
94665
94668
94671
94678
94682
94687
94698
94701
94714
94716
94723
94726
94748
94753
94761
94766
94770
94773
94776
94782
94783
94786
94788
94795
94798
94816
94819
94851
94852
94858
94863
94865
94868
94883
94885
94909
94931
94942
94946
94954
94959
94962
94964
94966
94974
94977
94978
94985
94989
94994
95012
95016
95027
95030
95033
95043
95048
95071
95089
95094
95104
95105
95108
95109
95113
95115
95126
95138
95142
95159
95164
95169
95178
95183
95186
95199
95205
95209
95210
95212
95218
95219
95230
95249
95261
95263
95270
95286
95314
95318
95321
95326
95341
95347
95348
95355
95359
95362
95363
95373
95385
95387
95399
95401
95422
95423
95429
95431
95432
95437
95450
95456
95457
95470
95473
95488
95495
95506
95509
95512
95521
95532
95535
95537
95539
95547
95560
95576
95586
95588
95604
95615
95625
95631
95641
95643
95665
95670
95676
95697
95698
95701
95704
95705
95706
95707
95715
95721
95738
95750
95769
95781
95783
95794
95800
95801
95802
95804
95806
95815
95830
95833
95834
95847
95865
95866
95869
95885
95886
95911
95913
95927
95931
95934
95936
95957
95959
95996
95997
96003
96006
96011
96022
96027
96030
96031
96039
96044
96045
96053
96058
96060
96061
96066
96067
96079
96082
96087
96104
96106
96110
96119
96133
96151
96153
96158
96163
96169
96171
96178
96185
96204
96233
96244
96259
96288
96292
96294
96295
96302
96307
96332
96334
96335
96339
96340
96345
96358
96363
96364
96365
96367
96370
96371
96372
96386
96393
96398
96403
96409
96410
96411
96430
96434
96455
96457
96458
96464
96465
96471
96474
96494
96499
96507
96514
96520
96521
96529
96535
96546
96560
96561
96562
96566
96568
96570
96574
96578
96580
96588
96589
96599
96603
96608
96609
96615
96616
96621
96633
96639
96647
96665
96693
96698
96709
96735
96737
96746
96756
96757
96767
96789
96793
96800
96801
96809
96826
96839
96852
96854
96856
96859
96866
96867
96869
96873
96887
96900
96901
96903
96912
96916
96917
96921
96923
96940
96942
96943
96947
96952
96956
96961
96974
96991
96997
97004
97006
97012
97022
97035
97039
97055
97062
97070
97085
97086
97088
97094
97095
97129
97137
97179
97186
97190
97199
97208
97212
97215
97216
97223
97239
97240
97250
97274
97277
97282
97285
97298
97300
97307
97309
97312
97316
97320
97326
97335
97344
97349
97353
97362
97365
97389
97423
97428
97442
97453
97460
97481
97487
97505
97519
97533
97537
97538
97555
97559
97561
97565
97571
97577
97579
97581
97585
97597
97602
97613
97631
97646
97647
97649
97653
97660
97662
97663
97679
97681
97686
97687
97695
97706
97717
97723
97728
97732
97740
97767
97772
97773
97780
97782
97786
97789
97791
97795
97802
97804
97808
97812
97831
97832
97835
97839
97843
97844
97856
97861
97889
97894
97904
97908
97911
97922
97924
97930
97938
97940
97944
97953
97960
97966
97973
97976
97987
97994
98005
98007
98010
98019
98030
98033
98039
98045
98067
98069
98071
98073
98089
98103
98115
98129
98131
98140
98148
98151
98176
98179
98185
98189
98191
98193
98195
98198
98203
98209
98211
98212
98213
98220
98225
98227
98247
98276
98283
98295
98297
98298
98310
98314
98323
98327
98332
98342
98344
98346
98355
98366
98374
98376
98379
98387
98390
98392
98394
98397
98403
98407
98417
98424
98429
98431
98432
98437
98442
98444
98459
98460
98467
98472
98479
98489
98495
98500
98502
98506
98507
98508
98512
98515
98525
98527
98555
98556
98567
98568
98571
98576
98598
98603
98604
98619
98631
98634
98635
98636
98648
98654
98656
98667
98670
98675
98676
98681
98687
98688
98694
98704
98719
98720
98721
98722
98754
98759
98762
98771
98779
98792
98796
98801
98813
98828
98835
98836
98844
98854
98856
98857
98882
98892
98894
98901
98902
98907
98920
98923
98935
98937
98942
98946
98963
98968
98979
99001
99003
99008
99012
99016
99038
99044
99058
99059
99068
99074
99079
99081
99086
99104
99108
99116
99128
99131
99137
99160
99161
99165
99175
99192
99194
99195
99196
99215
99220
99244
99245
99258
99265
99267
99272
99275
99283
99292
99297
99316
99318
99328
99341
99343
99348
99354
99356
99362
99371
99381
99402
99411
99412
99418
99432
99437
99444
99446
99479
99486
99500
99502
99505
99513
99525
99550
99554
99571
99575
99584
99587
99589
99591
99602
99605
99607
99610
99611
99612
99614
99617
99622
99626
99627
99630
99634
99639
99647
99660
99663
99666
99668
99670
99671
99673
99676
99681
99699
99719
99735
99738
99751
99754
99759
99760
99767
99772
99773
99801
99812
99826
99840
99843
99849
99857
99866
99872
99873
99878
99898
99900
99913
99914
99920
99939
99943
99951
99963
99978
99980
99999
