36
88
129
144
145
149
160
168
177
194
195
198
210
212
219
246
255
265
271
297
303
313
317
323
334
343
354
381
396
408
421
424
426
449
461
478
491
498
508
516
520
544
547
556
564
566
591
595
608
616
633
655
663
668
673
684
729
737
773
786
791
843
847
849
854
902
915
946
948
959
1018
1025
1029
1039
1047
1062
1082
1089
1105
1111
1126
1143
1144
1145
1157
1161
1196
1212
1215
1219
1222
1232
1236
1242
1244
1257
1283
1298
1301
1306
1313
1340
1356
1357
1376
1379
1382
1385
1393
1404
1409
1422
1481
1515
1530
1562
1565
1587
1592
1599
1602
1611
1618
1625
1638
1657
1680
1686
1701
1708
1743
1749
1753
1755
1757
1784
1796
1879
1935
1947
1961
1968
2011
2042
2048
2053
2081
2103
2106
2124
2130
2172
2180
2185
2189
2192
2201
2212
2221
2225
2263
2284
2291
2308
2321
2358
2365
2366
2378
2394
2395
2397
2410
2418
2419
2434
2448
2456
2459
2465
2471
2491
2502
2529
2541
2543
2581
2582
2592
2608
2610
2615
2619
2628
2631
2635
2641
2656
2660
2662
2663
2705
2712
2716
2742
2758
2764
2766
2843
2852
2866
2867
2868
2883
2885
2922
2933
2936
2951
2960
2966
2980
2999
3005
3010
3020
3032
3042
3065
3070
3074
3097
3101
3111
3112
3122
3124
3152
3153
3170
3175
3185
3188
3214
3216
3241
3245
3250
3291
3303
3314
3322
3324
3340
3342
3343
3355
3363
3371
3372
3379
3385
3397
3408
3474
3479
3489
3505
3559
3579
3598
3605
3608
3620
3633
3640
3647
3650
3654
3674
3716
3717
3760
3763
3775
3779
3792
3798
3804
3809
3818
3822
3824
3849
3872
3889
3912
3957
3970
3975
3977
3984
3986
3996
3998
4001
4018
4027
4044
4081
4089
4112
4128
4139
4189
4193
4205
4213
4215
4216
4221
4242
4247
4251
4257
4261
4265
4269
4272
4285
4298
4333
4389
4393
4419
4443
4444
4453
4457
4461
4486
4493
4494
4519
4521
4550
4585
4588
4592
4617
4622
4649
4653
4670
4698
4705
4707
4717
4720
4757
4762
4781
4784
4788
4790
4832
4834
4851
4895
4900
4914
4921
4927
4955
4956
4981
5000
5001
5017
5018
5019
5030
5091
5102
5118
5158
5166
5181
5215
5218
5226
5235
5238
5239
5269
5277
5286
5300
5304
5305
5327
5345
5390
5397
5413
5418
5420
5443
5448
5450
5451
5483
5484
5486
5501
5517
5540
5542
5567
5581
5604
5631
5655
5662
5665
5706
5707
5720
5723
5731
5732
5751
5773
5780
5782
5789
5804
5807
5815
5823
5826
5864
5895
5908
5924
5966
5976
5981
6025
6030
6040
6055
6090
6159
6166
6179
6197
6198
6226
6227
6229
6231
6238
6269
6304
6351
6357
6377
6386
6411
6418
6433
6434
6442
6454
6464
6477
6505
6509
6535
6537
6538
6553
6572
6575
6614
6633
6636
6650
6667
6668
6690
6709
6710
6760
6762
6764
6765
6773
6775
6809
6814
6852
6861
6878
6882
6915
6944
6957
6959
6972
6976
6983
6984
6993
7045
7053
7055
7081
7096
7125
7145
7160
7209
7212
7219
7227
7229
7232
7254
7263
7280
7282
7283
7306
7316
7347
7369
7384
7409
7422
7436
7438
7463
7486
7491
7537
7550
7567
7604
7611
7637
7681
7692
7714
7716
7718
7734
7738
7776
7810
7812
7833
7834
7839
7843
7873
7883
7893
7895
7898
7947
7955
8006
8024
8043
8049
8054
8070
8089
8097
8118
8119
8129
8152
8153
8235
8256
8275
8296
8299
8300
8358
8369
8390
8410
8428
8462
8464
8492
8496
8516
8530
8534
8546
8564
8571
8578
8584
8587
8614
8619
8625
8633
8638
8657
8664
8665
8677
8679
8682
8697
8734
8757
8770
8793
8810
8811
8813
8849
8857
8872
8882
8902
8905
8910
8918
8935
8938
8940
8967
8975
9031
9033
9043
9052
9104
9107
9122
9136
9140
9148
9166
9192
9217
9219
9258
9271
9303
9307
9324
9348
9356
9385
9393
9404
9409
9427
9437
9440
9459
9465
9486
9498
9506
9509
9529
9530
9532
9545
9555
9558
9664
9666
9687
9691
9694
9700
9703
9704
9707
9711
9737
9758
9801
9822
9843
9867
9869
9874
9881
9882
9883
9905
9907
10054
10061
10083
10087
10102
10109
10131
10138
10144
10171
10183
10192
10194
10197
10199
10214
10216
10234
10249
10272
10293
10326
10335
10336
10337
10370
10371
10386
10392
10410
10417
10437
10442
10445
10467
10492
10508
10513
10519
10531
10566
10575
10580
10591
10599
10602
10606
10659
10672
10673
10683
10693
10694
10708
10725
10736
10764
10766
10783
10791
10828
10847
10851
10873
10877
10878
10886
10933
10937
10940
10942
10947
10950
10966
10978
10980
10988
11012
11045
11054
11057
11064
11093
11119
11129
11138
11146
11176
11200
11203
11226
11228
11249
11282
11283
11291
11318
11340
11345
11357
11374
11431
11433
11439
11457
11486
11498
11501
11507
11529
11593
11601
11607
11617
11619
11626
11636
11640
11677
11690
11701
11703
11706
11721
11734
11768
11777
11815
11830
11833
11838
11861
11867
11886
11891
11925
11930
11947
11984
11993
12012
12050
12072
12127
12147
12156
12168
12169
12176
12185
12189
12195
12200
12220
12223
12261
12276
12282
12291
12305
12308
12316
12323
12337
12339
12342
12389
12390
12401
12428
12435
12481
12499
12518
12522
12523
12528
12529
12530
12531
12568
12572
12627
12633
12636
12645
12671
12765
12771
12773
12791
12810
12826
12855
12856
12901
12919
12939
12942
12954
12961
12970
12972
12982
12998
13003
13028
13029
13039
13045
13053
13068
13080
13084
13099
13102
13119
13128
13134
13138
13161
13165
13166
13171
13176
13261
13267
13275
13280
13285
13288
13293
13301
13306
13314
13318
13327
13330
13331
13342
13362
13365
13370
13378
13388
13395
13396
13400
13414
13417
13427
13434
13456
13458
13465
13513
13522
13529
13533
13545
13585
13590
13637
13648
13674
13692
13696
13720
13762
13777
13787
13813
13815
13820
13888
13891
13941
13943
14002
14018
14025
14028
14037
14047
14057
14059
14071
14076
14090
14097
14117
14163
14167
14171
14181
14183
14184
14209
14219
14281
14295
14324
14326
14333
14359
14362
14365
14366
14369
14374
14377
14397
14402
14404
14414
14433
14448
14453
14455
14467
14494
14504
14507
14514
14515
14524
14542
14578
14610
14620
14623
14637
14695
14709
14711
14716
14718
14736
14740
14741
14748
14751
14759
14775
14783
14792
14806
14811
14816
14825
14845
14857
14859
14899
14900
14913
14932
14933
14957
14962
15011
15014
15027
15037
15061
15063
15073
15089
15103
15135
15149
15163
15192
15204
15227
15241
15294
15312
15334
15335
15348
15353
15385
15402
15405
15412
15435
15497
15534
15559
15570
15576
15587
15604
15626
15628
15633
15649
15663
15721
15733
15734
15737
15747
15764
15769
15773
15810
15813
15821
15825
15849
15878
15883
15904
15909
15911
15939
15942
15985
15994
16022
16026
16044
16055
16117
16150
16155
16161
16167
16188
16211
16236
16252
16253
16256
16276
16293
16306
16328
16338
16355
16370
16381
16385
16388
16463
16482
16483
16487
16507
16550
16563
16592
16600
16618
16636
16649
16652
16657
16679
16689
16707
16719
16737
16749
16767
16790
16792
16796
16799
16811
16818
16830
16840
16852
16855
16881
16888
16912
16923
16934
16937
16939
16947
16967
16976
16987
16989
17053
17122
17133
17163
17173
17189
17190
17229
17239
17261
17296
17309
17340
17369
17376
17384
17410
17427
17428
17429
17447
17459
17494
17506
17530
17532
17564
17618
17626
17627
17639
17702
17705
17738
17753
17759
17779
17783
17786
17813
17823
17824
17828
17847
17898
17899
17900
17904
17932
17953
17985
17998
18023
18030
18034
18046
18056
18060
18073
18106
18114
18123
18141
18147
18159
18165
18171
18191
18194
18196
18236
18241
18260
18268
18275
18284
18286
18313
18319
18325
18329
18337
18362
18390
18402
18410
18411
18419
18420
18434
18448
18455
18468
18470
18484
18508
18513
18521
18524
18535
18540
18556
18558
18562
18565
18569
18585
18594
18605
18609
18644
18653
18654
18703
18704
18740
18743
18768
18775
18789
18801
18816
18834
18888
18913
18925
18932
18952
18965
18984
18990
18998
19029
19052
19067
19074
19102
19108
19109
19136
19138
19163
19167
19192
19194
19222
19234
19241
19247
19254
19275
19286
19304
19311
19338
19360
19372
19382
19387
19389
19394
19399
19403
19410
19421
19425
19439
19515
19556
19559
19560
19567
19571
19605
19607
19619
19643
19650
19703
19715
19743
19755
19783
19843
19849
19854
19873
19879
19912
19917
19961
19992
20016
20030
20033
20058
20071
20075
20093
20098
20121
20133
20139
20149
20159
20164
20168
20176
20179
20190
20212
20217
20220
20224
20235
20240
20247
20259
20261
20280
20301
20305
20326
20335
20337
20345
20347
20361
20365
20378
20384
20397
20398
20403
20427
20437
20443
20457
20472
20476
20509
20523
20525
20559
20564
20580
20582
20590
20591
20626
20644
20653
20656
20659
20671
20674
20711
20721
20728
20755
20777
20785
20787
20795
20811
20814
20817
20908
20918
20919
20920
20951
20952
20964
20970
21015
21016
21059
21065
21068
21076
21079
21081
21093
21101
21114
21119
21139
21173
21175
21188
21194
21206
21209
21216
21217
21230
21236
21238
21243
21246
21284
21287
21295
21297
21307
21311
21316
21321
21324
21327
21330
21340
21370
21439
21441
21448
21467
21478
21480
21481
21494
21497
21502
21522
21531
21539
21541
21555
21567
21570
21574
21586
21590
21617
21623
21671
21681
21745
21752
21764
21766
21802
21803
21823
21835
21840
21852
21857
21868
21902
21988
22005
22011
22015
22028
22067
22079
22087
22089
22119
22126
22139
22186
22191
22210
22222
22223
22255
22267
22279
22281
22293
22297
22319
22322
22329
22331
22334
22373
22388
22391
22393
22397
22427
22429
22447
22458
22480
22493
22525
22530
22532
22547
22569
22573
22581
22585
22617
22635
22641
22644
22652
22669
22674
22708
22716
22726
22739
22765
22819
22841
22866
22871
22903
22909
22932
22933
22937
22952
22964
23003
23059
23108
23113
23115
23121
23133
23138
23150
23157
23175
23194
23201
23212
23267
23268
23291
23299
23303
23313
23333
23334
23336
23343
23365
23372
23388
23412
23422
23432
23444
23446
23451
23496
23511
23516
23520
23539
23550
23554
23587
23600
23612
23642
23648
23701
23713
23722
23734
23739
23744
23767
23773
23787
23791
23799
23828
23832
23837
23840
23868
23880
23883
23902
23917
23936
23952
23974
23995
23999
24005
24030
24032
24044
24086
24089
24092
24110
24115
24126
24140
24143
24146
24178
24203
24211
24226
24229
24234
24236
24238
24246
24249
24270
24271
24281
24290
24291
24307
24317
24328
24330
24343
24353
24354
24368
24372
24373
24417
24427
24467
24490
24513
24524
24533
24535
24539
24543
24570
24580
24593
24613
24617
24635
24636
24655
24673
24678
24687
24690
24714
24718
24720
24723
24737
24749
24789
24790
24796
24800
24809
24841
24843
24849
24852
24853
24856
24867
24871
24889
24934
24936
24949
24951
24960
24985
24993
25003
25027
25051
25077
25083
25091
25112
25133
25142
25145
25165
25175
25207
25208
25214
25217
25229
25245
25251
25261
25263
25265
25280
25314
25318
25332
25338
25361
25363
25374
25376
25398
25411
25445
25447
25464
25468
25489
25490
25501
25511
25513
25534
25543
25566
25575
25622
25641
25647
25653
25698
25710
25724
25726
25738
25774
25783
25796
25802
25816
25818
25823
25826
25834
25840
25846
25863
25909
25916
25917
25949
25951
25954
25956
25965
25972
25985
25997
25998
26010
26014
26025
26059
26066
26077
26085
26102
26103
26139
26147
26195
26198
26222
26230
26233
26245
26255
26256
26257
26260
26311
26312
26327
26338
26372
26399
26441
26454
26455
26460
26471
26478
26504
26514
26524
26538
26543
26555
26583
26599
26620
26641
26659
26673
26676
26693
26709
26717
26728
26730
26763
26770
26841
26863
26878
26937
26940
26949
26983
27055
27087
27095
27097
27117
27168
27171
27187
27207
27215
27230
27233
27255
27257
27261
27280
27282
27302
27303
27316
27323
27328
27330
27338
27342
27343
27368
27421
27426
27435
27471
27481
27522
27562
27580
27606
27642
27647
27670
27674
27686
27699
27701
27709
27712
27728
27762
27763
27769
27770
27777
27778
27800
27844
27845
27847
27860
27868
27899
27903
27907
27910
27913
27921
27938
27977
27982
27997
28047
28048
28068
28126
28138
28139
28140
28153
28163
28164
28214
28233
28283
28288
28308
28314
28317
28329
28336
28343
28361
28370
28399
28401
28405
28407
28411
28446
28451
28471
28484
28485
28491
28501
28510
28514
28564
28567
28604
28617
28618
28671
28681
28691
28712
28726
28737
28740
28745
28748
28751
28753
28774
28794
28811
28817
28832
28838
28861
28875
28877
28886
28890
28938
28941
28960
28962
28976
28981
29004
29020
29022
29050
29054
29058
29062
29075
29086
29089
29092
29103
29106
29126
29149
29152
29154
29155
29204
29206
29221
29234
29239
29243
29248
29249
29264
29271
29278
29287
29300
29308
29313
29315
29329
29348
29349
29360
29371
29382
29383
29390
29411
29430
29507
29532
29544
29550
29566
29599
29618
29630
29632
29633
29638
29648
29654
29681
29708
29746
29748
29766
29776
29781
29814
29834
29841
29854
29855
29859
29867
29889
29890
29894
29900
29914
29925
29937
29943
29979
29986
30007
30028
30053
30069
30078
30102
30112
30120
30122
30167
30179
30201
30207
30208
30212
30232
30248
30273
30277
30282
30286
30331
30389
30418
30424
30444
30455
30472
30484
30493
30494
30503
30512
30513
30519
30525
30553
30559
30604
30611
30617
30621
30629
30634
30648
30665
30681
30703
30710
30723
30728
30811
30837
30850
30859
30864
30884
30889
30933
30940
30946
30951
30954
30961
30966
30976
30978
31008
31017
31034
31038
31042
31081
31083
31094
31098
31099
31167
31182
31186
31223
31239
31242
31264
31268
31278
31279
31281
31284
31293
31313
31328
31329
31393
31408
31418
31421
31424
31427
31455
31471
31489
31493
31500
31513
31514
31520
31566
31575
31577
31583
31585
31589
31601
31603
31609
31613
31654
31656
31657
31675
31699
31703
31704
31711
31734
31762
31772
31784
31797
31805
31825
31826
31828
31831
31864
31883
31895
31917
31981
31982
31985
31990
32007
32019
32024
32043
32044
32049
32051
32061
32091
32114
32166
32170
32178
32199
32209
32221
32226
32242
32249
32258
32263
32311
32325
32331
32344
32347
32374
32379
32409
32433
32475
32479
32489
32498
32507
32509
32512
32514
32520
32537
32539
32540
32545
32575
32590
32613
32637
32640
32651
32685
32696
32713
32716
32721
32738
32739
32743
32764
32785
32786
32790
32804
32812
32834
32839
32856
32861
32872
32878
32896
32903
32913
32921
32931
32935
32943
32951
32960
32989
33003
33006
33010
33014
33017
33041
33070
33085
33135
33140
33148
33159
33202
33208
33212
33234
33239
33244
33263
33281
33317
33325
33328
33330
33340
33351
33352
33362
33369
33377
33379
33400
33403
33406
33426
33451
33459
33531
33536
33539
33543
33544
33546
33556
33561
33564
33570
33584
33595
33601
33618
33624
33632
33634
33659
33662
33677
33687
33688
33718
33741
33751
33757
33767
33785
33787
33789
33791
33813
33829
33840
33851
33883
33890
33891
33895
33906
33927
33930
33947
33953
33993
34022
34042
34057
34060
34079
34089
34132
34133
34147
34179
34188
34192
34196
34206
34222
34273
34289
34302
34317
34318
34339
34342
34348
34368
34406
34416
34433
34441
34450
34463
34468
34470
34486
34515
34516
34524
34533
34538
34554
34558
34580
34597
34644
34722
34738
34756
34799
34807
34809
34811
34866
34887
34892
34894
34914
34915
34918
34929
34956
34960
34971
35004
35021
35028
35046
35047
35052
35066
35082
35106
35152
35157
35159
35164
35213
35225
35242
35247
35284
35299
35317
35341
35365
35375
35416
35430
35431
35438
35440
35449
35453
35455
35473
35501
35511
35516
35522
35525
35530
35547
35563
35572
35585
35646
35655
35679
35693
35715
35728
35734
35735
35760
35767
35768
35776
35785
35795
35825
35856
35859
35878
35892
35904
35918
35927
35944
35970
35984
36006
36020
36022
36039
36040
36079
36081
36084
36097
36126
36132
36136
36138
36148
36150
36160
36161
36170
36176
36179
36185
36204
36245
36249
36267
36276
36282
36288
36291
36293
36319
36325
36353
36393
36402
36420
36467
36470
36477
36501
36532
36547
36571
36579
36588
36661
36666
36667
36712
36721
36738
36751
36769
36770
36771
36777
36811
36822
36826
36838
36850
36883
36894
36907
36937
36951
36959
36962
36996
37005
37019
37058
37062
37070
37106
37131
37136
37188
37200
37202
37210
37245
37259
37276
37328
37339
37354
37355
37357
37359
37371
37397
37399
37407
37428
37435
37459
37523
37548
37560
37566
37572
37595
37601
37640
37651
37678
37683
37692
37705
37707
37720
37724
37726
37736
37738
37789
37800
37806
37807
37819
37824
37827
37841
37842
37847
37856
37869
37876
37896
37899
37901
37904
37925
37959
37960
37963
37964
38006
38032
38057
38072
38080
38083
38103
38120
38145
38158
38172
38179
38183
38204
38208
38216
38248
38256
38260
38284
38292
38316
38348
38367
38375
38395
38428
38443
38446
38454
38482
38486
38499
38513
38525
38590
38599
38606
38607
38618
38621
38633
38655
38659
38697
38708
38716
38744
38774
38781
38812
38817
38826
38837
38847
38850
38851
38863
38864
38899
38918
38931
38964
38969
38987
39023
39027
39034
39047
39050
39059
39063
39125
39144
39170
39185
39193
39207
39210
39214
39221
39292
39295
39302
39307
39316
39325
39331
39346
39352
39375
39379
39381
39408
39437
39439
39505
39543
39548
39568
39572
39574
39592
39608
39613
39617
39620
39622
39636
39647
39664
39674
39677
39729
39734
39747
39755
39766
39776
39778
39783
39808
39809
39824
39831
39838
39857
39859
39866
39879
39889
39890
39894
39898
39931
39937
39944
39962
39994
40004
40005
40012
40067
40096
40100
40122
40179
40184
40188
40200
40202
40204
40205
40222
40247
40255
40256
40297
40303
40304
40313
40320
40346
40349
40361
40373
40380
40398
40400
40408
40409
40419
40422
40425
40430
40437
40438
40439
40440
40470
40482
40511
40513
40514
40515
40518
40520
40559
40565
40599
40629
40646
40666
40692
40702
40713
40737
40757
40779
40788
40832
40833
40839
40853
40854
40873
40875
40886
40897
40928
40929
40935
40955
40981
41004
41014
41051
41054
41067
41085
41087
41103
41123
41138
41147
41163
41172
41178
41195
41207
41221
41228
41246
41280
41288
41294
41302
41307
41330
41336
41342
41343
41344
41355
41361
41378
41402
41406
41461
41484
41489
41491
41510
41517
41523
41535
41542
41581
41587
41602
41612
41617
41624
41634
41639
41655
41663
41719
41723
41736
41745
41762
41767
41770
41802
41816
41824
41852
41868
41891
41911
41929
41937
41943
41979
41983
41985
42011
42018
42019
42055
42086
42090
42101
42105
42117
42120
42132
42141
42142
42146
42201
42207
42217
42250
42277
42289
42301
42367
42378
42404
42412
42414
42438
42441
42443
42453
42475
42477
42486
42488
42494
42508
42519
42546
42550
42553
42567
42574
42575
42577
42601
42613
42625
42630
42635
42640
42655
42673
42702
42715
42721
42723
42757
42768
42782
42783
42790
42793
42801
42823
42846
42854
42861
42884
42895
42922
42923
42930
42936
42979
42996
43002
43018
43027
43040
43044
43051
43074
43082
43093
43112
43124
43126
43130
43155
43159
43167
43225
43227
43238
43288
43298
43315
43319
43329
43348
43361
43372
43375
43389
43396
43403
43404
43420
43421
43440
43489
43505
43512
43519
43532
43565
43569
43608
43661
43686
43692
43705
43734
43756
43791
43797
43818
43830
43861
43863
43941
43944
43969
43970
43973
43974
43984
44006
44007
44034
44041
44043
44095
44101
44119
44144
44168
44200
44201
44203
44268
44279
44283
44284
44298
44303
44316
44330
44365
44380
44415
44434
44441
44448
44458
44460
44463
44466
44474
44515
44519
44531
44549
44584
44598
44615
44638
44682
44695
44697
44756
44805
44811
44813
44825
44841
44854
44882
44889
44903
44905
44909
44919
44938
44944
44945
44949
44956
44969
44974
44991
45006
45016
45028
45046
45050
45085
45122
45139
45143
45172
45191
45200
45208
45221
45232
45244
45247
45286
45319
45336
45355
45374
45376
45390
45445
45495
45501
45509
45523
45538
45547
45575
45588
45590
45605
45621
45626
45636
45688
45707
45767
45777
45806
45813
45855
45861
45882
45920
45921
45923
45925
45929
45934
45945
45976
45977
46001
46036
46073
46086
46108
46122
46152
46180
46187
46217
46219
46223
46229
46237
46249
46256
46260
46261
46271
46273
46281
46308
46311
46324
46325
46331
46338
46357
46371
46375
46403
46454
46472
46487
46494
46502
46511
46516
46522
46524
46537
46547
46553
46556
46570
46577
46585
46587
46588
46594
46607
46608
46612
46640
46689
46694
46698
46709
46755
46768
46782
46783
46793
46800
46802
46807
46811
46836
46889
46898
46910
46953
46954
46959
46962
46977
46997
47013
47021
47025
47031
47039
47043
47059
47082
47087
47094
47095
47099
47128
47141
47165
47169
47206
47265
47301
47310
47316
47334
47354
47380
47405
47419
47420
47423
47426
47432
47449
47494
47535
47551
47555
47566
47580
47581
47596
47598
47617
47621
47638
47651
47684
47687
47689
47719
47721
47726
47745
47756
47773
47779
47789
47794
47800
47801
47832
47847
47875
47881
47904
47922
47967
47973
47975
48009
48021
48022
48035
48040
48041
48051
48067
48098
48100
48118
48126
48132
48136
48142
48143
48174
48188
48191
48206
48228
48244
48282
48345
48374
48396
48400
48420
48441
48444
48464
48473
48477
48480
48495
48512
48520
48533
48542
48558
48562
48587
48597
48608
48622
48624
48625
48627
48643
48645
48646
48669
48677
48692
48693
48696
48709
48727
48738
48740
48780
48813
48839
48850
48905
48924
48927
48933
48957
48961
48970
49013
49016
49018
49054
49056
49061
49076
49081
49098
49132
49146
49231
49244
49260
49276
49277
49287
49306
49320
49330
49364
49365
49370
49395
49400
49406
49417
49473
49476
49477
49479
49500
49501
49511
49519
49544
49546
49558
49570
49575
49594
49596
49622
49631
49638
49645
49663
49675
49678
49682
49690
49709
49710
49717
49733
49742
49747
49781
49787
49793
49810
49826
49828
49836
49839
49848
49851
49880
49890
49894
49907
49915
49925
49933
49938
49941
49977
50001
50008
50028
50037
50158
50166
50169
50174
50180
50182
50206
50231
50232
50236
50247
50267
50268
50301
50313
50314
50340
50375
50394
50397
50401
50427
50450
50455
50485
50495
50518
50536
50540
50549
50558
50561
50565
50582
50586
50594
50609
50611
50626
50631
50634
50648
50652
50654
50676
50697
50699
50701
50704
50724
50737
50746
50765
50767
50796
50799
50802
50887
50894
50911
50917
50928
50962
50965
50968
50977
50986
50989
50998
51026
51041
51047
51049
51059
51065
51085
51100
51116
51118
51119
51127
51135
51137
51233
51244
51257
51287
51302
51320
51329
51342
51350
51353
51369
51386
51417
51425
51445
51456
51498
51505
51536
51537
51548
51550
51556
51558
51630
51631
51658
51670
51674
51675
51719
51744
51747
51749
51774
51785
51794
51841
51860
51861
51864
51873
51881
51897
51909
51925
51928
51936
51939
51946
51965
51971
51975
52000
52001
52014
52053
52059
52063
52064
52076
52090
52093
52120
52122
52141
52148
52159
52182
52222
52225
52226
52238
52291
52362
52363
52364
52389
52414
52421
52425
52459
52469
52486
52491
52510
52511
52542
52546
52550
52556
52569
52575
52591
52599
52603
52619
52657
52684
52686
52687
52715
52775
52780
52814
52837
52852
52861
52879
52910
52911
52913
52919
52922
52923
52933
52938
52944
52954
52959
52986
53002
53003
53048
53051
53063
53100
53113
53115
53127
53151
53160
53162
53164
53166
53187
53209
53237
53305
53313
53328
53332
53351
53357
53358
53366
53370
53380
53384
53422
53427
53428
53430
53431
53515
53516
53525
53528
53536
53554
53567
53571
53577
53600
53649
53672
53681
53683
53684
53687
53698
53710
53713
53738
53740
53744
53770
53793
53795
53796
53817
53829
53855
53870
53881
53886
53909
53911
53926
53928
53940
53957
53977
53996
54001
54004
54019
54027
54042
54048
54116
54142
54167
54184
54237
54249
54254
54257
54276
54297
54309
54328
54362
54371
54391
54393
54403
54404
54413
54416
54449
54459
54484
54508
54512
54549
54563
54576
54579
54583
54609
54639
54642
54646
54659
54662
54671
54683
54694
54701
54708
54729
54752
54758
54761
54780
54811
54836
54898
54910
54924
54949
54952
54982
54994
55007
55008
55031
55068
55112
55116
55131
55150
55167
55168
55169
55171
55198
55202
55226
55240
55249
55260
55284
55285
55308
55319
55327
55346
55350
55363
55365
55377
55380
55397
55404
55421
55422
55432
55456
55475
55482
55492
55503
55512
55520
55526
55538
55553
55558
55594
55611
55624
55631
55643
55647
55654
55659
55662
55664
55668
55674
55686
55688
55694
55715
55726
55745
55769
55773
55783
55784
55849
55854
55866
55870
55871
55915
55926
55935
55951
55952
55981
55994
56001
56003
56007
56057
56076
56116
56137
56143
56149
56154
56178
56192
56215
56218
56252
56256
56263
56272
56277
56280
56284
56292
56302
56324
56326
56328
56332
56341
56379
56412
56448
56457
56462
56487
56495
56534
56545
56555
56561
56574
56577
56580
56587
56606
56608
56624
56629
56648
56656
56676
56701
56712
56718
56733
56746
56756
56773
56785
56812
56813
56889
56905
56908
56917
56924
56939
56957
56981
56995
57000
57032
57043
57064
57072
57079
57125
57132
57151
57164
57168
57171
57173
57186
57187
57207
57218
57235
57263
57294
57312
57325
57332
57391
57443
57460
57461
57468
57474
57497
57503
57550
57555
57571
57573
57576
57581
57601
57623
57626
57640
57641
57645
57653
57654
57699
57737
57738
57746
57750
57756
57771
57788
57789
57795
57796
57805
57806
57837
57866
57921
57950
57959
58000
58017
58022
58029
58052
58101
58122
58198
58203
58220
58236
58237
58239
58291
58307
58308
58319
58320
58331
58338
58364
58379
58393
58438
58450
58464
58477
58524
58543
58553
58559
58561
58595
58606
58615
58618
58619
58657
58665
58670
58678
58699
58702
58707
58716
58761
58767
58780
58783
58792
58793
58804
58813
58838
58857
58871
58885
58908
58910
58924
58926
58938
58957
58961
58981
58986
58998
59024
59037
59099
59107
59110
59117
59134
59180
59181
59188
59197
59212
59217
59236
59237
59242
59286
59310
59320
59353
59363
59373
59378
59380
59383
59399
59407
59409
59435
59446
59496
59508
59533
59539
59555
59591
59627
59629
59636
59639
59651
59667
59696
59699
59703
59747
59748
59759
59770
59798
59824
59831
59832
59842
59891
59896
59903
59916
59917
59943
59951
60042
60086
60092
60093
60101
60106
60129
60132
60156
60158
60175
60181
60186
60191
60198
60199
60210
60211
60221
60226
60234
60241
60269
60272
60293
60310
60311
60322
60333
60353
60354
60382
60408
60425
60463
60473
60480
60501
60508
60554
60555
60560
60573
60579
60587
60596
60601
60602
60610
60633
60641
60656
60677
60692
60693
60721
60750
60754
60759
60763
60769
60784
60789
60804
60816
60836
60837
60838
60847
60871
60880
60907
60945
61001
61003
61014
61040
61066
61075
61095
61104
61108
61124
61133
61139
61141
61179
61197
61206
61215
61226
61227
61229
61236
61238
61249
61270
61292
61362
61363
61364
61403
61411
61412
61440
61450
61451
61475
61479
61509
61519
61563
61571
61573
61610
61611
61616
61640
61653
61657
61662
61670
61679
61703
61706
61717
61744
61754
61761
61768
61787
61788
61799
61835
61880
61926
61952
61972
61977
61980
61984
61986
62011
62032
62066
62067
62069
62081
62090
62093
62097
62108
62147
62149
62152
62180
62193
62195
62210
62214
62231
62242
62285
62295
62297
62304
62309
62312
62318
62327
62332
62395
62405
62428
62446
62447
62468
62469
62471
62478
62485
62489
62513
62550
62561
62574
62593
62605
62625
62629
62675
62697
62700
62714
62720
62724
62735
62773
62783
62807
62846
62849
62858
62865
62887
62889
62894
62900
62921
62922
62930
62975
63012
63013
63049
63055
63058
63080
63090
63092
63100
63121
63134
63138
63156
63178
63181
63221
63225
63227
63231
63253
63255
63256
63273
63292
63302
63305
63319
63320
63335
63343
63363
63390
63393
63400
63409
63425
63428
63443
63465
63477
63496
63517
63524
63561
63573
63589
63596
63599
63622
63625
63629
63644
63648
63652
63657
63670
63678
63709
63727
63732
63775
63786
63791
63814
63828
63829
63838
63841
63846
63849
63851
63854
63857
63863
63891
63928
63946
63965
63969
63979
63982
63984
63988
63991
64027
64033
64035
64040
64041
64046
64061
64066
64113
64123
64124
64127
64145
64148
64153
64155
64158
64230
64231
64248
64280
64281
64285
64288
64290
64316
64375
64382
64388
64430
64449
64470
64471
64479
64499
64523
64528
64541
64542
64548
64550
64563
64564
64570
64592
64610
64629
64636
64647
64664
64669
64677
64678
64707
64715
64719
64740
64750
64765
64790
64793
64795
64811
64814
64818
64831
64853
64867
64893
64897
64903
64945
64974
64988
65005
65028
65048
65053
65055
65088
65174
65175
65199
65227
65232
65281
65299
65308
65316
65320
65325
65328
65378
65400
65404
65406
65428
65444
65469
65473
65474
65497
65501
65533
65534
65563
65597
65626
65642
65668
65669
65673
65684
65704
65705
65709
65729
65735
65740
65761
65762
65765
65767
65770
65782
65813
65816
65833
65835
65870
65871
65881
65882
65887
65908
65920
65937
65950
65958
65960
65961
65970
65988
65995
66006
66008
66016
66017
66044
66061
66075
66078
66084
66105
66158
66175
66194
66214
66255
66326
66332
66351
66364
66372
66375
66382
66383
66391
66404
66410
66439
66443
66461
66472
66499
66506
66517
66531
66533
66581
66604
66619
66623
66626
66630
66631
66652
66724
66749
66757
66770
66776
66799
66809
66820
66822
66823
66824
66862
66871
66879
66915
66918
66921
66959
66962
66995
66999
67000
67058
67066
67068
67069
67076
67085
67104
67128
67132
67171
67174
67208
67219
67245
67259
67303
67333
67340
67342
67361
67362
67363
67366
67371
67413
67418
67434
67435
67456
67475
67513
67514
67527
67547
67549
67558
67593
67599
67604
67609
67621
67635
67667
67675
67681
67684
67698
67701
67703
67707
67715
67768
67810
67826
67827
67829
67834
67852
67854
67895
67925
67928
67948
67950
67966
67968
67970
67987
68006
68029
68033
68044
68049
68058
68069
68076
68078
68081
68095
68116
68118
68144
68157
68181
68190
68192
68229
68254
68259
68276
68298
68299
68307
68338
68344
68372
68407
68432
68436
68486
68489
68498
68516
68519
68562
68586
68611
68615
68618
68628
68632
68640
68642
68654
68679
68693
68696
68697
68714
68724
68771
68799
68801
68838
68850
68852
68853
68854
68857
68871
68882
68883
68894
68902
68906
68912
68935
68941
68956
68960
68962
68968
68971
68983
68987
68993
69005
69006
69017
69038
69054
69064
69066
69067
69074
69142
69155
69170
69185
69190
69209
69219
69220
69259
69264
69275
69277
69280
69293
69294
69301
69332
69341
69343
69349
69352
69364
69365
69366
69376
69388
69393
69395
69400
69407
69408
69423
69438
69441
69479
69481
69485
69500
69516
69534
69557
69567
69574
69587
69591
69596
69601
69625
69627
69634
69675
69677
69684
69730
69759
69767
69792
69793
69795
69800
69827
69838
69854
69893
69899
69913
69923
69934
69936
69940
69945
69962
69969
69982
70063
70064
70065
70088
70091
70095
70133
70146
70147
70155
70171
70179
70231
70240
70246
70247
70256
70334
70341
70344
70366
70376
70382
70399
70413
70429
70436
70455
70480
70488
70494
70508
70509
70524
70548
70554
70569
70570
70579
70586
70600
70601
70630
70662
70668
70671
70712
70726
70749
70760
70764
70777
70784
70797
70804
70808
70814
70835
70846
70851
70894
70897
70903
70911
70921
70950
70952
70971
70979
70994
71010
71018
71024
71036
71039
71043
71050
71051
71061
71066
71079
71116
71117
71159
71172
71177
71188
71214
71225
71257
71263
71276
71291
71296
71306
71326
71330
71357
71360
71374
71381
71389
71397
71425
71461
71471
71478
71495
71508
71509
71526
71528
71544
71557
71563
71584
71588
71605
71610
71611
71716
71732
71785
71792
71795
71813
71817
71823
71838
71884
71912
71946
71959
71981
72006
72040
72070
72098
72121
72140
72143
72158
72169
72196
72243
72275
72278
72287
72300
72310
72316
72322
72342
72359
72377
72398
72408
72415
72467
72500
72503
72507
72518
72531
72542
72544
72546
72553
72561
72580
72607
72615
72621
72649
72651
72680
72693
72705
72736
72744
72766
72773
72783
72797
72810
72812
72818
72832
72861
72874
72899
72975
72987
72992
73005
73031
73039
73074
73079
73105
73141
73142
73166
73196
73209
73234
73270
73274
73276
73281
73289
73302
73320
73322
73323
73339
73342
73364
73365
73366
73367
73368
73374
73391
73400
73426
73466
73471
73485
73495
73504
73508
73534
73551
73556
73573
73600
73604
73608
73620
73642
73661
73662
73679
73687
73692
73701
73722
73743
73747
73770
73797
73808
73843
73884
73887
73906
73921
73950
73970
73975
73980
73983
73986
73989
73994
73998
74008
74032
74051
74070
74079
74093
74094
74097
74123
74132
74138
74162
74169
74189
74192
74196
74198
74212
74244
74263
74265
74275
74282
74298
74310
74314
74317
74320
74337
74354
74376
74386
74399
74411
74420
74424
74449
74458
74461
74463
74487
74502
74548
74580
74615
74633
74652
74653
74654
74663
74664
74671
74712
74713
74714
74715
74735
74747
74775
74778
74783
74789
74794
74799
74833
74835
74891
74897
74899
74921
74926
74959
74983
75003
75018
75031
75042
75046
75048
75112
75122
75126
75162
75181
75191
75193
75199
75213
75222
75230
75235
75249
75256
75284
75307
75311
75314
75329
75331
75340
75350
75355
75369
75402
75429
75434
75446
75456
75458
75459
75483
75490
75502
75518
75519
75520
75525
75540
75554
75558
75559
75560
75572
75573
75577
75584
75627
75630
75641
75661
75668
75687
75718
75728
75739
75740
75752
75781
75815
75825
75828
75845
75866
75869
75887
75891
75898
75909
75916
75922
75942
75946
75982
75993
75994
76021
76032
76050
76053
76068
76085
76095
76106
76129
76175
76187
76198
76226
76238
76242
76244
76256
76268
76285
76295
76323
76327
76333
76342
76363
76410
76416
76419
76431
76436
76451
76452
76489
76535
76551
76560
76588
76600
76619
76632
76641
76646
76654
76658
76663
76668
76673
76683
76689
76690
76697
76699
76707
76727
76732
76745
76755
76770
76780
76783
76784
76788
76807
76834
76848
76856
76874
76879
76885
76924
76930
76932
76938
76961
76993
76995
77023
77033
77034
77037
77092
77096
77100
77163
77166
77169
77181
77200
77242
77248
77270
77274
77276
77326
77327
77332
77355
77368
77377
77381
77394
77396
77413
77417
77422
77447
77457
77475
77481
77492
77501
77511
77523
77544
77611
77625
77645
77657
77671
77673
77676
77683
77714
77717
77720
77772
77801
77819
77836
77849
77893
77933
77946
77951
77974
77977
78052
78083
78102
78108
78118
78131
78175
78177
78186
78197
78230
78238
78282
78291
78306
78314
78339
78353
78359
78371
78393
78405
78440
78459
78460
78463
78470
78496
78509
78549
78552
78574
78583
78584
78586
78614
78618
78623
78631
78632
78660
78670
78674
78678
78679
78680
78737
78797
78818
78824
78828
78844
78869
78898
78909
78914
78916
78935
78952
78963
78964
78965
78981
78994
79016
79032
79063
79070
79071
79080
79103
79131
79141
79169
79176
79182
79224
79228
79236
79241
79252
79255
79272
79277
79283
79286
79289
79298
79305
79332
79341
79377
79398
79403
79411
79449
79451
79453
79458
79459
79461
79474
79477
79487
79490
79505
79518
79522
79532
79533
79554
79577
79584
79590
79604
79607
79611
79624
79642
79650
79671
79680
79708
79721
79724
79726
79737
79740
79747
79782
79796
79815
79833
79835
79843
79861
79871
79892
79898
79932
79961
79965
79972
79978
79992
80029
80043
80056
80072
80079
80119
80120
80127
80154
80160
80165
80179
80192
80196
80213
80229
80231
80242
80244
80255
80263
80264
80271
80275
80281
80289
80294
80296
80304
80312
80319
80323
80329
80339
80348
80360
80385
80418
80420
80422
80444
80463
80465
80477
80480
80497
80503
80522
80526
80540
80560
80574
80582
80588
80589
80619
80622
80624
80638
80655
80658
80676
80678
80690
80698
80704
80713
80727
80733
80763
80811
80817
80824
80830
80833
80846
80852
80856
80860
80892
80913
80955
80960
80973
81000
81007
81010
81050
81063
81068
81092
81113
81142
81150
81159
81161
81173
81178
81180
81196
81202
81203
81210
81234
81273
81274
81276
81278
81279
81284
81285
81289
81299
81307
81329
81332
81335
81357
81362
81363
81371
81386
81395
81417
81429
81432
81437
81484
81493
81501
81508
81531
81535
81549
81555
81557
81567
81574
81576
81590
81600
81623
81632
81633
81636
81689
81698
81706
81720
81745
81746
81749
81763
81782
81808
81850
81852
81864
81868
81880
81882
81884
81919
81930
81944
81949
81971
81974
82011
82041
82049
82066
82081
82092
82100
82103
82104
82112
82138
82170
82184
82192
82198
82223
82236
82249
82253
82256
82257
82258
82264
82265
82334
82341
82345
82360
82377
82398
82419
82421
82451
82471
82475
82485
82495
82505
82517
82521
82546
82554
82559
82562
82590
82622
82633
82637
82657
82675
82677
82686
82720
82732
82734
82737
82805
82808
82811
82907
82936
82967
82995
82996
83020
83034
83038
83042
83046
83048
83075
83076
83099
83110
83146
83164
83171
83175
83186
83201
83271
83275
83296
83308
83310
83319
83350
83355
83372
83382
83395
83401
83406
83419
83426
83439
83440
83466
83470
83478
83483
83498
83523
83528
83529
83531
83538
83561
83573
83590
83605
83606
83621
83622
83628
83654
83659
83665
83671
83674
83680
83684
83686
83688
83759
83770
83818
83848
83883
83886
83887
83889
83914
83924
83925
83940
83945
83955
83964
83973
83975
83985
83986
83987
84049
84058
84072
84090
84120
84137
84149
84166
84167
84192
84197
84204
84218
84236
84249
84256
84258
84267
84272
84278
84302
84304
84309
84334
84338
84344
84360
84377
84384
84402
84408
84432
84471
84499
84501
84513
84514
84520
84536
84543
84553
84557
84588
84603
84610
84616
84655
84672
84686
84693
84711
84729
84734
84744
84748
84755
84757
84765
84773
84789
84815
84825
84828
84858
84875
84879
84886
84907
84986
84997
84999
85000
85014
85015
85017
85027
85029
85030
85053
85085
85116
85118
85141
85142
85153
85155
85159
85174
85213
85214
85220
85235
85251
85253
85254
85259
85285
85297
85315
85340
85359
85374
85375
85382
85391
85397
85400
85411
85470
85482
85493
85497
85514
85530
85567
85596
85622
85639
85640
85647
85672
85690
85693
85701
85711
85722
85729
85730
85741
85748
85767
85781
85788
85792
85799
85802
85821
85824
85825
85855
85859
85869
85892
85898
85906
85919
85921
85938
85963
85970
85971
85983
86028
86029
86032
86045
86052
86060
86067
86069
86092
86124
86133
86148
86157
86168
86174
86180
86218
86245
86249
86260
86263
86293
86320
86328
86332
86364
86379
86381
86407
86435
86444
86470
86514
86518
86520
86548
86553
86554
86558
86560
86566
86575
86576
86577
86582
86595
86616
86661
86697
86699
86709
86710
86721
86737
86755
86776
86830
86836
86876
86902
86908
86911
86941
86952
87034
87062
87080
87125
87131
87133
87142
87165
87184
87197
87213
87240
87246
87285
87288
87312
87314
87322
87328
87343
87353
87378
87391
87397
87423
87459
87495
87503
87508
87526
87538
87543
87544
87568
87582
87591
87606
87609
87617
87618
87641
87644
87661
87662
87678
87710
87736
87753
87755
87775
87794
87796
87868
87877
87882
87903
87913
87920
87941
87951
87982
87986
88047
88084
88102
88107
88110
88158
88162
88198
88199
88240
88279
88287
88294
88299
88325
88335
88344
88355
88369
88370
88386
88400
88404
88421
88442
88454
88459
88461
88467
88476
88490
88497
88505
88506
88519
88547
88548
88549
88556
88558
88562
88565
88580
88617
88618
88639
88644
88651
88662
88670
88676
88680
88711
88718
88720
88723
88731
88763
88766
88777
88787
88808
88855
88868
88916
88923
88937
88984
88991
89014
89045
89046
89055
89084
89094
89099
89110
89112
89125
89147
89170
89179
89190
89240
89255
89273
89281
89301
89302
89323
89326
89331
89358
89379
89381
89386
89391
89393
89399
89407
89418
89422
89453
89482
89485
89491
89511
89516
89521
89551
89592
89614
89624
89641
89651
89665
89671
89672
89681
89689
89721
89726
89732
89733
89742
89747
89754
89755
89780
89826
89829
89842
89846
89891
89911
89914
89922
89924
89960
89970
90007
90010
90013
90020
90022
90024
90041
90043
90109
90121
90144
90158
90214
90250
90265
90274
90315
90330
90334
90335
90338
90345
90348
90378
90394
90406
90408
90437
90443
90466
90480
90484
90486
90495
90498
90523
90528
90549
90560
90582
90594
90598
90609
90610
90618
90632
90637
90643
90647
90661
90674
90685
90729
90735
90741
90758
90784
90885
90898
90903
90946
90954
91025
91031
91050
91060
91110
91116
91119
91121
91123
91143
91145
91146
91213
91224
91251
91258
91266
91278
91312
91348
91373
91388
91395
91439
91442
91457
91495
91523
91580
91597
91620
91624
91628
91662
91669
91670
91703
91712
91722
91728
91731
91735
91740
91760
91777
91808
91820
91840
91860
91868
91869
91887
91897
91920
91921
91925
91930
91954
91958
91968
91974
92003
92017
92021
92033
92050
92051
92060
92117
92152
92154
92155
92191
92193
92245
92252
92254
92256
92271
92275
92288
92294
92295
92303
92334
92340
92343
92346
92373
92389
92424
92447
92465
92467
92479
92483
92485
92500
92521
92540
92565
92599
92616
92633
92647
92648
92657
92660
92676
92679
92694
92707
92723
92734
92778
92784
92818
92825
92837
92841
92858
92876
92891
92892
92896
92905
92911
92920
92938
92939
92953
92980
92982
92986
92990
92994
92998
93015
93033
93039
93049
93067
93075
93095
93107
93141
93169
93185
93193
93214
93231
93255
93256
93260
93268
93276
93295
93315
93321
93372
93375
93381
93385
93394
93396
93397
93400
93404
93420
93427
93429
93449
93453
93504
93506
93532
93534
93538
93539
93573
93574
93613
93617
93637
93645
93655
93679
93722
93737
93763
93767
93807
93819
93829
93842
93906
93907
93929
93939
93985
94018
94030
94035
94092
94096
94100
94105
94117
94119
94134
94137
94143
94171
94184
94192
94199
94218
94228
94231
94234
94245
94256
94266
94293
94294
94339
94343
94356
94363
94377
94395
94409
94418
94428
94439
94452
94453
94454
94484
94521
94551
94576
94579
94605
94652
94691
94720
94723
94724
94737
94759
94782
94796
94807
94829
94840
94844
94878
94881
94962
94997
94999
95001
95020
95026
95042
95062
95064
95077
95090
95091
95094
95141
95143
95157
95168
95169
95178
95179
95186
95197
95215
95238
95253
95257
95261
95269
95282
95308
95316
95338
95340
95343
95353
95357
95364
95427
95445
95479
95513
95551
95568
95575
95620
95621
95623
95663
95665
95666
95668
95677
95689
95690
95704
95749
95755
95765
95804
95806
95820
95838
95844
95869
95874
95915
95921
95940
95949
95958
95959
95965
95994
95997
96000
96010
96025
96043
96047
96092
96098
96106
96133
96134
96146
96155
96175
96198
96203
96208
96216
96251
96263
96271
96284
96294
96300
96318
96319
96320
96342
96351
96358
96359
96362
96371
96374
96377
96384
96392
96411
96431
96440
96455
96469
96481
96495
96497
96500
96506
96538
96539
96547
96549
96550
96551
96568
96572
96581
96593
96594
96607
96618
96632
96653
96660
96668
96677
96694
96723
96735
96739
96804
96824
96837
96852
96869
96871
96884
96894
96897
96909
96953
96972
96981
96987
96990
96999
97009
97019
97027
97035
97037
97063
97067
97075
97103
97142
97150
97157
97159
97161
97173
97185
97197
97208
97235
97240
97241
97246
97248
97255
97259
97272
97297
97305
97332
97336
97370
97393
97400
97402
97408
97432
97443
97462
97468
97482
97488
97500
97525
97531
97550
97554
97614
97615
97619
97627
97642
97644
97648
97662
97680
97702
97717
97726
97737
97739
97766
97775
97796
97801
97839
97840
97844
97865
97866
97878
97898
97922
97941
97955
97962
97963
97991
97998
98028
98032
98033
98056
98061
98063
98076
98086
98092
98110
98136
98144
98167
98170
98183
98187
98205
98211
98250
98253
98257
98269
98304
98312
98342
98413
98456
98466
98484
98488
98492
98535
98559
98560
98574
98594
98607
98634
98656
98667
98697
98715
98733
98745
98758
98770
98801
98802
98818
98828
98833
98836
98871
98880
98927
98931
98934
98945
98948
98952
98961
98984
99003
99016
99052
99054
99068
99075
99088
99114
99173
99178
99183
99202
99212
99243
99264
99273
99301
99353
99358
99374
99385
99395
99424
99465
99466
99494
99497
99503
99525
99530
99543
99569
99591
99610
99619
99625
99646
99647
99652
99653
99659
99674
99685
99688
99703
99712
99731
99761
99806
99817
99841
99871
99873
99877
99878
99921
99938
99940
99974
99986
100000
--------
36
50
68
77
88
107
111
129
144
145
149
159
160
168
177
178
194
195
198
210
212
219
230
246
255
265
271
276
295
297
303
313
317
322
323
330
334
343
354
381
396
408
421
424
426
449
461
464
474
478
491
493
498
507
508
516
520
544
547
556
564
566
591
595
608
616
633
637
655
663
668
673
684
693
702
725
727
729
737
773
786
791
807
843
847
849
854
876
880
902
915
946
948
959
998
1018
1025
1029
1039
1047
1060
1062
1082
1089
1105
1111
1119
1126
1143
1144
1145
1157
1161
1184
1196
1206
1212
1215
1219
1222
1232
1236
1242
1244
1253
1256
1257
1283
1298
1301
1306
1313
1340
1356
1357
1362
1364
1376
1379
1382
1385
1393
1404
1409
1418
1422
1460
1467
1474
1481
1515
1530
1533
1552
1554
1562
1565
1587
1592
1599
1602
1611
1618
1625
1638
1657
1664
1680
1686
1701
1708
1743
1749
1753
1755
1757
1784
1796
1835
1879
1920
1935
1936
1947
1961
1968
2002
2011
2042
2048
2052
2053
2065
2070
2081
2103
2106
2110
2124
2130
2172
2180
2181
2185
2189
2192
2201
2212
2221
2223
2225
2232
2263
2284
2291
2296
2308
2321
2349
2358
2365
2366
2378
2394
2395
2397
2410
2418
2419
2434
2437
2448
2456
2459
2465
2471
2491
2502
2529
2541
2543
2579
2580
2581
2582
2592
2608
2610
2613
2615
2619
2628
2630
2631
2635
2641
2656
2659
2660
2662
2663
2705
2712
2716
2742
2758
2764
2766
2840
2843
2852
2866
2867
2868
2883
2885
2922
2933
2936
2951
2960
2966
2980
2999
3005
3010
3020
3032
3042
3048
3065
3070
3074
3097
3101
3111
3112
3122
3124
3134
3147
3152
3153
3170
3175
3185
3188
3214
3216
3235
3241
3245
3250
3260
3266
3291
3298
3303
3314
3322
3324
3340
3341
3342
3343
3355
3363
3371
3372
3379
3381
3385
3397
3408
3437
3474
3479
3481
3489
3502
3505
3559
3562
3579
3594
3598
3605
3606
3608
3620
3633
3640
3647
3650
3654
3674
3689
3716
3717
3721
3744
3760
3763
3775
3779
3792
3798
3804
3809
3818
3822
3824
3849
3850
3872
3889
3894
3909
3912
3938
3957
3970
3975
3977
3984
3986
3996
3998
4001
4014
4018
4027
4044
4072
4081
4089
4112
4128
4139
4181
4189
4193
4205
4213
4215
4216
4221
4230
4242
4247
4251
4257
4261
4265
4269
4272
4285
4291
4298
4317
4325
4333
4338
4389
4393
4419
4443
4444
4449
4453
4457
4461
4486
4493
4494
4519
4521
4542
4549
4550
4553
4573
4585
4586
4588
4592
4617
4622
4647
4649
4653
4655
4670
4698
4705
4707
4709
4717
4720
4730
4757
4762
4781
4782
4784
4788
4790
4792
4806
4832
4834
4851
4892
4895
4900
4914
4921
4927
4955
4956
4981
5000
5001
5017
5018
5019
5030
5071
5091
5093
5095
5102
5118
5158
5166
5181
5198
5215
5218
5226
5235
5238
5239
5269
5277
5286
5296
5300
5304
5305
5327
5345
5355
5379
5390
5397
5413
5418
5420
5443
5448
5450
5451
5455
5463
5483
5484
5486
5501
5517
5531
5540
5542
5566
5567
5581
5588
5604
5620
5631
5655
5662
5665
5671
5706
5707
5720
5723
5731
5732
5751
5773
5780
5782
5789
5797
5804
5807
5815
5823
5826
5829
5864
5895
5905
5908
5924
5936
5966
5976
5981
6023
6025
6030
6038
6040
6055
6066
6071
6090
6159
6166
6179
6187
6197
6198
6226
6227
6229
6231
6238
6240
6243
6269
6304
6351
6357
6377
6386
6411
6418
6433
6434
6442
6454
6464
6477
6481
6490
6505
6509
6512
6535
6537
6538
6553
6572
6575
6607
6609
6614
6615
6626
6629
6633
6636
6650
6667
6668
6690
6709
6710
6760
6762
6764
6765
6773
6775
6798
6809
6811
6814
6818
6837
6849
6852
6861
6878
6882
6915
6922
6933
6938
6944
6953
6956
6957
6959
6972
6975
6976
6983
6984
6993
7010
7045
7053
7055
7081
7092
7096
7115
7125
7145
7160
7166
7184
7209
7212
7219
7227
7229
7232
7233
7244
7254
7263
7280
7282
7283
7306
7316
7347
7361
7369
7384
7388
7397
7409
7422
7436
7438
7463
7486
7491
7537
7550
7567
7604
7611
7634
7637
7646
7662
7681
7691
7692
7714
7716
7718
7719
7720
7734
7738
7746
7747
7768
7776
7810
7812
7814
7825
7833
7834
7839
7843
7849
7870
7873
7883
7893
7895
7898
7910
7919
7947
7955
7995
8006
8024
8028
8043
8047
8049
8052
8054
8070
8073
8089
8097
8118
8119
8129
8152
8153
8159
8227
8233
8235
8256
8275
8296
8299
8300
8358
8369
8377
8390
8404
8410
8412
8428
8436
8453
8462
8464
8473
8487
8492
8496
8505
8516
8518
8530
8534
8546
8561
8564
8571
8578
8584
8587
8614
8619
8625
8633
8638
8657
8664
8665
8672
8677
8679
8682
8697
8727
8734
8757
8770
8785
8790
8792
8793
8810
8811
8813
8849
8857
8872
8873
8882
8902
8905
8910
8918
8923
8928
8935
8938
8940
8947
8957
8963
8967
8975
8990
8993
9031
9033
9043
9047
9052
9053
9074
9104
9105
9107
9115
9122
9135
9136
9140
9148
9166
9192
9198
9217
9218
9219
9225
9229
9258
9271
9277
9283
9303
9307
9308
9324
9348
9356
9385
9393
9404
9409
9422
9427
9437
9440
9447
9459
9465
9468
9486
9498
9506
9509
9513
9529
9530
9532
9535
9545
9555
9558
9615
9640
9664
9666
9668
9671
9672
9687
9691
9694
9700
9703
9704
9707
9711
9737
9758
9801
9821
9822
9843
9867
9869
9874
9881
9882
9883
9893
9905
9907
9945
10054
10061
10064
10083
10087
10102
10109
10114
10131
10138
10144
10161
10171
10173
10183
10192
10194
10197
10199
10214
10216
10234
10249
10272
10293
10326
10335
10336
10337
10370
10371
10374
10376
10382
10386
10392
10410
10417
10424
10437
10441
10442
10445
10449
10467
10478
10492
10503
10508
10513
10519
10531
10566
10575
10580
10591
10599
10602
10606
10659
10669
10672
10673
10683
10693
10694
10708
10718
10725
10736
10764
10766
10783
10791
10799
10823
10828
10834
10847
10851
10859
10860
10862
10873
10877
10878
10886
10909
10933
10937
10940
10942
10947
10950
10957
10966
10978
10980
10988
11012
11045
11054
11057
11064
11093
11099
11119
11129
11138
11146
11149
11176
11186
11200
11203
11226
11228
11249
11259
11282
11283
11291
11300
11318
11339
11340
11345
11357
11361
11374
11398
11408
11431
11433
11439
11456
11457
11486
11498
11501
11507
11529
11546
11561
11589
11593
11601
11607
11617
11619
11626
11636
11640
11641
11677
11678
11690
11701
11703
11706
11721
11734
11737
11768
11777
11815
11830
11833
11838
11861
11867
11886
11891
11909
11912
11915
11925
11930
11947
11984
11993
12012
12027
12050
12072
12075
12096
12103
12127
12147
12156
12168
12169
12176
12178
12185
12189
12195
12200
12220
12223
12246
12249
12261
12267
12276
12282
12291
12305
12308
12312
12316
12323
12337
12339
12342
12389
12390
12401
12428
12433
12435
12478
12481
12497
12499
12504
12518
12522
12523
12528
12529
12530
12531
12560
12568
12572
12601
12621
12624
12627
12633
12636
12645
12671
12707
12725
12765
12771
12773
12791
12810
12826
12829
12848
12855
12856
12895
12901
12919
12935
12939
12942
12954
12961
12970
12972
12982
12986
12998
13003
13028
13029
13035
13039
13045
13053
13068
13080
13084
13099
13102
13119
13128
13134
13138
13161
13165
13166
13171
13176
13261
13267
13274
13275
13280
13282
13285
13288
13289
13293
13301
13304
13306
13309
13314
13318
13323
13327
13330
13331
13337
13342
13362
13365
13370
13378
13388
13395
13396
13400
13414
13417
13427
13431
13434
13438
13456
13458
13465
13513
13515
13522
13529
13533
13539
13545
13559
13585
13588
13590
13608
13625
13637
13648
13674
13692
13696
13720
13726
13748
13762
13777
13787
13813
13814
13815
13820
13832
13888
13891
13919
13941
13943
14002
14018
14022
14025
14028
14036
14037
14047
14057
14059
14071
14076
14089
14090
14097
14114
14117
14147
14163
14167
14171
14181
14183
14184
14198
14209
14219
14281
14292
14295
14324
14326
14328
14333
14359
14362
14365
14366
14369
14374
14377
14397
14402
14404
14414
14433
14448
14453
14455
14467
14494
14504
14507
14514
14515
14524
14542
14578
14610
14620
14623
14629
14631
14637
14652
14695
14709
14711
14716
14718
14736
14740
14741
14748
14751
14759
14771
14775
14783
14791
14792
14803
14806
14811
14816
14825
14845
14857
14859
14899
14900
14913
14932
14933
14951
14952
14957
14962
14995
15011
15014
15027
15037
15056
15061
15063
15068
15073
15089
15103
15115
15135
15149
15150
15163
15192
15196
15204
15217
15227
15241
15266
15294
15312
15323
15334
15335
15348
15353
15374
15380
15385
15402
15405
15412
15435
15449
15457
15477
15483
15497
15534
15552
15559
15570
15576
15587
15604
15626
15628
15633
15649
15663
15721
15733
15734
15737
15747
15761
15764
15769
15773
15800
15810
15812
15813
15821
15825
15849
15878
15883
15904
15909
15911
15922
15939
15942
15957
15985
15994
16022
16026
16044
16055
16068
16117
16135
16150
16155
16161
16167
16170
16188
16211
16235
16236
16252
16253
16256
16260
16276
16293
16306
16308
16327
16328
16338
16355
16370
16381
16385
16388
16463
16482
16483
16487
16489
16507
16550
16563
16568
16592
16600
16603
16615
16618
16619
16636
16649
16651
16652
16657
16665
16679
16689
16707
16710
16719
16737
16749
16765
16767
16790
16792
16796
16799
16801
16811
16818
16830
16840
16852
16855
16881
16888
16912
16920
16923
16934
16937
16939
16947
16965
16967
16976
16987
16989
17053
17059
17103
17107
17115
17122
17133
17163
17169
17173
17189
17190
17197
17229
17239
17261
17276
17285
17296
17303
17309
17340
17369
17376
17384
17398
17401
17410
17427
17428
17429
17447
17459
17494
17506
17530
17532
17564
17596
17598
17618
17626
17627
17630
17632
17639
17702
17705
17738
17753
17759
17779
17783
17786
17795
17803
17813
17823
17824
17828
17833
17846
17847
17858
17878
17898
17899
17900
17904
17923
17932
17953
17980
17985
17996
17998
18023
18030
18034
18046
18056
18060
18065
18073
18078
18106
18114
18118
18123
18141
18147
18159
18165
18171
18191
18194
18196
18236
18241
18244
18260
18268
18272
18275
18284
18286
18291
18292
18313
18319
18325
18329
18337
18342
18347
18362
18390
18402
18410
18411
18415
18419
18420
18434
18448
18451
18455
18468
18470
18484
18498
18508
18513
18518
18521
18524
18535
18540
18556
18558
18562
18565
18569
18585
18594
18605
18609
18644
18653
18654
18693
18694
18703
18704
18734
18740
18743
18768
18775
18789
18801
18816
18834
18835
18862
18864
18873
18888
18913
18925
18932
18952
18965
18978
18984
18990
18998
19029
19036
19052
19067
19074
19101
19102
19108
19109
19136
19138
19163
19167
19192
19194
19217
19222
19234
19241
19247
19254
19274
19275
19286
19304
19311
19335
19338
19343
19351
19360
19364
19365
19372
19382
19387
19389
19394
19399
19403
19410
19421
19425
19439
19514
19515
19536
19556
19559
19560
19567
19571
19603
19605
19607
19619
19643
19650
19703
19715
19743
19755
19783
19843
19849
19854
19873
19879
19882
19885
19890
19902
19912
19917
19961
19992
20016
20030
20033
20045
20052
20058
20071
20075
20093
20098
20100
20121
20133
20139
20149
20159
20164
20168
20176
20179
20190
20200
20212
20217
20220
20224
20227
20235
20240
20247
20259
20261
20280
20301
20305
20310
20326
20335
20337
20345
20347
20350
20361
20365
20378
20384
20397
20398
20403
20412
20427
20437
20443
20457
20463
20472
20476
20491
20495
20509
20523
20525
20559
20564
20580
20582
20590
20591
20626
20638
20644
20653
20656
20659
20671
20674
20677
20711
20721
20728
20755
20777
20785
20787
20795
20801
20811
20814
20817
20828
20834
20859
20893
20908
20910
20918
20919
20920
20942
20951
20952
20964
20970
20999
21015
21016
21037
21038
21059
21065
21068
21076
21079
21081
21093
21101
21114
21119
21139
21173
21175
21188
21194
21206
21209
21216
21217
21230
21236
21238
21243
21246
21284
21287
21295
21297
21304
21307
21311
21316
21321
21324
21327
21330
21340
21343
21361
21367
21370
21414
21438
21439
21441
21446
21448
21467
21478
21480
21481
21491
21493
21494
21496
21497
21502
21522
21531
21539
21541
21555
21556
21559
21567
21570
21572
21574
21586
21590
21611
21617
21623
21645
21671
21681
21697
21704
21745
21752
21758
21763
21764
21766
21802
21803
21820
21823
21835
21840
21844
21852
21857
21865
21868
21902
21904
21910
21988
22005
22011
22015
22028
22061
22063
22067
22073
22079
22087
22088
22089
22119
22126
22138
22139
22186
22191
22210
22222
22223
22255
22267
22273
22279
22281
22290
22293
22297
22319
22322
22329
22331
22334
22373
22384
22388
22391
22393
22397
22427
22429
22447
22451
22458
22480
22485
22493
22525
22527
22530
22532
22547
22552
22569
22573
22581
22585
22587
22607
22617
22635
22641
22644
22645
22652
22669
22674
22700
22703
22708
22716
22726
22739
22765
22802
22812
22819
22836
22841
22866
22869
22871
22903
22905
22909
22921
22932
22933
22937
22952
22964
23003
23018
23019
23052
23059
23076
23099
23105
23108
23113
23115
23121
23133
23138
23150
23157
23158
23162
23175
23177
23194
23201
23212
23236
23267
23268
23291
23299
23303
23313
23329
23333
23334
23336
23343
23354
23365
23370
23372
23388
23412
23422
23432
23444
23446
23451
23457
23487
23496
23502
23511
23516
23520
23539
23550
23552
23554
23577
23581
23587
23600
23612
23640
23642
23648
23683
23701
23711
23713
23722
23734
23739
23743
23744
23767
23773
23787
23791
23799
23810
23811
23828
23832
23836
23837
23840
23852
23854
23868
23878
23880
23883
23902
23917
23936
23943
23952
23974
23979
23995
23999
24005
24016
24030
24031
24032
24044
24086
24089
24092
24094
24110
24115
24123
24126
24140
24143
24146
24154
24178
24203
24206
24211
24212
24225
24226
24229
24234
24236
24238
24246
24249
24270
24271
24281
24290
24291
24305
24307
24314
24317
24328
24330
24333
24340
24343
24353
24354
24368
24372
24373
24403
24417
24427
24467
24469
24482
24483
24490
24513
24524
24533
24535
24539
24543
24544
24545
24570
24580
24593
24607
24613
24617
24635
24636
24655
24658
24673
24678
24687
24690
24714
24718
24720
24723
24737
24749
24789
24790
24796
24800
24801
24809
24829
24841
24843
24849
24852
24853
24856
24857
24867
24871
24889
24934
24936
24949
24951
24960
24972
24985
24993
24995
24999
25003
25013
25023
25027
25031
25051
25073
25077
25083
25091
25094
25112
25133
25137
25142
25145
25147
25165
25175
25187
25207
25208
25214
25217
25229
25245
25251
25261
25263
25265
25280
25314
25318
25332
25338
25361
25363
25366
25374
25376
25398
25411
25440
25445
25447
25456
25464
25468
25475
25489
25490
25501
25505
25510
25511
25513
25519
25532
25534
25543
25551
25566
25572
25575
25622
25623
25639
25641
25646
25647
25653
25667
25688
25690
25698
25710
25723
25724
25726
25738
25749
25772
25774
25783
25796
25802
25816
25818
25823
25826
25834
25840
25846
25863
25892
25893
25909
25916
25917
25949
25951
25954
25956
25965
25972
25979
25985
25997
25998
26010
26014
26025
26051
26059
26061
26066
26077
26085
26102
26103
26139
26147
26153
26195
26197
26198
26207
26221
26222
26230
26233
26245
26255
26256
26257
26260
26261
26273
26277
26311
26312
26327
26333
26338
26345
26364
26372
26398
26399
26441
26454
26455
26460
26471
26478
26486
26504
26514
26524
26538
26543
26553
26555
26566
26578
26583
26586
26599
26620
26629
26641
26659
26673
26676
26693
26709
26710
26717
26728
26730
26760
26763
26770
26801
26802
26807
26838
26841
26863
26878
26937
26940
26949
26967
26983
26985
27023
27035
27055
27087
27091
27095
27097
27114
27117
27119
27134
27168
27171
27187
27201
27207
27215
27218
27230
27233
27255
27257
27261
27280
27281
27282
27302
27303
27316
27323
27328
27330
27338
27342
27343
27368
27374
27380
27391
27421
27422
27426
27435
27454
27457
27471
27481
27490
27496
27522
27541
27562
27573
27580
27606
27642
27647
27670
27671
27674
27686
27699
27701
27708
27709
27712
27714
27728
27750
27762
27763
27769
27770
27771
27777
27778
27800
27822
27844
27845
27847
27860
27861
27868
27881
27899
27903
27906
27907
27908
27910
27913
27921
27938
27940
27977
27982
27997
28004
28039
28047
28048
28066
28068
28099
28126
28128
28138
28139
28140
28153
28159
28163
28164
28169
28214
28231
28233
28267
28278
28282
28283
28288
28308
28314
28315
28317
28329
28336
28343
28361
28369
28370
28399
28401
28405
28407
28411
28421
28446
28450
28451
28462
28471
28484
28485
28491
28501
28504
28510
28511
28513
28514
28519
28548
28564
28567
28600
28604
28617
28618
28645
28660
28671
28672
28681
28691
28712
28726
28737
28740
28745
28748
28751
28753
28774
28787
28788
28794
28811
28817
28832
28837
28838
28861
28875
28877
28886
28890
28938
28941
28947
28960
28962
28976
28981
28984
29004
29010
29013
29020
29022
29030
29050
29054
29058
29062
29075
29077
29086
29089
29092
29103
29106
29107
29126
29137
29149
29152
29154
29155
29173
29184
29200
29204
29206
29221
29234
29239
29240
29243
29248
29249
29264
29271
29278
29287
29300
29308
29313
29315
29329
29348
29349
29360
29371
29382
29383
29390
29411
29421
29430
29497
29507
29532
29544
29547
29550
29558
29566
29574
29593
29599
29618
29623
29630
29632
29633
29638
29648
29654
29668
29681
29696
29708
29727
29728
29746
29748
29756
29765
29766
29767
29776
29781
29791
29814
29829
29834
29841
29854
29855
29859
29867
29889
29890
29894
29900
29914
29925
29928
29936
29937
29943
29979
29984
29986
30007
30028
30046
30053
30065
30069
30071
30078
30083
30102
30112
30120
30122
30132
30167
30179
30201
30207
30208
30212
30232
30243
30248
30273
30277
30282
30286
30307
30331
30342
30364
30389
30394
30405
30418
30421
30424
30444
30455
30472
30484
30493
30494
30503
30512
30513
30519
30525
30553
30559
30600
30604
30611
30613
30617
30621
30629
30634
30648
30651
30665
30681
30703
30704
30710
30723
30728
30751
30800
30808
30811
30837
30850
30859
30864
30884
30889
30891
30903
30911
30925
30933
30940
30946
30951
30954
30961
30966
30976
30978
30980
31008
31013
31014
31017
31031
31034
31038
31039
31042
31073
31081
31083
31094
31098
31099
31102
31128
31146
31167
31182
31186
31222
31223
31225
31239
31242
31264
31268
31275
31278
31279
31281
31284
31293
31313
31328
31329
31393
31394
31408
31418
31421
31424
31427
31455
31471
31489
31493
31500
31513
31514
31520
31540
31562
31566
31575
31577
31583
31585
31589
31599
31601
31603
31609
31613
31617
31627
31628
31640
31654
31656
31657
31672
31675
31689
31696
31699
31703
31704
31711
31714
31734
31744
31762
31763
31772
31784
31786
31796
31797
31798
31801
31805
31825
31826
31828
31831
31864
31883
31895
31917
31968
31981
31982
31985
31990
32007
32013
32019
32024
32043
32044
32049
32051
32061
32091
32103
32112
32114
32150
32151
32166
32170
32178
32199
32209
32221
32226
32242
32247
32249
32258
32263
32273
32274
32311
32325
32330
32331
32341
32344
32346
32347
32374
32379
32384
32409
32433
32457
32462
32475
32479
32483
32487
32489
32498
32507
32509
32511
32512
32514
32520
32537
32539
32540
32545
32555
32575
32581
32590
32606
32613
32617
32637
32640
32651
32685
32696
32703
32709
32713
32716
32721
32738
32739
32743
32764
32780
32783
32785
32786
32790
32803
32804
32812
32813
32834
32839
32856
32861
32869
32872
32878
32896
32903
32913
32921
32931
32935
32943
32947
32951
32960
32975
32989
32997
33003
33006
33010
33014
33015
33017
33027
33041
33070
33085
33102
33110
33127
33135
33140
33148
33159
33202
33208
33212
33219
33234
33239
33244
33263
33281
33296
33317
33320
33325
33328
33330
33333
33340
33351
33352
33362
33369
33377
33379
33397
33400
33403
33406
33426
33451
33459
33531
33536
33539
33543
33544
33546
33556
33561
33564
33570
33571
33572
33584
33595
33601
33618
33624
33632
33634
33636
33659
33662
33677
33687
33688
33709
33718
33728
33735
33737
33741
33751
33757
33767
33779
33785
33787
33789
33791
33792
33800
33813
33815
33829
33840
33851
33861
33883
33890
33891
33895
33906
33915
33927
33930
33947
33953
33981
33993
34022
34027
34042
34057
34060
34079
34082
34089
34132
34133
34147
34179
34188
34192
34196
34206
34222
34232
34245
34256
34273
34289
34299
34302
34317
34318
34339
34342
34348
34368
34389
34390
34406
34416
34419
34433
34441
34450
34463
34465
34468
34470
34473
34486
34487
34513
34515
34516
34524
34533
34538
34544
34554
34557
34558
34571
34580
34592
34597
34626
34644
34654
34667
34685
34722
34734
34738
34739
34756
34784
34787
34788
34799
34807
34809
34811
34822
34837
34866
34867
34887
34892
34894
34914
34915
34918
34929
34956
34960
34971
34986
34993
35004
35018
35021
35028
35046
35047
35052
35066
35082
35090
35100
35106
35152
35157
35159
35164
35185
35213
35225
35242
35247
35268
35284
35299
35317
35341
35343
35344
35358
35365
35375
35414
35416
35430
35431
35438
35439
35440
35441
35449
35453
35455
35473
35501
35511
35516
35522
35525
35530
35547
35563
35569
35572
35573
35585
35598
35646
35649
35655
35679
35693
35715
35716
35728
35734
35735
35742
35760
35767
35768
35776
35785
35795
35825
35856
35859
35878
35886
35892
35894
35899
35904
35912
35918
35927
35944
35958
35970
35984
36006
36020
36022
36039
36040
36044
36079
36081
36083
36084
36088
36097
36126
36132
36136
36138
36148
36150
36160
36161
36167
36170
36176
36179
36185
36204
36212
36223
36233
36245
36249
36267
36276
36282
36288
36291
36293
36299
36302
36305
36319
36325
36353
36393
36402
36418
36420
36440
36441
36445
36450
36467
36470
36471
36472
36477
36500
36501
36532
36547
36552
36566
36569
36571
36579
36588
36661
36666
36667
36676
36712
36721
36723
36738
36746
36751
36769
36770
36771
36777
36782
36803
36808
36811
36822
36825
36826
36838
36850
36882
36883
36894
36897
36907
36936
36937
36951
36959
36962
36975
36996
37005
37019
37027
37058
37062
37070
37101
37106
37127
37131
37136
37140
37141
37148
37188
37200
37202
37205
37210
37233
37245
37259
37262
37276
37328
37335
37339
37354
37355
37357
37359
37362
37371
37397
37399
37407
37420
37428
37435
37459
37514
37523
37548
37560
37566
37572
37595
37600
37601
37633
37640
37648
37651
37678
37683
37692
37701
37705
37707
37720
37724
37726
37736
37738
37753
37777
37789
37800
37806
37807
37819
37824
37827
37841
37842
37847
37856
37869
37876
37882
37892
37896
37899
37901
37904
37925
37959
37960
37963
37964
37966
38006
38009
38026
38032
38048
38057
38072
38080
38083
38103
38109
38118
38120
38145
38158
38172
38179
38183
38204
38208
38216
38248
38256
38260
38268
38275
38284
38286
38292
38316
38325
38347
38348
38359
38367
38375
38379
38395
38420
38428
38433
38434
38443
38446
38454
38479
38482
38486
38499
38513
38525
38567
38590
38599
38600
38606
38607
38618
38621
38626
38633
38655
38659
38679
38689
38697
38708
38710
38716
38727
38743
38744
38754
38758
38774
38781
38812
38816
38817
38826
38834
38837
38838
38847
38850
38851
38863
38864
38899
38908
38918
38925
38931
38964
38966
38969
38980
38987
39023
39027
39034
39047
39050
39059
39063
39077
39093
39117
39125
39144
39146
39170
39178
39185
39193
39197
39207
39210
39214
39221
39222
39256
39260
39262
39292
39295
39302
39307
39313
39316
39325
39331
39346
39350
39352
39375
39379
39381
39392
39394
39408
39418
39437
39439
39488
39505
39525
39540
39543
39548
39557
39568
39572
39574
39576
39592
39608
39613
39617
39620
39622
39636
39644
39647
39664
39674
39677
39729
39733
39734
39747
39755
39766
39772
39776
39778
39783
39799
39808
39809
39824
39831
39838
39857
39859
39865
39866
39879
39889
39890
39894
39898
39931
39937
39944
39962
39972
39986
39994
40004
40005
40006
40012
40036
40067
40096
40100
40117
40122
40179
40184
40185
40188
40193
40200
40202
40204
40205
40206
40222
40242
40247
40253
40255
40256
40294
40297
40303
40304
40313
40320
40338
40346
40349
40361
40373
40380
40398
40400
40408
40409
40419
40422
40425
40429
40430
40437
40438
40439
40440
40470
40482
40500
40511
40513
40514
40515
40518
40520
40541
40554
40559
40565
40580
40588
40592
40599
40629
40646
40664
40666
40681
40692
40702
40713
40719
40722
40737
40740
40757
40779
40788
40805
40828
40832
40833
40839
40853
40854
40870
40873
40875
40886
40897
40907
40928
40929
40935
40955
40957
40981
41003
41004
41014
41022
41051
41053
41054
41058
41067
41085
41087
41101
41103
41123
41138
41147
41149
41163
41164
41172
41178
41188
41195
41207
41216
41221
41228
41246
41280
41288
41294
41302
41307
41330
41336
41342
41343
41344
41355
41361
41378
41394
41402
41406
41416
41461
41484
41489
41491
41495
41510
41517
41523
41535
41542
41581
41587
41602
41604
41612
41617
41624
41634
41639
41655
41663
41719
41723
41736
41745
41760
41762
41767
41770
41792
41802
41816
41824
41837
41841
41852
41868
41891
41911
41916
41929
41937
41943
41948
41951
41979
41983
41985
41990
42011
42018
42019
42028
42055
42071
42086
42090
42101
42105
42117
42120
42132
42141
42142
42146
42201
42207
42210
42217
42250
42268
42277
42279
42289
42296
42301
42318
42325
42367
42378
42404
42412
42414
42438
42441
42443
42453
42475
42477
42486
42488
42494
42508
42519
42540
42546
42550
42551
42553
42560
42567
42574
42575
42577
42601
42613
42625
42630
42635
42640
42655
42670
42673
42677
42702
42715
42721
42723
42757
42768
42773
42776
42782
42783
42790
42793
42801
42823
42837
42844
42846
42854
42861
42884
42895
42912
42922
42923
42925
42930
42932
42936
42944
42977
42979
42981
42996
43002
43016
43018
43027
43040
43044
43046
43051
43073
43074
43082
43093
43112
43124
43126
43130
43132
43155
43158
43159
43167
43172
43190
43194
43212
43225
43227
43229
43238
43288
43298
43315
43319
43328
43329
43345
43348
43351
43352
43361
43372
43375
43387
43389
43396
43403
43404
43420
43421
43427
43440
43442
43489
43505
43512
43517
43519
43532
43546
43565
43569
43579
43608
43642
43661
43686
43689
43692
43705
43714
43726
43734
43737
43756
43790
43791
43797
43808
43818
43828
43830
43861
43863
43869
43932
43941
43944
43969
43970
43973
43974
43984
43987
44006
44007
44034
44041
44043
44044
44056
44095
44101
44119
44124
44144
44168
44200
44201
44203
44257
44265
44268
44279
44282
44283
44284
44298
44303
44316
44330
44336
44359
44365
44380
44381
44386
44415
44433
44434
44441
44448
44458
44460
44463
44466
44474
44506
44515
44519
44525
44531
44548
44549
44584
44598
44615
44638
44647
44682
44695
44697
44714
44756
44777
44779
44805
44811
44813
44825
44841
44854
44882
44889
44903
44905
44909
44919
44937
44938
44944
44945
44949
44956
44969
44974
44991
45006
45016
45018
45028
45046
45050
45071
45085
45108
45110
45122
45125
45139
45143
45159
45168
45169
45170
45171
45172
45191
45200
45208
45221
45232
45236
45244
45247
45286
45312
45319
45336
45355
45374
45376
45390
45436
45442
45445
45464
45495
45501
45509
45523
45538
45544
45546
45547
45575
45584
45588
45590
45594
45605
45608
45621
45626
45636
45644
45688
45707
45762
45767
45777
45804
45806
45813
45817
45819
45855
45861
45882
45892
45911
45920
45921
45923
45925
45929
45934
45942
45945
45954
45976
45977
45985
45988
45991
46001
46036
46051
46052
46059
46073
46086
46107
46108
46122
46145
46152
46164
46180
46187
46217
46218
46219
46223
46229
46237
46249
46256
46260
46261
46271
46273
46281
46308
46311
46324
46325
46327
46331
46338
46357
46371
46375
46387
46403
46445
46454
46472
46480
46487
46494
46502
46511
46516
46519
46522
46524
46537
46547
46553
46556
46570
46577
46585
46587
46588
46594
46607
46608
46612
46640
46654
46689
46694
46698
46709
46736
46755
46762
46768
46782
46783
46793
46800
46802
46806
46807
46811
46836
46889
46894
46898
46910
46931
46953
46954
46956
46959
46962
46977
46997
47013
47021
47025
47031
47039
47043
47045
47059
47082
47087
47088
47094
47095
47099
47109
47122
47128
47141
47154
47165
47169
47206
47233
47265
47285
47295
47296
47301
47305
47310
47316
47334
47354
47360
47380
47405
47419
47420
47423
47426
47431
47432
47446
47449
47494
47535
47551
47555
47565
47566
47575
47580
47581
47596
47598
47610
47617
47621
47638
47651
47684
47687
47689
47691
47719
47721
47726
47733
47745
47756
47773
47779
47789
47794
47800
47801
47832
47847
47875
47881
47904
47922
47967
47973
47975
48002
48003
48009
48016
48021
48022
48024
48035
48040
48041
48051
48067
48082
48098
48100
48118
48126
48128
48130
48132
48136
48142
48143
48174
48175
48188
48191
48193
48199
48206
48228
48244
48282
48329
48345
48349
48374
48377
48396
48400
48420
48422
48432
48434
48441
48444
48458
48459
48464
48473
48475
48477
48480
48495
48512
48513
48520
48526
48533
48542
48553
48558
48562
48587
48589
48595
48597
48608
48622
48624
48625
48627
48643
48644
48645
48646
48669
48677
48683
48692
48693
48696
48709
48720
48727
48738
48740
48754
48757
48780
48792
48813
48834
48839
48850
48859
48905
48924
48927
48933
48957
48961
48970
49013
49016
49018
49039
49054
49056
49061
49076
49081
49098
49132
49146
49155
49160
49161
49231
49234
49244
49260
49276
49277
49280
49287
49306
49317
49320
49330
49332
49349
49364
49365
49369
49370
49374
49386
49395
49396
49400
49406
49417
49431
49457
49473
49476
49477
49479
49500
49501
49511
49519
49544
49546
49558
49570
49575
49594
49596
49622
49631
49632
49638
49645
49663
49664
49675
49678
49682
49690
49709
49710
49717
49726
49733
49742
49747
49754
49781
49787
49793
49804
49810
49814
49826
49828
49836
49838
49839
49848
49851
49865
49873
49880
49890
49892
49894
49907
49915
49925
49933
49938
49941
49943
49977
50001
50007
50008
50011
50028
50037
50045
50056
50057
50095
50133
50156
50158
50166
50169
50174
50180
50182
50187
50206
50231
50232
50236
50247
50254
50267
50268
50301
50305
50313
50314
50339
50340
50346
50351
50375
50394
50397
50401
50427
50450
50455
50485
50489
50495
50518
50536
50540
50549
50558
50561
50565
50580
50582
50586
50594
50609
50611
50626
50631
50634
50648
50652
50654
50674
50676
50697
50699
50701
50704
50724
50737
50746
50765
50767
50771
50779
50790
50796
50799
50802
50875
50881
50882
50887
50894
50911
50917
50928
50962
50965
50968
50977
50986
50989
50998
51020
51026
51028
51041
51047
51049
51059
51065
51085
51100
51107
51110
51116
51118
51119
51122
51127
51135
51137
51166
51214
51222
51233
51244
51257
51287
51288
51302
51305
51320
51322
51329
51342
51350
51353
51369
51386
51403
51409
51417
51425
51445
51456
51476
51486
51496
51498
51505
51536
51537
51548
51550
51556
51558
51610
51630
51631
51651
51654
51658
51670
51671
51674
51675
51719
51741
51744
51747
51749
51774
51785
51794
51800
51806
51816
51819
51829
51841
51860
51861
51864
51870
51873
51881
51895
51897
51909
51925
51928
51936
51939
51946
51965
51971
51975
52000
52001
52014
52038
52045
52047
52052
52053
52057
52059
52063
52064
52067
52076
52080
52085
52090
52093
52120
52122
52141
52148
52159
52160
52182
52200
52219
52222
52225
52226
52238
52257
52258
52267
52270
52271
52291
52298
52325
52362
52363
52364
52367
52389
52410
52414
52421
52425
52459
52469
52486
52491
52502
52510
52511
52542
52546
52550
52556
52569
52575
52591
52599
52603
52619
52636
52657
52684
52686
52687
52703
52715
52724
52740
52765
52770
52775
52780
52814
52837
52846
52852
52861
52879
52883
52887
52889
52910
52911
52913
52919
52922
52923
52933
52938
52944
52954
52959
52986
52992
53002
53003
53006
53019
53048
53051
53063
53072
53073
53074
53100
53104
53112
53113
53115
53127
53150
53151
53160
53161
53162
53164
53166
53174
53187
53209
53237
53243
53288
53305
53313
53328
53332
53351
53357
53358
53366
53370
53372
53380
53384
53422
53427
53428
53430
53431
53459
53513
53515
53516
53525
53528
53536
53543
53554
53567
53571
53577
53600
53612
53634
53649
53670
53672
53681
53683
53684
53687
53698
53710
53713
53721
53738
53740
53744
53770
53772
53778
53793
53795
53796
53817
53826
53829
53855
53868
53870
53880
53881
53886
53899
53909
53911
53914
53919
53925
53926
53928
53939
53940
53957
53977
53988
53996
54001
54004
54019
54024
54027
54042
54048
54105
54116
54142
54160
54167
54184
54223
54237
54249
54254
54257
54260
54276
54291
54297
54307
54309
54328
54353
54362
54371
54391
54393
54403
54404
54413
54416
54449
54459
54484
54486
54495
54508
54512
54517
54533
54534
54549
54563
54576
54579
54583
54584
54586
54594
54609
54639
54642
54646
54659
54662
54671
54683
54694
54701
54708
54729
54752
54758
54761
54780
54811
54836
54842
54852
54877
54898
54910
54913
54924
54949
54952
54974
54982
54987
54994
55007
55008
55031
55068
55070
55112
55114
55116
55131
55133
55150
55167
55168
55169
55171
55198
55202
55212
55226
55234
55240
55249
55260
55284
55285
55289
55308
55319
55321
55327
55346
55350
55354
55356
55358
55363
55365
55377
55380
55393
55397
55404
55421
55422
55425
55432
55456
55473
55475
55482
55492
55503
55512
55520
55526
55538
55553
55558
55570
55586
55594
55611
55624
55631
55632
55643
55647
55654
55659
55662
55664
55668
55674
55686
55688
55694
55697
55711
55715
55726
55731
55745
55769
55773
55783
55784
55795
55801
55834
55846
55849
55854
55859
55866
55870
55871
55876
55879
55912
55914
55915
55926
55935
55946
55951
55952
55965
55972
55981
55993
55994
56001
56003
56007
56033
56052
56057
56076
56080
56116
56137
56143
56149
56154
56178
56181
56190
56192
56207
56215
56218
56240
56251
56252
56256
56263
56272
56277
56280
56281
56284
56292
56302
56324
56326
56328
56331
56332
56341
56379
56412
56448
56457
56462
56487
56495
56534
56545
56555
56561
56564
56574
56577
56580
56587
56606
56608
56621
56624
56629
56648
56655
56656
56663
56676
56689
56701
56712
56718
56719
56727
56733
56746
56752
56756
56773
56785
56812
56813
56862
56878
56889
56905
56908
56917
56924
56927
56939
56957
56963
56977
56981
56986
56995
57000
57032
57043
57055
57057
57064
57070
57072
57079
57100
57125
57132
57151
57164
57168
57171
57173
57186
57187
57191
57207
57218
57235
57263
57272
57282
57294
57312
57316
57325
57332
57386
57391
57443
57448
57460
57461
57468
57474
57497
57503
57550
57555
57567
57571
57573
57576
57581
57600
57601
57623
57626
57638
57640
57641
57645
57653
57654
57699
57713
57737
57738
57746
57750
57756
57771
57788
57789
57793
57795
57796
57805
57806
57837
57866
57867
57921
57950
57959
57973
57999
58000
58017
58022
58029
58052
58101
58108
58122
58162
58172
58198
58203
58209
58220
58231
58236
58237
58238
58239
58242
58267
58273
58283
58291
58292
58296
58307
58308
58319
58320
58331
58338
58340
58364
58379
58393
58438
58450
58452
58454
58464
58477
58504
58524
58543
58553
58559
58561
58595
58606
58615
58618
58619
58657
58664
58665
58668
58670
58678
58699
58702
58707
58716
58726
58753
58757
58761
58767
58780
58783
58792
58793
58804
58813
58838
58857
58871
58874
58885
58908
58910
58917
58924
58926
58938
58957
58961
58981
58986
58998
59000
59024
59028
59037
59099
59107
59110
59117
59126
59134
59136
59137
59180
59181
59184
59188
59197
59212
59214
59217
59226
59236
59237
59242
59268
59286
59310
59320
59327
59342
59353
59363
59373
59378
59380
59383
59399
59407
59409
59435
59446
59496
59508
59523
59533
59539
59543
59555
59568
59591
59627
59629
59635
59636
59639
59651
59667
59696
59699
59703
59731
59745
59747
59748
59751
59759
59770
59798
59824
59831
59832
59842
59876
59882
59891
59896
59903
59916
59917
59943
59951
59968
59972
59980
59986
60000
60042
60054
60069
60086
60092
60093
60101
60106
60129
60132
60156
60158
60175
60181
60186
60191
60198
60199
60201
60202
60210
60211
60221
60226
60234
60241
60269
60272
60293
60310
60311
60322
60333
60353
60354
60366
60376
60382
60406
60408
60425
60463
60473
60480
60501
60508
60529
60539
60554
60555
60560
60573
60579
60587
60596
60601
60602
60610
60633
60634
60638
60640
60641
60656
60677
60692
60693
60721
60750
60754
60759
60761
60763
60769
60784
60789
60804
60811
60816
60827
60836
60837
60838
60847
60871
60880
60907
60911
60928
60945
60987
61001
61003
61014
61040
61066
61075
61088
61095
61104
61108
61122
61124
61133
61137
61139
61141
61179
61197
61206
61215
61223
61226
61227
61229
61236
61238
61242
61249
61270
61277
61292
61330
61362
61363
61364
61386
61394
61403
61411
61412
61440
61450
61451
61475
61479
61509
61519
61543
61563
61565
61571
61573
61610
61611
61616
61640
61653
61657
61662
61670
61677
61679
61682
61688
61703
61706
61717
61744
61754
61761
61768
61771
61787
61788
61790
61799
61835
61838
61847
61854
61858
61880
61926
61952
61972
61977
61980
61984
61986
62011
62022
62032
62066
62067
62069
62074
62081
62090
62093
62097
62108
62123
62147
62149
62152
62166
62180
62185
62193
62195
62210
62211
62214
62231
62242
62285
62295
62296
62297
62304
62309
62312
62318
62327
62332
62353
62375
62395
62400
62405
62408
62409
62428
62446
62447
62455
62468
62469
62471
62478
62485
62489
62490
62498
62513
62540
62550
62558
62561
62572
62574
62587
62593
62605
62612
62625
62629
62675
62685
62694
62697
62700
62714
62720
62724
62735
62761
62773
62783
62799
62807
62821
62846
62849
62858
62865
62887
62889
62892
62894
62898
62900
62921
62922
62930
62955
62967
62975
63008
63012
63013
63022
63034
63041
63049
63051
63055
63058
63080
63082
63090
63092
63100
63121
63134
63138
63156
63158
63178
63181
63189
63194
63215
63221
63225
63227
63231
63253
63255
63256
63273
63289
63292
63302
63305
63306
63319
63320
63335
63343
63363
63371
63390
63391
63393
63400
63409
63425
63428
63443
63445
63457
63462
63465
63477
63496
63499
63517
63524
63552
63561
63573
63589
63596
63599
63600
63620
63622
63625
63629
63634
63640
63644
63648
63652
63657
63670
63678
63709
63727
63732
63752
63767
63775
63782
63786
63791
63805
63814
63828
63829
63838
63841
63846
63849
63851
63854
63857
63863
63865
63891
63914
63918
63928
63936
63946
63965
63968
63969
63972
63979
63982
63984
63988
63991
64027
64033
64035
64040
64041
64046
64061
64066
64067
64113
64123
64124
64127
64145
64148
64153
64155
64158
64170
64187
64230
64231
64248
64280
64281
64285
64288
64290
64316
64329
64371
64375
64382
64388
64430
64438
64446
64449
64470
64471
64479
64499
64508
64523
64528
64541
64542
64548
64550
64563
64564
64565
64570
64581
64585
64589
64592
64595
64606
64610
64629
64636
64647
64664
64669
64677
64678
64699
64707
64715
64719
64736
64740
64750
64760
64765
64766
64769
64775
64790
64793
64795
64811
64814
64818
64827
64831
64853
64867
64893
64897
64903
64924
64937
64945
64974
64981
64988
65005
65028
65030
65036
65048
65053
65055
65062
65065
65087
65088
65129
65174
65175
65199
65227
65232
65281
65299
65308
65316
65320
65325
65328
65378
65379
65400
65404
65406
65425
65428
65444
65456
65469
65473
65474
65497
65501
65521
65533
65534
65563
65567
65597
65626
65642
65668
65669
65673
65684
65704
65705
65709
65729
65734
65735
65740
65743
65752
65761
65762
65765
65767
65770
65782
65813
65816
65833
65835
65836
65855
65870
65871
65881
65882
65887
65901
65908
65909
65920
65937
65950
65958
65960
65961
65970
65988
65995
65997
66006
66008
66016
66017
66023
66044
66051
66057
66059
66061
66075
66078
66084
66105
66111
66114
66158
66163
66175
66190
66194
66205
66207
66214
66217
66255
66268
66283
66326
66332
66351
66364
66372
66375
66382
66383
66391
66404
66410
66439
66443
66447
66461
66472
66499
66504
66506
66517
66531
66533
66581
66604
66612
66616
66619
66623
66626
66630
66631
66652
66662
66685
66712
66724
66730
66749
66757
66770
66776
66783
66799
66809
66810
66820
66822
66823
66824
66848
66862
66871
66879
66915
66918
66921
66941
66959
66962
66969
66995
66999
67000
67050
67058
67066
67068
67069
67076
67079
67085
67104
67128
67132
67171
67174
67208
67219
67245
67259
67297
67303
67304
67322
67333
67340
67342
67361
67362
67363
67366
67371
67413
67418
67434
67435
67449
67456
67475
67489
67513
67514
67527
67529
67547
67549
67558
67560
67587
67593
67599
67604
67609
67621
67635
67640
67667
67675
67681
67684
67698
67701
67703
67707
67715
67746
67755
67768
67804
67810
67826
67827
67829
67834
67837
67850
67852
67854
67894
67895
67915
67925
67928
67948
67950
67966
67968
67970
67987
67995
68006
68019
68029
68033
68044
68049
68058
68069
68076
68078
68081
68095
68116
68118
68133
68144
68157
68166
68176
68181
68190
68192
68201
68223
68229
68231
68254
68259
68276
68279
68298
68299
68307
68320
68338
68344
68345
68372
68379
68407
68417
68432
68436
68439
68486
68489
68493
68498
68516
68519
68558
68562
68563
68570
68586
68611
68615
68618
68628
68632
68639
68640
68642
68643
68654
68658
68666
68679
68680
68693
68696
68697
68714
68724
68745
68771
68799
68801
68804
68838
68839
68841
68850
68852
68853
68854
68857
68871
68882
68883
68894
68902
68905
68906
68912
68935
68941
68956
68960
68962
68968
68971
68974
68983
68987
68993
69005
69006
69008
69017
69038
69054
69056
69064
69066
69067
69074
69107
69142
69155
69167
69170
69184
69185
69190
69195
69209
69212
69219
69220
69245
69250
69259
69264
69270
69275
69277
69280
69293
69294
69301
69332
69341
69343
69349
69352
69364
69365
69366
69376
69388
69393
69395
69400
69407
69408
69423
69438
69440
69441
69479
69481
69485
69500
69504
69516
69534
69545
69557
69567
69574
69587
69591
69594
69596
69601
69617
69625
69627
69634
69675
69677
69684
69730
69732
69759
69767
69787
69792
69793
69795
69800
69807
69811
69827
69838
69851
69854
69889
69893
69899
69913
69923
69933
69934
69936
69940
69945
69949
69962
69969
69982
70014
70023
70063
70064
70065
70079
70088
70091
70093
70095
70133
70137
70146
70147
70155
70166
70171
70179
70188
70190
70224
70231
70240
70246
70247
70256
70272
70334
70341
70344
70366
70376
70382
70399
70413
70429
70436
70455
70464
70480
70482
70488
70494
70497
70508
70509
70511
70521
70524
70548
70552
70554
70568
70569
70570
70579
70580
70586
70600
70601
70617
70630
70640
70662
70668
70671
70701
70709
70712
70715
70719
70726
70749
70753
70760
70764
70768
70777
70784
70797
70804
70805
70808
70814
70835
70846
70851
70890
70894
70897
70903
70911
70921
70940
70950
70952
70965
70971
70979
70994
71004
71010
71018
71024
71031
71036
71037
71039
71043
71045
71050
71051
71061
71066
71079
71084
71116
71117
71133
71159
71172
71177
71178
71188
71214
71215
71222
71225
71231
71257
71263
71276
71291
71296
71306
71320
71326
71330
71348
71353
71357
71360
71370
71374
71380
71381
71383
71389
71392
71397
71425
71461
71471
71478
71495
71508
71509
71526
71527
71528
71544
71557
71558
71563
71580
71584
71588
71605
71610
71611
71638
71705
71716
71732
71750
71751
71773
71785
71792
71795
71800
71813
71817
71823
71838
71884
71900
71912
71946
71959
71981
71988
72006
72040
72051
72070
72076
72098
72101
72121
72135
72140
72143
72152
72158
72163
72167
72169
72171
72196
72220
72243
72246
72251
72265
72275
72278
72287
72300
72310
72316
72322
72342
72359
72377
72398
72408
72409
72415
72444
72450
72467
72471
72472
72483
72498
72500
72503
72507
72518
72531
72533
72542
72544
72546
72553
72558
72561
72580
72587
72607
72615
72621
72624
72649
72651
72680
72693
72705
72736
72744
72766
72773
72783
72797
72802
72809
72810
72812
72818
72832
72861
72868
72874
72899
72973
72975
72987
72992
73005
73012
73019
73031
73039
73061
73074
73079
73105
73135
73141
73142
73152
73164
73166
73196
73204
73209
73213
73218
73230
73234
73257
73268
73270
73274
73276
73281
73289
73302
73318
73320
73322
73323
73339
73342
73344
73364
73365
73366
73367
73368
73374
73375
73391
73400
73411
73425
73426
73432
73466
73468
73471
73480
73485
73495
73504
73508
73534
73545
73551
73556
73573
73600
73603
73604
73608
73619
73620
73622
73629
73631
73642
73661
73662
73679
73687
73692
73701
73722
73743
73747
73770
73797
73808
73843
73874
73884
73887
73899
73906
73921
73950
73963
73967
73970
73975
73980
73983
73986
73989
73994
73998
74008
74013
74032
74047
74051
74066
74070
74079
74093
74094
74097
74114
74116
74123
74132
74138
74154
74156
74162
74169
74189
74192
74196
74198
74212
74235
74244
74263
74265
74275
74282
74295
74298
74310
74314
74317
74320
74337
74340
74354
74376
74381
74386
74399
74411
74420
74424
74449
74458
74461
74463
74487
74499
74502
74513
74533
74548
74580
74604
74615
74617
74633
74652
74653
74654
74663
74664
74671
74691
74707
74712
74713
74714
74715
74725
74735
74747
74775
74778
74783
74789
74794
74799
74810
74833
74835
74850
74891
74894
74897
74899
74921
74926
74939
74959
74983
75003
75017
75018
75031
75042
75046
75048
75088
75108
75110
75112
75122
75126
75145
75158
75162
75181
75191
75193
75199
75213
75222
75230
75233
75235
75242
75249
75256
75284
75307
75308
75311
75314
75329
75331
75340
75350
75355
75366
75369
75402
75413
75428
75429
75434
75446
75456
75458
75459
75462
75471
75483
75490
75502
75514
75518
75519
75520
75525
75540
75554
75558
75559
75560
75572
75573
75577
75582
75584
75594
75601
75627
75630
75641
75652
75661
75668
75687
75690
75691
75716
75718
75720
75721
75728
75729
75739
75740
75752
75774
75781
75790
75815
75818
75825
75828
75845
75846
75866
75869
75887
75889
75891
75898
75908
75909
75916
75918
75922
75942
75946
75951
75982
75993
75994
76016
76021
76024
76032
76050
76053
76055
76068
76075
76085
76091
76095
76106
76111
76129
76175
76182
76187
76198
76206
76210
76212
76223
76226
76238
76242
76244
76255
76256
76268
76285
76295
76323
76327
76333
76342
76347
76356
76363
76377
76410
76416
76419
76431
76436
76451
76452
76479
76489
76535
76539
76551
76560
76588
76599
76600
76609
76618
76619
76632
76641
76646
76654
76658
76659
76663
76668
76673
76674
76683
76688
76689
76690
76697
76699
76707
76711
76727
76732
76745
76755
76756
76770
76780
76783
76784
76788
76795
76807
76831
76834
76835
76848
76856
76874
76877
76879
76885
76902
76920
76924
76930
76932
76938
76961
76971
76979
76982
76993
76995
77007
77023
77025
77033
77034
77037
77092
77096
77100
77106
77163
77166
77169
77181
77200
77204
77212
77213
77242
77244
77248
77270
77274
77276
77292
77326
77327
77332
77352
77355
77366
77368
77377
77381
77394
77396
77413
77417
77422
77447
77457
77464
77475
77481
77492
77501
77511
77515
77522
77523
77544
77556
77611
77612
77623
77625
77645
77657
77671
77673
77676
77683
77714
77717
77720
77723
77772
77801
77806
77819
77836
77849
77893
77900
77927
77933
77946
77951
77974
77977
78052
78083
78102
78108
78109
78118
78131
78141
78175
78177
78179
78186
78192
78197
78218
78230
78233
78238
78282
78291
78306
78314
78323
78339
78353
78359
78371
78383
78393
78405
78440
78442
78458
78459
78460
78463
78470
78487
78496
78505
78509
78549
78552
78574
78583
78584
78586
78598
78614
78618
78623
78631
78632
78660
78670
78674
78678
78679
78680
78683
78688
78737
78764
78797
78802
78818
78824
78828
78844
78869
78898
78909
78914
78916
78935
78952
78953
78963
78964
78965
78973
78981
78994
78998
79016
79032
79042
79056
79063
79070
79071
79080
79103
79129
79131
79134
79141
79162
79169
79176
79182
79224
79228
79236
79238
79241
79242
79252
79255
79272
79277
79283
79286
79289
79298
79305
79321
79332
79341
79356
79368
79377
79398
79403
79411
79447
79449
79451
79453
79454
79458
79459
79461
79474
79477
79482
79487
79490
79505
79518
79522
79532
79533
79554
79577
79584
79590
79604
79607
79611
79624
79626
79638
79642
79650
79667
79671
79680
79682
79708
79710
79721
79724
79726
79728
79737
79740
79747
79782
79796
79815
79833
79835
79843
79855
79861
79871
79892
79898
79910
79928
79932
79958
79961
79965
79972
79978
79992
80015
80029
80030
80043
80056
80072
80079
80089
80119
80120
80127
80154
80160
80165
80172
80174
80179
80192
80196
80213
80227
80229
80231
80242
80244
80246
80252
80255
80263
80264
80265
80271
80275
80281
80282
80289
80294
80296
80300
80304
80312
80319
80323
80329
80339
80340
80348
80360
80385
80393
80418
80420
80422
80444
80450
80456
80463
80465
80477
80478
80480
80497
80503
80522
80526
80540
80553
80560
80566
80569
80572
80574
80582
80587
80588
80589
80608
80619
80622
80624
80638
80654
80655
80658
80668
80676
80678
80690
80698
80704
80707
80713
80727
80733
80763
80774
80788
80793
80811
80817
80824
80830
80831
80833
80839
80846
80852
80856
80860
80867
80870
80892
80913
80932
80933
80941
80953
80955
80960
80973
80978
81000
81007
81010
81050
81063
81068
81092
81112
81113
81142
81150
81159
81161
81167
81173
81178
81180
81196
81202
81203
81210
81220
81234
81273
81274
81276
81278
81279
81281
81284
81285
81288
81289
81299
81307
81329
81332
81335
81342
81357
81362
81363
81371
81386
81395
81417
81423
81429
81432
81437
81439
81484
81493
81501
81506
81507
81508
81524
81531
81532
81535
81549
81555
81557
81567
81574
81575
81576
81580
81590
81600
81623
81632
81633
81636
81672
81689
81692
81698
81706
81709
81710
81720
81745
81746
81749
81758
81763
81782
81808
81850
81852
81864
81868
81880
81882
81884
81902
81908
81916
81919
81930
81944
81949
81958
81963
81971
81974
81983
82011
82041
82049
82066
82069
82081
82092
82100
82103
82104
82112
82134
82138
82143
82170
82184
82192
82194
82198
82223
82236
82249
82253
82256
82257
82258
82264
82265
82334
82339
82341
82345
82360
82372
82377
82398
82419
82421
82451
82471
82475
82476
82485
82495
82505
82517
82521
82543
82546
82547
82554
82559
82562
82570
82590
82603
82609
82622
82631
82633
82637
82652
82657
82675
82677
82686
82720
82732
82734
82737
82739
82760
82772
82787
82794
82805
82808
82810
82811
82873
82907
82936
82967
82995
82996
83020
83034
83038
83042
83046
83048
83055
83075
83076
83099
83110
83146
83164
83171
83175
83176
83186
83200
83201
83271
83275
83295
83296
83308
83310
83319
83330
83333
83350
83355
83372
83382
83395
83401
83406
83419
83420
83426
83429
83439
83440
83458
83466
83470
83475
83478
83483
83498
83514
83523
83528
83529
83531
83538
83553
83561
83573
83577
83590
83591
83605
83606
83621
83622
83628
83637
83654
83659
83665
83668
83671
83674
83678
83680
83684
83686
83688
83722
83737
83759
83770
83793
83800
83818
83826
83848
83883
83886
83887
83888
83889
83892
83914
83924
83925
83937
83940
83945
83955
83957
83964
83973
83975
83985
83986
83987
84014
84023
84049
84058
84061
84072
84080
84090
84117
84120
84127
84137
84149
84166
84167
84170
84192
84194
84196
84197
84204
84213
84215
84218
84236
84241
84249
84256
84258
84267
84272
84273
84278
84302
84304
84305
84309
84334
84338
84343
84344
84359
84360
84377
84384
84391
84396
84402
84408
84416
84429
84432
84471
84499
84501
84513
84514
84520
84528
84536
84542
84543
84553
84557
84586
84588
84603
84610
84616
84638
84655
84672
84686
84693
84711
84716
84729
84734
84743
84744
84748
84755
84757
84765
84771
84773
84789
84809
84815
84824
84825
84828
84858
84875
84879
84885
84886
84907
84955
84986
84997
84999
85000
85003
85014
85015
85017
85027
85029
85030
85053
85085
85086
85099
85112
85116
85118
85141
85142
85153
85155
85159
85174
85184
85213
85214
85220
85235
85239
85240
85251
85253
85254
85259
85270
85281
85283
85285
85297
85307
85315
85340
85359
85374
85375
85382
85384
85391
85397
85400
85411
85470
85482
85493
85497
85510
85514
85530
85545
85558
85567
85596
85601
85622
85639
85640
85647
85672
85677
85690
85693
85694
85701
85711
85722
85729
85730
85741
85748
85767
85781
85788
85792
85795
85799
85802
85821
85824
85825
85844
85855
85859
85869
85892
85898
85906
85910
85919
85921
85925
85938
85955
85963
85970
85971
85983
85987
86028
86029
86032
86045
86052
86060
86067
86069
86092
86102
86124
86133
86148
86157
86168
86174
86176
86180
86184
86218
86245
86249
86260
86263
86293
86320
86328
86332
86350
86364
86365
86379
86381
86382
86407
86435
86442
86444
86445
86470
86514
86518
86520
86548
86553
86554
86558
86560
86566
86568
86575
86576
86577
86582
86595
86612
86616
86639
86647
86661
86697
86699
86709
86710
86721
86737
86749
86755
86776
86813
86825
86830
86831
86836
86838
86846
86876
86902
86904
86908
86911
86941
86952
86978
86981
86989
87034
87042
87062
87080
87125
87131
87133
87142
87163
87165
87184
87187
87197
87213
87240
87246
87262
87278
87285
87288
87312
87314
87322
87328
87329
87343
87351
87353
87367
87378
87391
87396
87397
87423
87449
87459
87465
87495
87503
87508
87517
87526
87538
87543
87544
87568
87582
87591
87592
87606
87607
87608
87609
87617
87618
87641
87644
87661
87662
87678
87710
87723
87736
87751
87753
87755
87775
87794
87796
87799
87860
87868
87877
87882
87903
87913
87920
87941
87949
87951
87956
87982
87986
87987
87988
88047
88072
88084
88102
88106
88107
88110
88132
88158
88162
88187
88198
88199
88206
88240
88248
88263
88279
88287
88294
88299
88304
88313
88325
88335
88336
88344
88355
88360
88369
88370
88373
88386
88400
88404
88421
88442
88454
88459
88461
88462
88463
88467
88469
88476
88485
88490
88497
88505
88506
88519
88547
88548
88549
88553
88556
88558
88562
88565
88577
88580
88617
88618
88639
88644
88650
88651
88662
88670
88676
88680
88711
88718
88720
88723
88731
88763
88766
88776
88777
88787
88790
88808
88844
88855
88856
88868
88873
88888
88916
88923
88937
88940
88984
88991
88995
89006
89014
89019
89045
89046
89055
89075
89084
89092
89094
89099
89110
89112
89119
89120
89125
89130
89147
89157
89170
89179
89190
89234
89240
89241
89255
89273
89276
89281
89301
89302
89323
89326
89331
89358
89379
89381
89386
89391
89393
89399
89403
89407
89418
89422
89423
89447
89453
89471
89482
89485
89491
89493
89511
89516
89521
89551
89569
89592
89603
89614
89624
89630
89641
89651
89660
89665
89670
89671
89672
89674
89681
89689
89721
89726
89732
89733
89738
89742
89747
89754
89755
89780
89826
89829
89842
89846
89882
89891
89911
89914
89922
89924
89942
89946
89960
89966
89970
89986
90007
90010
90013
90020
90022
90024
90041
90043
90044
90074
90109
90113
90121
90144
90158
90214
90229
90247
90250
90265
90274
90315
90327
90330
90334
90335
90338
90345
90347
90348
90378
90394
90406
90408
90437
90443
90466
90480
90484
90486
90495
90498
90522
90523
90528
90549
90550
90560
90574
90582
90594
90598
90609
90610
90618
90632
90637
90643
90647
90661
90674
90685
90729
90735
90741
90746
90758
90784
90819
90823
90862
90885
90898
90903
90946
90954
90970
90987
91007
91025
91031
91050
91060
91076
91104
91105
91110
91116
91119
91121
91123
91143
91145
91146
91169
91213
91221
91224
91251
91258
91266
91278
91312
91322
91348
91373
91388
91395
91430
91439
91442
91457
91458
91460
91488
91495
91496
91523
91561
91567
91580
91597
91618
91620
91624
91628
91644
91662
91669
91670
91703
91712
91722
91728
91731
91735
91740
91741
91760
91777
91808
91820
91840
91860
91868
91869
91878
91887
91897
91919
91920
91921
91925
91930
91954
91958
91968
91974
91993
92002
92003
92017
92021
92033
92046
92050
92051
92060
92117
92118
92152
92154
92155
92166
92191
92193
92233
92245
92252
92254
92256
92271
92275
92288
92294
92295
92303
92334
92340
92342
92343
92346
92370
92373
92376
92389
92413
92424
92433
92447
92448
92465
92467
92479
92483
92485
92500
92521
92540
92565
92599
92616
92629
92633
92647
92648
92657
92660
92676
92679
92694
92707
92723
92734
92748
92749
92778
92784
92810
92818
92825
92837
92841
92858
92876
92891
92892
92896
92898
92905
92911
92920
92936
92938
92939
92953
92980
92982
92986
92990
92994
92998
93015
93019
93033
93039
93049
93067
93075
93076
93095
93107
93113
93141
93143
93169
93183
93185
93193
93201
93214
93231
93241
93255
93256
93260
93268
93273
93276
93295
93315
93321
93327
93372
93375
93381
93385
93394
93396
93397
93400
93404
93420
93426
93427
93429
93447
93449
93453
93504
93506
93517
93532
93533
93534
93538
93539
93547
93573
93574
93591
93613
93614
93617
93628
93637
93645
93655
93679
93691
93715
93722
93737
93748
93763
93767
93773
93807
93819
93829
93842
93874
93903
93906
93907
93913
93917
93929
93939
93963
93975
93985
94018
94030
94035
94066
94069
94092
94094
94096
94098
94100
94105
94113
94117
94119
94134
94137
94142
94143
94171
94184
94192
94199
94209
94218
94221
94228
94231
94234
94245
94256
94266
94293
94294
94302
94329
94339
94343
94346
94356
94363
94369
94377
94393
94395
94409
94418
94428
94439
94452
94453
94454
94466
94476
94482
94484
94503
94521
94527
94533
94547
94551
94553
94562
94564
94576
94579
94586
94605
94643
94650
94652
94654
94664
94691
94710
94712
94720
94723
94724
94737
94759
94782
94796
94807
94829
94840
94844
94869
94878
94881
94889
94944
94953
94962
94978
94997
94999
95001
95016
95020
95026
95033
95042
95059
95062
95064
95077
95090
95091
95094
95141
95143
95153
95157
95168
95169
95177
95178
95179
95186
95196
95197
95215
95238
95239
95252
95253
95257
95261
95265
95269
95282
95308
95316
95337
95338
95340
95343
95353
95357
95360
95362
95364
95400
95417
95427
95445
95457
95479
95513
95538
95551
95565
95568
95573
95575
95620
95621
95623
95663
95665
95666
95668
95677
95688
95689
95690
95704
95749
95755
95765
95775
95777
95782
95804
95806
95814
95820
95834
95838
95843
95844
95852
95869
95874
95896
95915
95921
95940
95944
95949
95958
95959
95965
95973
95982
95994
95997
96000
96010
96019
96025
96032
96038
96043
96047
96092
96098
96105
96106
96133
96134
96143
96146
96155
96165
96175
96198
96203
96204
96208
96216
96241
96251
96263
96271
96280
96284
96294
96300
96318
96319
96320
96323
96342
96351
96358
96359
96362
96371
96374
96377
96384
96392
96411
96423
96431
96440
96446
96455
96462
96465
96469
96481
96483
96485
96495
96497
96500
96503
96506
96518
96538
96539
96545
96547
96549
96550
96551
96556
96560
96568
96572
96581
96589
96593
96594
96595
96604
96607
96618
96632
96640
96650
96653
96660
96663
96668
96677
96679
96694
96723
96735
96739
96782
96804
96824
96837
96852
96862
96869
96871
96884
96894
96897
96908
96909
96953
96972
96974
96981
96987
96990
96991
96999
97009
97019
97027
97035
97037
97043
97045
97063
97067
97075
97081
97088
97103
97111
97142
97150
97157
97159
97161
97173
97185
97197
97208
97215
97235
97240
97241
97246
97248
97255
97259
97272
97277
97297
97305
97332
97336
97348
97370
97393
97400
97402
97408
97432
97443
97444
97460
97462
97464
97468
97482
97488
97497
97500
97517
97525
97531
97550
97553
97554
97614
97615
97619
97621
97627
97642
97644
97648
97660
97662
97680
97683
97702
97717
97726
97737
97739
97750
97766
97775
97778
97791
97796
97801
97832
97839
97840
97844
97865
97866
97877
97878
97881
97898
97922
97941
97955
97962
97963
97965
97970
97991
97996
97998
98028
98032
98033
98056
98061
98063
98064
98076
98080
98086
98092
98110
98136
98144
98146
98167
98170
98179
98183
98187
98205
98211
98246
98250
98253
98257
98269
98304
98312
98314
98342
98413
98456
98466
98475
98484
98488
98492
98525
98527
98535
98554
98556
98559
98560
98566
98574
98585
98594
98607
98634
98656
98667
98697
98715
98733
98740
98745
98758
98770
98801
98802
98807
98814
98815
98818
98828
98833
98836
98871
98879
98880
98927
98931
98934
98945
98948
98949
98950
98952
98961
98980
98983
98984
99003
99016
99035
99052
99054
99068
99075
99083
99088
99092
99114
99173
99178
99183
99202
99212
99225
99241
99243
99249
99264
99269
99273
99300
99301
99321
99322
99337
99353
99358
99374
99385
99395
99424
99427
99465
99466
99489
99494
99497
99503
99525
99530
99543
99569
99577
99591
99610
99619
99625
99646
99647
99652
99653
99659
99674
99676
99685
99688
99703
99709
99712
99731
99752
99759
99761
99806
99810
99817
99835
99841
99871
99873
99877
99878
99921
99938
99940
99974
99986
100000
