21
23
58
75
89
96
97
99
105
133
148
159
175
176
204
210
211
219
220
242
250
257
266
269
283
334
377
394
436
439
460
462
465
512
546
551
574
589
596
625
630
637
639
642
666
678
681
687
696
725
735
767
771
780
786
792
814
816
826
829
832
852
859
901
907
909
919
930
958
967
975
1005
1009
1028
1030
1044
1045
1072
1149
1152
1175
1198
1205
1215
1221
1245
1253
1265
1290
1292
1295
1299
1305
1312
1315
1327
1336
1338
1343
1358
1359
1385
1388
1408
1424
1425
1429
1437
1447
1473
1474
1478
1511
1519
1521
1527
1537
1549
1568
1591
1594
1597
1628
1643
1649
1694
1698
1709
1722
1731
1736
1742
1747
1758
1785
1822
1823
1825
1840
1847
1865
1871
1880
1888
1893
1921
1942
1946
1953
1957
1963
1966
1986
1987
1993
1994
1996
1999
2014
2016
2038
2047
2051
2052
2056
2063
2077
2090
2114
2126
2148
2151
2160
2179
2244
2266
2294
2297
2299
2306
2309
2311
2318
2325
2326
2341
2415
2421
2444
2449
2457
2478
2484
2487
2495
2496
2503
2521
2531
2562
2571
2576
2586
2612
2635
2642
2644
2645
2646
2656
2657
2658
2659
2663
2711
2713
2722
2735
2748
2758
2773
2777
2780
2782
2792
2808
2816
2827
2838
2861
2868
2886
2892
2916
2924
2931
2934
2962
2964
2966
2979
2987
3003
3011
3033
3095
3103
3121
3129
3158
3163
3168
3175
3176
3183
3224
3231
3247
3253
3259
3261
3273
3284
3292
3299
3304
3309
3332
3339
3379
3394
3400
3415
3418
3425
3428
3475
3476
3485
3486
3514
3519
3520
3523
3525
3539
3548
3549
3556
3584
3586
3597
3598
3604
3613
3640
3644
3660
3693
3696
3705
3733
3739
3769
3776
3784
3787
3793
3815
3844
3860
3874
3876
3879
3905
3924
3926
3941
3955
3956
3962
3963
3976
3994
3997
3998
4011
4014
4025
4026
4034
4042
4056
4060
4078
4101
4113
4117
4128
4142
4145
4163
4172
4187
4197
4231
4238
4256
4285
4287
4293
4298
4299
4302
4307
4309
4317
4325
4347
4375
4393
4394
4410
4432
4456
4457
4468
4473
4484
4510
4511
4514
4519
4525
4537
4542
4546
4555
4560
4573
4590
4593
4595
4599
4600
4612
4620
4624
4627
4659
4662
4687
4716
4745
4750
4756
4768
4769
4773
4789
4805
4806
4819
4860
4871
4889
4919
4922
4923
4933
4943
4948
4958
4971
4990
5007
5011
5019
5039
5064
5066
5067
5078
5107
5132
5189
5205
5219
5244
5248
5252
5260
5270
5280
5349
5358
5369
5380
5397
5398
5399
5426
5455
5478
5479
5489
5493
5513
5526
5539
5576
5579
5609
5610
5635
5685
5698
5699
5702
5721
5733
5758
5763
5766
5773
5839
5845
5873
5878
5879
5880
5898
5910
5937
5953
5957
5958
5959
5965
5971
5993
6024
6039
6041
6060
6061
6065
6069
6096
6099
6106
6107
6121
6122
6129
6136
6153
6155
6156
6176
6178
6208
6221
6222
6224
6249
6271
6279
6288
6293
6305
6317
6332
6337
6352
6383
6391
6392
6398
6407
6410
6417
6447
6448
6450
6457
6463
6466
6473
6492
6547
6556
6571
6572
6597
6599
6609
6613
6635
6699
6700
6703
6708
6709
6711
6728
6729
6730
6740
6758
6789
6803
6805
6809
6810
6820
6831
6838
6917
6925
6931
6933
6935
6940
6944
6949
6972
6981
7008
7015
7018
7028
7043
7044
7045
7049
7053
7064
7083
7089
7091
7100
7116
7131
7142
7161
7171
7178
7194
7199
7240
7260
7266
7271
7277
7281
7301
7314
7334
7353
7354
7368
7382
7386
7389
7403
7414
7432
7471
7474
7483
7494
7516
7517
7533
7557
7589
7593
7631
7637
7672
7688
7715
7724
7739
7758
7783
7800
7829
7844
7862
7866
7874
7883
7898
7900
7903
7904
7909
7926
7930
7946
7983
7995
7996
7997
8003
8051
8060
8071
8072
8090
8092
8093
8100
8103
8116
8121
8124
8125
8127
8172
8183
8191
8198
8199
8202
8208
8223
8228
8245
8266
8291
8300
8322
8329
8339
8345
8346
8350
8353
8358
8360
8386
8394
8398
8401
8407
8449
8455
8491
8492
8494
8544
8547
8556
8598
8602
8625
8626
8631
8638
8642
8643
8649
8652
8657
8662
8668
8676
8700
8703
8705
8709
8713
8719
8721
8723
8730
8736
8743
8780
8787
8790
8793
8824
8850
8861
8866
8871
8875
8887
8918
8931
8934
8947
8978
8999
9010
9014
9024
9026
9037
9038
9052
9067
9068
9073
9081
9089
9093
9108
9116
9118
9124
9131
9143
9151
9170
9182
9200
9203
9208
9209
9221
9226
9229
9231
9237
9246
9252
9254
9259
9268
9308
9310
9318
9319
9321
9333
9351
9365
9378
9388
9396
9408
9409
9445
9457
9459
9464
9468
9472
9486
9487
9522
9523
9524
9525
9527
9531
9532
9536
9568
9578
9596
9605
9630
9657
9666
9670
9691
9707
9720
9744
9749
9764
9776
9783
9804
9812
9818
9828
9850
9853
9856
9857
9860
9865
9870
9901
9923
9944
9952
9970
9990
9999
10026
10027
10060
10070
10095
10103
10106
10115
10119
10125
10136
10155
10170
10173
10178
10183
10203
10238
10241
10242
10246
10251
10255
10262
10277
10297
10325
10334
10344
10347
10350
10385
10399
10404
10406
10408
10414
10419
10437
10488
10517
10525
10528
10529
10558
10579
10584
10596
10597
10608
10626
10635
10656
10670
10680
10696
10703
10708
10711
10717
10719
10749
10754
10756
10762
10773
10780
10783
10808
10838
10881
10884
10887
10893
10895
10914
10916
10930
10941
11008
11027
11055
11082
11090
11096
11105
11119
11134
11135
11146
11185
11190
11213
11231
11255
11260
11268
11280
11304
11327
11332
11335
11337
11350
11372
11379
11398
11413
11418
11431
11434
11455
11459
11475
11476
11479
11485
11487
11513
11538
11549
11570
11573
11577
11586
11620
11627
11630
11666
11680
11686
11693
11694
11716
11765
11768
11798
11812
11813
11830
11908
11915
11924
11927
11949
11962
11967
11980
11983
11988
11993
12008
12018
12024
12025
12039
12071
12092
12097
12102
12106
12136
12190
12204
12238
12244
12245
12246
12255
12264
12270
12276
12285
12302
12305
12311
12321
12335
12337
12346
12366
12412
12431
12441
12448
12462
12517
12532
12544
12548
12557
12565
12569
12590
12603
12606
12629
12633
12634
12645
12657
12667
12668
12680
12686
12698
12706
12712
12717
12726
12727
12736
12744
12749
12753
12760
12763
12766
12776
12782
12788
12792
12796
12798
12811
12837
12838
12845
12898
12904
12910
12929
12932
12939
12950
12974
12985
12987
12993
13029
13050
13066
13072
13084
13099
13104
13176
13191
13196
13210
13213
13222
13226
13232
13250
13260
13274
13286
13295
13296
13298
13317
13325
13359
13372
13390
13406
13417
13422
13440
13441
13444
13445
13461
13463
13492
13498
13501
13517
13526
13527
13532
13536
13545
13561
13572
13573
13596
13600
13629
13638
13639
13664
13681
13682
13685
13686
13716
13725
13736
13742
13751
13765
13776
13782
13803
13811
13812
13819
13820
13837
13844
13858
13863
13898
13905
13920
13935
13940
13946
13952
13954
13964
13993
14005
14010
14013
14020
14042
14043
14069
14084
14087
14092
14098
14099
14104
14111
14112
14114
14120
14122
14123
14158
14176
14188
14189
14191
14207
14225
14230
14242
14248
14262
14265
14283
14291
14292
14295
14296
14304
14339
14358
14364
14375
14385
14390
14399
14424
14440
14453
14454
14483
14484
14518
14528
14560
14575
14618
14649
14662
14677
14685
14696
14733
14739
14743
14745
14748
14750
14774
14777
14780
14782
14794
14797
14803
14804
14814
14816
14827
14833
14839
14851
14864
14870
14905
14908
14915
14921
14935
14952
14982
14990
15016
15024
15034
15037
15038
15053
15063
15072
15075
15086
15107
15110
15146
15149
15151
15153
15155
15156
15161
15165
15177
15178
15179
15181
15182
15191
15229
15231
15243
15244
15245
15251
15262
15303
15311
15312
15316
15330
15341
15363
15376
15443
15465
15482
15487
15497
15498
15502
15505
15523
15533
15550
15558
15571
15572
15576
15582
15587
15612
15617
15620
15622
15623
15630
15648
15664
15667
15674
15682
15688
15728
15734
15750
15752
15774
15793
15799
15822
15829
15831
15853
15857
15865
15886
15889
15912
15942
15943
15945
15968
15981
15984
15985
15988
15991
16008
16011
16014
16019
16030
16053
16076
16079
16083
16090
16094
16100
16113
16121
16132
16147
16160
16171
16179
16191
16201
16204
16207
16208
16213
16214
16241
16257
16269
16289
16295
16300
16322
16324
16329
16337
16341
16355
16396
16406
16418
16439
16440
16472
16504
16524
16526
16536
16542
16558
16561
16584
16601
16612
16613
16615
16632
16666
16684
16685
16721
16740
16758
16765
16785
16792
16793
16813
16831
16834
16837
16839
16843
16849
16862
16863
16867
16874
16883
16891
16899
16906
16909
16910
16913
16918
16925
16926
16946
16958
16962
16982
17046
17047
17091
17098
17120
17138
17144
17182
17187
17207
17209
17215
17219
17255
17258
17261
17269
17271
17279
17296
17314
17316
17320
17327
17343
17350
17355
17374
17378
17385
17389
17391
17424
17442
17466
17468
17481
17496
17530
17535
17549
17557
17563
17600
17622
17638
17705
17708
17744
17776
17803
17806
17828
17832
17836
17842
17844
17851
17853
17891
17897
17937
17945
17953
17968
17972
17977
17990
17993
18004
18007
18029
18037
18056
18108
18112
18118
18145
18146
18153
18154
18157
18175
18187
18189
18204
18208
18211
18220
18223
18232
18248
18262
18278
18302
18306
18317
18320
18334
18338
18343
18347
18352
18377
18411
18431
18447
18481
18491
18500
18508
18529
18557
18562
18573
18575
18582
18586
18588
18595
18606
18609
18615
18618
18638
18639
18657
18665
18684
18698
18703
18725
18732
18740
18760
18774
18799
18801
18827
18834
18835
18839
18857
18879
18944
18957
18968
18977
19052
19053
19062
19103
19119
19127
19136
19140
19142
19167
19207
19228
19248
19268
19277
19315
19331
19362
19369
19378
19403
19407
19412
19451
19477
19480
19484
19510
19512
19514
19531
19543
19554
19565
19585
19591
19615
19659
19682
19696
19701
19710
19722
19728
19737
19738
19744
19746
19787
19804
19805
19808
19817
19819
19824
19833
19892
19895
19898
19908
19940
19954
20002
20015
20028
20053
20078
20096
20132
20143
20156
20165
20177
20204
20206
20213
20220
20234
20246
20258
20261
20266
20269
20274
20278
20320
20327
20328
20348
20351
20377
20389
20444
20449
20453
20477
20507
20510
20526
20570
20582
20591
20598
20621
20627
20641
20651
20661
20673
20675
20683
20686
20693
20694
20697
20703
20716
20725
20732
20738
20777
20793
20796
20803
20804
20815
20831
20835
20848
20851
20861
20872
20880
20881
20888
20894
20895
20904
20987
20991
20993
21003
21004
21011
21016
21036
21045
21073
21103
21112
21115
21121
21132
21136
21150
21176
21187
21189
21190
21198
21200
21213
21214
21221
21246
21263
21264
21269
21274
21290
21291
21293
21303
21319
21334
21338
21356
21384
21386
21393
21394
21413
21440
21452
21453
21459
21465
21480
21488
21500
21540
21543
21550
21551
21556
21570
21574
21579
21582
21586
21595
21597
21600
21616
21623
21648
21652
21663
21700
21708
21710
21712
21718
21722
21725
21752
21787
21789
21790
21796
21799
21809
21812
21825
21828
21830
21850
21862
21871
21876
21878
21897
21909
21918
21921
21931
21941
21954
21981
21988
22014
22016
22028
22048
22078
22081
22087
22092
22097
22098
22099
22114
22129
22130
22132
22136
22145
22150
22157
22160
22163
22167
22168
22169
22175
22237
22266
22288
22300
22320
22324
22334
22344
22351
22355
22357
22361
22365
22391
22393
22403
22426
22435
22438
22449
22454
22470
22485
22486
22498
22506
22513
22544
22559
22561
22570
22583
22599
22602
22609
22621
22627
22648
22650
22667
22697
22703
22709
22711
22724
22744
22771
22782
22786
22809
22820
22829
22857
22907
22910
22925
22926
22933
22938
22956
22966
22980
23005
23033
23063
23065
23069
23077
23083
23090
23091
23093
23095
23099
23126
23152
23155
23180
23186
23198
23200
23211
23214
23217
23233
23260
23287
23300
23301
23348
23365
23371
23374
23377
23382
23384
23403
23404
23416
23418
23430
23454
23468
23474
23492
23501
23528
23535
23541
23577
23603
23607
23609
23611
23616
23637
23638
23644
23649
23663
23674
23718
23739
23757
23768
23769
23775
23781
23782
23810
23813
23838
23871
23872
23878
23887
23904
23928
23931
23939
23961
23978
23990
24011
24025
24027
24045
24048
24050
24058
24074
24076
24093
24133
24144
24151
24162
24197
24202
24216
24256
24273
24310
24322
24336
24338
24343
24348
24356
24358
24368
24396
24400
24405
24408
24426
24453
24461
24468
24472
24481
24485
24503
24515
24536
24557
24569
24585
24586
24591
24593
24605
24610
24622
24632
24642
24646
24666
24674
24679
24684
24712
24728
24750
24756
24771
24793
24805
24813
24818
24823
24825
24855
24859
24865
24866
24868
24884
24892
24905
24907
24915
24916
24918
24928
24933
24942
24963
24964
24976
24997
25003
25007
25015
25024
25041
25067
25069
25079
25081
25100
25126
25133
25134
25142
25145
25162
25172
25178
25185
25203
25204
25208
25225
25230
25236
25241
25243
25265
25274
25285
25291
25292
25320
25324
25332
25338
25358
25360
25362
25364
25365
25377
25382
25383
25388
25390
25408
25414
25422
25426
25432
25434
25442
25450
25453
25466
25482
25487
25500
25545
25551
25552
25560
25575
25577
25589
25608
25616
25620
25641
25666
25674
25684
25710
25714
25731
25746
25761
25770
25774
25782
25790
25791
25799
25807
25814
25817
25831
25839
25856
25882
25895
25911
25912
25919
25924
25931
25932
25962
26011
26056
26089
26096
26108
26118
26127
26128
26134
26146
26191
26198
26203
26205
26214
26222
26235
26239
26250
26272
26309
26317
26324
26325
26333
26334
26342
26345
26367
26384
26421
26423
26428
26432
26466
26468
26494
26514
26515
26528
26563
26568
26573
26583
26588
26592
26599
26604
26622
26631
26633
26634
26648
26669
26671
26676
26684
26689
26699
26721
26724
26727
26742
26761
26782
26785
26787
26803
26805
26836
26842
26844
26846
26852
26853
26855
26864
26874
26878
26895
26921
26932
26953
26956
26969
26983
26990
26995
27002
27003
27012
27015
27018
27022
27032
27043
27050
27063
27076
27084
27095
27103
27128
27147
27160
27174
27226
27227
27231
27252
27292
27296
27300
27309
27310
27315
27326
27349
27366
27389
27393
27397
27408
27412
27417
27418
27421
27428
27432
27435
27441
27448
27450
27454
27465
27476
27485
27520
27525
27526
27556
27564
27591
27597
27610
27638
27655
27684
27698
27715
27744
27751
27763
27770
27779
27785
27787
27801
27809
27811
27819
27851
27864
27877
27893
27910
27923
27946
27956
27972
27998
28013
28020
28050
28051
28057
28067
28088
28097
28107
28132
28136
28147
28164
28173
28182
28184
28194
28203
28217
28253
28254
28258
28261
28267
28277
28283
28317
28320
28331
28340
28349
28358
28361
28365
28378
28379
28382
28383
28384
28392
28405
28406
28417
28420
28439
28457
28460
28468
28480
28497
28509
28526
28542
28544
28549
28553
28568
28576
28578
28583
28592
28617
28623
28630
28640
28653
28654
28658
28672
28674
28679
28696
28699
28704
28717
28728
28782
28785
28791
28798
28814
28824
28836
28845
28870
28879
28885
28905
28906
28912
28931
28935
28947
28952
28956
28961
28981
28983
28985
28996
28997
29004
29045
29050
29053
29063
29081
29085
29091
29100
29130
29167
29179
29182
29191
29219
29242
29251
29270
29282
29283
29306
29319
29321
29333
29340
29347
29351
29353
29354
29376
29378
29385
29404
29408
29413
29419
29425
29451
29454
29455
29458
29463
29466
29483
29484
29509
29520
29529
29531
29561
29562
29572
29602
29618
29622
29623
29632
29645
29661
29663
29675
29680
29698
29703
29705
29734
29748
29749
29755
29756
29757
29772
29781
29782
29787
29792
29793
29795
29824
29848
29873
29889
29914
29917
29925
29951
30000
30004
30019
30022
30038
30044
30088
30101
30123
30128
30136
30140
30146
30154
30169
30176
30178
30194
30213
30232
30257
30262
30277
30281
30304
30312
30323
30324
30328
30341
30353
30355
30365
30372
30377
30380
30388
30400
30428
30435
30441
30467
30469
30476
30492
30499
30513
30523
30532
30552
30566
30574
30593
30595
30600
30609
30640
30658
30674
30681
30686
30703
30705
30723
30737
30756
30771
30784
30786
30791
30803
30830
30834
30848
30869
30871
30876
30880
30881
30903
30950
30969
30981
30987
31007
31024
31055
31063
31078
31092
31095
31125
31137
31146
31165
31184
31185
31197
31204
31208
31234
31246
31248
31251
31253
31265
31266
31286
31296
31298
31314
31328
31351
31357
31373
31392
31422
31425
31442
31444
31445
31450
31462
31471
31522
31526
31538
31551
31565
31581
31607
31621
31640
31642
31643
31652
31656
31665
31672
31688
31695
31702
31716
31762
31779
31820
31833
31837
31850
31857
31898
31903
31924
31930
31945
31956
31960
31963
31964
31966
31980
31984
32000
32010
32015
32033
32059
32069
32079
32121
32123
32148
32156
32161
32182
32217
32221
32231
32258
32259
32261
32266
32277
32280
32305
32338
32346
32349
32355
32378
32395
32419
32434
32448
32449
32463
32469
32475
32500
32503
32511
32529
32534
32539
32541
32543
32548
32577
32578
32595
32600
32637
32639
32655
32661
32669
32710
32722
32751
32755
32758
32787
32790
32801
32820
32837
32840
32854
32863
32865
32883
32892
32914
32916
32940
32948
32950
32957
32958
32959
32994
33010
33016
33017
33023
33029
33042
33058
33088
33090
33095
33096
33097
33104
33109
33115
33129
33134
33137
33179
33184
33196
33227
33237
33241
33249
33257
33259
33260
33282
33296
33298
33352
33367
33375
33378
33382
33388
33395
33400
33406
33407
33409
33427
33443
33446
33448
33463
33483
33489
33501
33502
33520
33525
33532
33538
33547
33559
33566
33583
33589
33603
33608
33609
33613
33620
33631
33643
33649
33652
33654
33659
33664
33673
33682
33683
33685
33686
33691
33695
33716
33718
33722
33726
33728
33765
33768
33794
33808
33850
33861
33868
33877
33883
33890
33893
33898
33900
33902
33904
33924
33925
33970
34020
34035
34057
34061
34087
34114
34127
34167
34172
34181
34188
34197
34203
34216
34217
34221
34234
34249
34256
34257
34263
34265
34273
34292
34302
34313
34315
34322
34333
34354
34356
34364
34378
34419
34450
34476
34491
34497
34503
34515
34522
34530
34534
34541
34546
34562
34572
34577
34578
34583
34595
34624
34627
34630
34660
34663
34670
34680
34688
34716
34734
34740
34758
34778
34782
34784
34790
34797
34802
34806
34814
34822
34832
34833
34835
34847
34862
34896
34900
34910
34941
34951
34956
34981
34982
34987
34991
34995
35014
35047
35052
35073
35107
35109
35111
35117
35120
35135
35153
35167
35187
35194
35201
35264
35282
35285
35303
35315
35330
35334
35348
35352
35363
35370
35431
35432
35464
35471
35474
35512
35526
35527
35543
35570
35573
35578
35580
35584
35619
35629
35632
35634
35691
35701
35715
35720
35721
35726
35734
35738
35750
35758
35780
35781
35785
35795
35801
35825
35851
35861
35882
35887
35895
35897
35923
35926
35946
35951
35967
35993
35994
35996
35999
36009
36060
36061
36073
36127
36168
36192
36200
36223
36229
36244
36245
36255
36257
36260
36281
36288
36291
36303
36334
36351
36361
36363
36368
36372
36395
36429
36445
36453
36488
36508
36519
36526
36534
36537
36550
36581
36592
36594
36604
36609
36616
36620
36625
36637
36640
36653
36671
36684
36686
36692
36700
36706
36731
36732
36736
36748
36749
36759
36766
36768
36782
36795
36809
36823
36830
36844
36901
36906
36922
36933
36936
36938
36970
36976
36986
36993
36994
37001
37010
37021
37041
37047
37058
37072
37091
37108
37129
37131
37152
37170
37177
37187
37191
37221
37230
37249
37252
37263
37269
37277
37316
37388
37403
37424
37430
37445
37458
37464
37466
37476
37479
37481
37482
37517
37546
37570
37571
37598
37605
37623
37636
37654
37666
37691
37702
37718
37739
37749
37755
37782
37804
37806
37809
37815
37823
37826
37841
37842
37864
37876
37878
37906
37919
37933
37943
37963
37975
37991
38005
38011
38018
38022
38038
38044
38080
38097
38120
38126
38128
38147
38151
38178
38179
38200
38209
38211
38217
38227
38231
38236
38242
38247
38255
38269
38279
38283
38303
38316
38322
38326
38363
38447
38449
38453
38455
38456
38465
38469
38470
38491
38496
38505
38511
38518
38521
38529
38541
38589
38620
38623
38630
38661
38664
38676
38679
38702
38708
38711
38715
38720
38760
38763
38767
38772
38778
38791
38798
38803
38808
38833
38844
38849
38867
38878
38886
38899
38902
38905
38915
38917
38919
38920
38923
38925
38928
38930
38931
38933
38959
38960
38983
39014
39029
39041
39043
39046
39064
39066
39068
39082
39098
39122
39147
39164
39166
39172
39178
39197
39227
39230
39231
39245
39259
39271
39319
39322
39331
39336
39341
39349
39350
39380
39395
39411
39426
39431
39462
39493
39508
39523
39532
39546
39569
39570
39578
39583
39585
39587
39602
39604
39614
39625
39654
39664
39665
39686
39713
39727
39737
39745
39753
39766
39768
39796
39808
39810
39834
39839
39859
39872
39873
39884
39930
39949
39956
39958
39959
39960
39972
40009
40010
40058
40060
40066
40071
40075
40086
40131
40132
40135
40158
40168
40175
40176
40181
40220
40224
40226
40234
40241
40251
40255
40280
40301
40303
40305
40319
40325
40334
40341
40344
40359
40378
40391
40415
40424
40438
40452
40459
40470
40486
40490
40538
40540
40554
40559
40564
40567
40568
40581
40586
40623
40641
40642
40655
40657
40660
40668
40678
40690
40714
40739
40740
40745
40776
40791
40794
40809
40842
40888
40899
40945
40946
40966
40984
40986
41003
41018
41032
41038
41043
41075
41089
41098
41105
41113
41115
41153
41163
41169
41182
41185
41191
41244
41253
41265
41266
41276
41277
41282
41287
41306
41309
41328
41329
41332
41333
41337
41342
41344
41358
41362
41377
41383
41389
41406
41407
41418
41422
41424
41427
41433
41440
41454
41463
41492
41494
41501
41522
41525
41533
41580
41582
41597
41606
41612
41614
41625
41628
41632
41635
41640
41658
41662
41664
41665
41674
41685
41688
41696
41702
41703
41714
41715
41719
41723
41726
41731
41746
41756
41764
41768
41799
41818
41836
41850
41876
41880
41903
41912
41936
41937
41960
41973
42003
42020
42024
42047
42056
42062
42078
42080
42085
42095
42107
42112
42116
42155
42164
42176
42187
42204
42220
42224
42229
42232
42238
42242
42244
42253
42291
42312
42356
42381
42390
42431
42456
42506
42520
42523
42528
42545
42546
42551
42558
42627
42636
42639
42650
42677
42679
42680
42692
42701
42702
42718
42730
42733
42741
42759
42765
42766
42775
42784
42794
42804
42809
42810
42816
42827
42877
42887
42890
42893
42926
42933
42941
42957
42962
42974
43049
43056
43127
43129
43141
43144
43173
43183
43187
43195
43197
43210
43215
43216
43220
43225
43235
43259
43271
43283
43287
43296
43299
43309
43343
43346
43354
43372
43380
43403
43423
43443
43456
43459
43468
43474
43484
43497
43520
43545
43547
43548
43571
43589
43595
43625
43627
43651
43658
43664
43691
43700
43702
43709
43739
43758
43784
43791
43798
43800
43814
43818
43822
43831
43861
43867
43883
43907
43908
43939
43943
43948
43950
43955
43956
43968
43983
43986
44009
44012
44047
44055
44096
44100
44180
44196
44210
44216
44229
44246
44256
44263
44303
44314
44318
44320
44321
44327
44331
44357
44368
44374
44387
44413
44418
44467
44476
44480
44485
44487
44495
44511
44512
44546
44559
44577
44593
44597
44614
44620
44623
44644
44660
44668
44696
44703
44704
44706
44720
44722
44733
44744
44748
44781
44782
44785
44803
44805
44807
44808
44817
44824
44840
44845
44856
44861
44862
44867
44874
44915
44948
44951
44959
44962
44976
45019
45029
45035
45037
45046
45056
45066
45072
45093
45095
45101
45103
45123
45139
45162
45179
45199
45204
45223
45224
45238
45249
45256
45276
45280
45290
45295
45304
45310
45318
45334
45339
45341
45368
45369
45373
45377
45399
45416
45421
45434
45438
45443
45448
45469
45504
45539
45552
45561
45577
45578
45584
45585
45594
45640
45641
45649
45684
45685
45725
45761
45776
45790
45806
45810
45812
45816
45817
45825
45846
45860
45881
45895
45899
45906
45919
45930
45937
45949
45955
45982
46007
46011
46064
46067
46093
46094
46096
46105
46114
46119
46123
46141
46148
46150
46153
46176
46178
46185
46189
46192
46198
46202
46203
46204
46215
46254
46262
46263
46282
46289
46300
46301
46317
46319
46346
46359
46374
46391
46395
46405
46431
46437
46446
46453
46461
46465
46475
46496
46504
46509
46528
46539
46543
46585
46587
46641
46673
46674
46686
46694
46695
46713
46720
46724
46725
46744
46760
46789
46797
46807
46864
46885
46893
46894
46903
46929
46948
46949
46958
46970
46979
46984
46988
47002
47003
47029
47055
47089
47123
47134
47138
47149
47166
47177
47181
47201
47209
47210
47217
47249
47263
47269
47270
47281
47286
47287
47294
47306
47319
47324
47327
47332
47345
47348
47360
47366
47367
47368
47382
47390
47397
47406
47413
47428
47452
47454
47455
47470
47480
47482
47490
47509
47534
47542
47564
47587
47618
47635
47637
47640
47642
47645
47652
47672
47721
47727
47734
47755
47757
47770
47777
47778
47784
47797
47814
47822
47823
47860
47872
47889
47901
47922
47924
47925
47928
47936
47950
47961
47976
47978
47980
48000
48013
48025
48028
48029
48036
48050
48071
48078
48084
48088
48126
48143
48173
48178
48196
48203
48221
48244
48271
48286
48297
48306
48335
48363
48367
48375
48376
48383
48393
48421
48431
48454
48459
48477
48481
48485
48497
48505
48509
48523
48540
48543
48564
48572
48597
48600
48601
48616
48619
48625
48645
48671
48678
48695
48732
48735
48762
48770
48800
48816
48817
48826
48834
48835
48852
48868
48879
48890
48895
48904
48924
48925
48945
48950
48954
48967
48976
48999
49007
49025
49055
49078
49087
49096
49099
49106
49110
49122
49133
49144
49158
49187
49188
49196
49207
49208
49214
49217
49242
49256
49258
49260
49268
49284
49302
49306
49308
49310
49315
49318
49328
49344
49351
49360
49407
49414
49419
49430
49441
49454
49467
49468
49472
49481
49483
49497
49557
49563
49565
49570
49579
49592
49617
49618
49625
49645
49647
49666
49673
49681
49684
49685
49697
49715
49720
49731
49744
49795
49806
49807
49811
49816
49822
49828
49840
49842
49849
49865
49868
49871
49874
49883
49886
49903
49908
49911
49914
49920
49929
49933
49943
49946
49947
49958
50000
50005
50033
50034
50041
50074
50084
50109
50146
50148
50154
50180
50192
50205
50215
50230
50245
50267
50268
50274
50286
50299
50311
50342
50369
50376
50393
50404
50415
50430
50440
50464
50478
50483
50509
50516
50517
50521
50528
50530
50549
50561
50572
50574
50588
50604
50618
50666
50681
50682
50713
50752
50756
50785
50808
50817
50823
50826
50850
50858
50860
50881
50893
50908
50909
50912
50920
50928
50948
50965
50967
50970
50984
51028
51036
51045
51085
51098
51107
51120
51155
51159
51194
51207
51225
51226
51237
51251
51263
51266
51289
51313
51357
51367
51381
51397
51403
51414
51419
51421
51434
51456
51468
51482
51483
51484
51487
51524
51529
51530
51557
51566
51607
51610
51628
51635
51643
51644
51649
51653
51669
51670
51671
51677
51678
51719
51747
51748
51759
51761
51777
51788
51811
51826
51845
51846
51867
51869
51870
51895
51897
51899
51909
51940
51948
51967
51968
51977
51979
51984
51997
52018
52025
52057
52082
52092
52105
52107
52120
52127
52133
52146
52151
52161
52206
52214
52230
52231
52244
52258
52263
52267
52269
52280
52291
52300
52310
52321
52330
52343
52348
52357
52382
52389
52401
52432
52439
52456
52457
52464
52530
52542
52550
52565
52566
52608
52633
52642
52659
52678
52689
52702
52703
52717
52729
52735
52745
52751
52761
52770
52774
52781
52786
52794
52803
52808
52848
52853
52858
52869
52874
52930
52934
52942
52947
52963
52966
52976
53018
53041
53046
53065
53069
53076
53117
53120
53167
53179
53180
53184
53190
53204
53212
53215
53220
53230
53237
53253
53273
53290
53291
53296
53302
53306
53307
53318
53319
53320
53330
53340
53361
53363
53370
53380
53411
53412
53416
53427
53429
53430
53441
53443
53446
53457
53459
53479
53488
53490
53499
53529
53543
53549
53562
53601
53614
53616
53619
53622
53630
53638
53642
53682
53684
53717
53756
53765
53767
53768
53770
53771
53775
53780
53792
53796
53799
53813
53844
53853
53860
53876
53890
53902
53931
53956
53959
53962
53967
53969
53983
53995
54015
54027
54072
54087
54095
54099
54118
54123
54152
54188
54189
54236
54241
54298
54303
54317
54328
54339
54345
54363
54369
54374
54377
54378
54382
54394
54406
54421
54432
54446
54455
54461
54462
54465
54469
54470
54489
54496
54507
54511
54546
54553
54594
54604
54639
54691
54698
54711
54712
54720
54737
54741
54762
54770
54779
54822
54850
54853
54882
54920
54934
54936
54951
54963
54978
54980
55019
55037
55062
55078
55085
55090
55101
55106
55134
55139
55140
55150
55151
55190
55203
55212
55247
55259
55260
55266
55267
55303
55321
55329
55334
55346
55348
55352
55361
55379
55425
55430
55434
55439
55445
55446
55447
55450
55464
55483
55490
55507
55510
55519
55520
55527
55537
55540
55549
55551
55552
55592
55595
55598
55603
55611
55614
55620
55621
55626
55670
55676
55684
55687
55704
55713
55721
55735
55742
55744
55745
55768
55770
55779
55798
55809
55818
55820
55826
55829
55837
55869
55884
55890
55894
55898
55907
55910
55917
55922
55941
55947
55948
55951
55953
55956
55960
55985
55994
56013
56023
56040
56113
56138
56175
56185
56206
56258
56266
56267
56271
56273
56275
56289
56296
56300
56302
56312
56316
56342
56352
56390
56408
56438
56449
56457
56461
56463
56473
56494
56497
56510
56521
56525
56543
56580
56590
56602
56622
56637
56639
56640
56644
56657
56661
56664
56681
56686
56692
56701
56711
56717
56735
56737
56739
56756
56762
56763
56769
56781
56786
56789
56804
56829
56835
56872
56891
56912
56922
56932
56944
56978
56985
57004
57012
57023
57076
57079
57092
57097
57100
57139
57143
57149
57179
57191
57198
57202
57206
57232
57256
57261
57266
57274
57295
57301
57320
57345
57348
57354
57356
57370
57384
57392
57393
57399
57403
57426
57431
57484
57486
57487
57489
57496
57499
57512
57535
57559
57561
57562
57570
57573
57598
57614
57627
57631
57659
57694
57718
57723
57738
57753
57763
57804
57810
57819
57829
57832
57835
57838
57842
57852
57862
57869
57899
57911
57914
57918
57930
57937
57938
57946
57996
58061
58075
58096
58111
58117
58119
58129
58136
58151
58156
58180
58184
58185
58209
58210
58212
58221
58222
58241
58244
58274
58282
58288
58348
58352
58356
58357
58377
58389
58395
58401
58420
58443
58447
58455
58500
58508
58513
58519
58520
58530
58538
58566
58593
58622
58633
58638
58674
58684
58687
58689
58708
58709
58722
58723
58732
58737
58749
58763
58784
58789
58792
58802
58814
58825
58844
58846
58848
58855
58860
58881
58884
58885
58887
58888
58918
58919
58926
58931
58938
58954
58958
59042
59072
59086
59094
59100
59105
59123
59131
59213
59216
59224
59228
59242
59252
59281
59319
59320
59332
59337
59343
59367
59386
59400
59414
59421
59427
59497
59498
59500
59512
59519
59524
59536
59547
59556
59591
59601
59613
59618
59619
59622
59632
59643
59644
59658
59692
59716
59732
59734
59766
59776
59783
59786
59790
59791
59794
59795
59799
59800
59808
59809
59815
59819
59825
59840
59841
59849
59883
59968
59992
60000
60004
60034
60042
60062
60066
60069
60076
60077
60080
60100
60101
60107
60166
60207
60226
60238
60250
60277
60279
60304
60310
60332
60334
60335
60343
60347
60359
60362
60416
60421
60433
60459
60468
60478
60490
60492
60518
60526
60533
60538
60541
60605
60618
60626
60628
60640
60653
60656
60690
60700
60702
60703
60712
60722
60724
60729
60737
60742
60745
60761
60770
60775
60777
60808
60829
60837
60839
60850
60857
60865
60867
60909
60912
60915
60918
60919
60927
60940
60943
60983
61023
61027
61045
61047
61060
61083
61093
61100
61128
61154
61161
61172
61188
61205
61226
61230
61232
61242
61245
61250
61251
61258
61266
61289
61292
61299
61324
61356
61357
61358
61373
61397
61399
61410
61417
61427
61439
61442
61443
61459
61494
61498
61509
61533
61539
61576
61595
61598
61599
61611
61618
61625
61632
61633
61634
61666
61667
61681
61689
61697
61714
61722
61748
61756
61800
61819
61841
61842
61852
61859
61860
61861
61887
61891
61894
61900
61918
61922
61926
61938
61941
61956
61961
61980
61982
61997
62001
62009
62010
62018
62019
62022
62042
62059
62084
62094
62095
62102
62148
62237
62244
62258
62259
62267
62268
62303
62322
62325
62338
62355
62357
62359
62392
62408
62427
62432
62434
62435
62453
62461
62475
62504
62524
62576
62579
62608
62645
62646
62665
62666
62671
62672
62679
62685
62694
62696
62700
62716
62722
62728
62769
62774
62793
62809
62812
62814
62818
62826
62831
62847
62864
62882
62890
62891
62904
62920
62931
62938
62940
62951
62966
62976
62993
62997
63003
63004
63019
63024
63036
63060
63075
63078
63087
63097
63107
63124
63131
63149
63155
63169
63181
63186
63207
63209
63240
63243
63251
63267
63275
63279
63282
63285
63288
63290
63317
63318
63353
63385
63388
63394
63422
63428
63433
63444
63448
63455
63456
63459
63462
63467
63529
63530
63536
63541
63544
63545
63555
63557
63561
63565
63581
63600
63606
63637
63655
63658
63664
63670
63671
63678
63679
63709
63715
63768
63798
63831
63847
63860
63866
63892
63897
63929
63935
63942
63957
63961
63980
63997
64009
64023
64031
64050
64058
64082
64083
64089
64103
64114
64116
64122
64154
64155
64172
64186
64189
64228
64236
64245
64249
64251
64259
64269
64297
64299
64312
64357
64360
64386
64406
64411
64418
64420
64425
64436
64447
64456
64457
64463
64487
64493
64497
64531
64551
64565
64570
64588
64594
64611
64629
64631
64647
64667
64673
64687
64690
64698
64705
64706
64716
64727
64737
64741
64742
64748
64755
64774
64777
64787
64797
64806
64816
64817
64830
64837
64842
64856
64871
64877
64878
64887
64901
64939
64981
65001
65006
65008
65012
65023
65035
65041
65044
65049
65051
65057
65104
65105
65113
65121
65126
65156
65164
65170
65208
65222
65244
65253
65269
65315
65327
65346
65366
65368
65372
65379
65394
65395
65475
65477
65501
65511
65516
65519
65524
65530
65531
65537
65549
65556
65585
65607
65639
65642
65649
65670
65672
65673
65676
65706
65709
65715
65718
65719
65723
65744
65753
65771
65775
65782
65807
65827
65833
65836
65840
65842
65845
65850
65852
65857
65869
65884
65901
65919
65932
65935
65943
65961
65969
65972
65983
65986
66015
66017
66021
66026
66037
66040
66044
66058
66091
66094
66105
66121
66131
66136
66150
66172
66175
66180
66213
66231
66250
66308
66315
66319
66321
66336
66345
66369
66395
66400
66407
66412
66430
66469
66477
66488
66495
66498
66504
66507
66518
66539
66542
66549
66573
66574
66575
66630
66631
66632
66643
66650
66692
66697
66698
66711
66725
66746
66769
66778
66805
66809
66810
66812
66817
66831
66850
66853
66854
66855
66860
66865
66893
66904
66924
66932
66935
66948
66954
66971
66998
66999
67002
67006
67023
67030
67039
67055
67076
67085
67107
67109
67113
67156
67214
67215
67219
67227
67228
67229
67235
67256
67260
67264
67286
67287
67319
67335
67344
67345
67359
67374
67419
67422
67431
67437
67461
67479
67485
67503
67521
67528
67533
67541
67556
67568
67596
67597
67606
67616
67627
67637
67654
67659
67667
67682
67690
67704
67715
67718
67722
67723
67731
67740
67745
67761
67784
67817
67820
67823
67827
67828
67847
67868
67900
67912
67934
67954
67966
67974
68011
68012
68024
68027
68030
68033
68038
68047
68057
68058
68059
68067
68090
68095
68102
68105
68127
68133
68145
68168
68174
68175
68219
68234
68237
68241
68253
68289
68292
68301
68302
68306
68315
68316
68322
68329
68341
68351
68353
68360
68385
68387
68388
68389
68395
68396
68408
68448
68486
68496
68547
68559
68566
68575
68591
68593
68609
68610
68657
68677
68696
68699
68723
68726
68727
68740
68744
68751
68757
68770
68794
68798
68825
68827
68851
68853
68870
68881
68900
68904
68908
68915
68923
68925
68931
68952
68967
68972
68983
68986
68989
68998
69008
69031
69040
69051
69062
69066
69073
69084
69086
69089
69099
69119
69123
69127
69148
69171
69177
69208
69213
69259
69279
69285
69340
69361
69369
69378
69384
69471
69476
69483
69488
69513
69522
69567
69581
69598
69606
69608
69630
69633
69635
69639
69648
69652
69674
69676
69710
69712
69714
69716
69728
69734
69735
69747
69756
69757
69768
69773
69788
69790
69795
69797
69802
69845
69846
69851
69866
69869
69923
69927
69932
69933
69950
69959
69965
69967
69969
69993
69994
69996
70001
70005
70009
70036
70040
70049
70053
70063
70123
70128
70151
70156
70160
70163
70164
70168
70193
70207
70208
70214
70226
70261
70281
70296
70313
70329
70335
70336
70341
70370
70375
70379
70406
70426
70429
70430
70450
70456
70515
70520
70521
70535
70540
70542
70560
70561
70564
70592
70600
70604
70629
70631
70667
70671
70673
70677
70700
70712
70715
70716
70720
70731
70769
70780
70793
70794
70799
70800
70814
70843
70847
70861
70866
70868
70883
70923
70927
70944
70961
70987
70994
71005
71026
71046
71058
71059
71077
71088
71096
71127
71136
71140
71143
71148
71150
71160
71169
71206
71209
71216
71238
71248
71251
71263
71290
71295
71297
71301
71315
71316
71328
71355
71358
71369
71380
71384
71397
71401
71413
71423
71431
71434
71455
71503
71521
71537
71544
71558
71561
71567
71577
71592
71601
71604
71610
71611
71632
71639
71645
71653
71670
71676
71678
71688
71693
71694
71702
71708
71721
71745
71747
71750
71751
71766
71775
71780
71788
71792
71800
71808
71809
71835
71836
71879
71885
71896
71903
71911
71924
71935
71948
71952
71965
71966
71973
71997
72002
72028
72037
72046
72121
72150
72156
72162
72163
72167
72177
72198
72262
72275
72295
72298
72299
72317
72347
72354
72360
72404
72407
72411
72446
72449
72450
72459
72467
72497
72515
72548
72549
72557
72574
72601
72602
72655
72656
72661
72674
72680
72685
72697
72738
72739
72747
72763
72782
72816
72847
72851
72855
72861
72862
72864
72871
72872
72882
72886
72898
72903
72925
72936
72944
72985
73005
73008
73016
73036
73040
73049
73059
73110
73113
73121
73161
73165
73187
73189
73193
73196
73216
73224
73243
73267
73273
73275
73290
73293
73294
73296
73304
73305
73323
73334
73376
73379
73383
73398
73409
73419
73437
73457
73469
73475
73476
73480
73500
73504
73507
73524
73541
73553
73561
73575
73586
73590
73594
73596
73611
73630
73632
73635
73642
73664
73671
73683
73686
73715
73725
73739
73747
73760
73769
73801
73814
73843
73848
73876
73890
73892
73905
73909
73930
73964
73972
74000
74006
74009
74017
74029
74048
74054
74068
74087
74089
74093
74100
74102
74127
74135
74136
74156
74161
74172
74178
74187
74191
74195
74201
74230
74231
74242
74246
74272
74277
74278
74293
74331
74339
74348
74353
74359
74368
74377
74379
74382
74389
74395
74397
74427
74469
74483
74573
74586
74598
74611
74620
74641
74656
74669
74673
74679
74686
74708
74725
74729
74794
74801
74808
74815
74816
74820
74834
74836
74840
74874
74879
74897
74910
74912
74917
74928
74955
74965
74985
75005
75006
75013
75024
75050
75096
75111
75121
75122
75129
75147
75161
75170
75175
75193
75205
75215
75221
75222
75248
75265
75266
75271
75277
75296
75305
75311
75321
75322
75326
75329
75335
75344
75348
75349
75353
75356
75369
75373
75381
75407
75408
75422
75424
75452
75462
75466
75471
75472
75495
75500
75504
75513
75528
75532
75548
75550
75552
75602
75629
75639
75648
75649
75656
75683
75701
75703
75705
75717
75722
75726
75728
75750
75758
75762
75773
75805
75810
75816
75821
75822
75828
75829
75844
75851
75857
75864
75878
75883
75888
75903
75908
75913
75931
75936
75954
75957
75961
75977
76010
76021
76027
76040
76102
76135
76141
76150
76159
76163
76164
76198
76224
76233
76276
76299
76304
76335
76343
76349
76360
76369
76388
76422
76436
76472
76476
76479
76504
76509
76525
76534
76542
76559
76560
76561
76573
76583
76592
76609
76619
76622
76646
76671
76680
76684
76688
76690
76691
76692
76701
76702
76707
76709
76714
76723
76724
76738
76743
76766
76767
76769
76771
76788
76790
76813
76816
76846
76864
76869
76876
76896
76899
76900
76904
76912
76925
76927
76940
76991
77011
77090
77099
77114
77120
77128
77141
77142
77153
77171
77188
77243
77246
77247
77248
77249
77275
77292
77313
77321
77329
77334
77353
77369
77374
77412
77414
77425
77435
77442
77459
77480
77490
77495
77508
77511
77513
77524
77554
77558
77570
77589
77602
77616
77619
77630
77639
77651
77816
77824
77830
77842
77855
77862
77885
77894
77915
77919
77924
77931
77933
77968
77988
77994
77998
78009
78016
78019
78022
78025
78027
78072
78081
78090
78093
78105
78117
78126
78144
78149
78150
78165
78173
78178
78191
78194
78201
78208
78250
78269
78291
78309
78315
78317
78320
78326
78347
78385
78394
78401
78409
78428
78429
78433
78439
78441
78447
78461
78486
78498
78505
78514
78524
78534
78555
78577
78579
78599
78607
78609
78628
78642
78675
78677
78685
78689
78697
78715
78721
78724
78743
78766
78771
78773
78778
78785
78791
78811
78812
78817
78840
78848
78854
78875
78883
78894
78920
78925
78933
78937
78967
78974
78978
79002
79017
79020
79022
79026
79031
79033
79038
79044
79045
79046
79063
79093
79133
79142
79145
79152
79158
79169
79177
79181
79185
79186
79195
79215
79228
79241
79244
79253
79260
79276
79294
79302
79318
79342
79401
79422
79430
79442
79448
79458
79471
79478
79482
79513
79517
79542
79586
79612
79615
79626
79646
79652
79653
79679
79680
79683
79699
79705
79722
79729
79749
79778
79782
79794
79795
79806
79824
79826
79836
79841
79852
79868
79869
79879
79883
79900
79918
79921
79928
79932
79935
79952
79981
79989
80016
80029
80042
80061
80075
80077
80095
80131
80145
80150
80161
80179
80188
80200
80211
80213
80217
80228
80243
80246
80248
80258
80266
80296
80335
80338
80343
80360
80377
80384
80389
80405
80414
80423
80435
80449
80454
80456
80466
80469
80470
80487
80492
80501
80530
80542
80552
80566
80567
80569
80581
80607
80608
80628
80649
80660
80686
80688
80692
80721
80726
80739
80746
80752
80753
80755
80798
80809
80812
80816
80821
80822
80832
80860
80862
80863
80885
80898
80904
80913
80914
80917
80940
80958
80967
80984
80985
81019
81055
81066
81068
81100
81101
81110
81129
81146
81147
81172
81190
81192
81204
81216
81261
81296
81297
81306
81312
81324
81332
81335
81349
81382
81392
81405
81434
81450
81451
81470
81473
81496
81498
81521
81525
81533
81536
81562
81571
81583
81593
81612
81627
81628
81633
81640
81648
81666
81684
81704
81715
81716
81717
81725
81728
81736
81739
81751
81766
81769
81784
81797
81809
81813
81823
81832
81834
81848
81849
81859
81863
81869
81890
81918
81919
81925
81926
81936
81941
81954
81956
81963
81970
81979
81996
82011
82015
82016
82020
82021
82031
82055
82063
82065
82088
82091
82125
82134
82142
82150
82153
82157
82158
82214
82219
82232
82237
82245
82247
82270
82283
82287
82294
82314
82320
82322
82328
82336
82346
82351
82396
82411
82420
82428
82441
82494
82499
82500
82504
82507
82519
82542
82564
82572
82582
82622
82623
82627
82657
82711
82718
82743
82746
82774
82782
82784
82796
82800
82802
82823
82827
82830
82837
82861
82875
82887
82891
82898
82922
82929
82931
82934
82936
82958
82966
82982
82983
82997
83001
83002
83003
83009
83012
83023
83038
83047
83065
83070
83091
83095
83097
83116
83121
83129
83131
83140
83152
83179
83200
83201
83203
83206
83213
83218
83224
83227
83234
83236
83240
83261
83295
83312
83321
83338
83361
83364
83394
83396
83414
83420
83422
83424
83425
83432
83435
83436
83445
83472
83481
83516
83527
83535
83562
83597
83602
83609
83629
83631
83645
83662
83664
83667
83671
83672
83678
83682
83684
83700
83726
83727
83728
83747
83799
83803
83805
83815
83819
83826
83837
83856
83859
83872
83873
83887
83888
83905
83906
83907
83913
83921
83941
83975
83997
84001
84006
84010
84018
84025
84035
84045
84049
84056
84067
84086
84098
84125
84137
84154
84163
84164
84167
84168
84178
84228
84232
84233
84234
84245
84253
84255
84290
84295
84306
84309
84316
84319
84326
84337
84359
84382
84397
84416
84430
84436
84455
84461
84464
84476
84477
84479
84480
84482
84523
84527
84554
84560
84561
84576
84582
84594
84600
84608
84636
84657
84664
84676
84677
84681
84683
84707
84712
84715
84741
84743
84749
84751
84762
84765
84773
84776
84777
84790
84814
84818
84821
84839
84845
84847
84852
84893
84898
84923
84932
84933
84940
84946
84951
84961
84973
84990
84999
85018
85026
85029
85032
85037
85039
85042
85047
85049
85053
85072
85082
85087
85088
85106
85117
85118
85136
85137
85138
85141
85147
85170
85174
85183
85202
85232
85244
85250
85265
85269
85275
85304
85318
85338
85342
85345
85350
85360
85386
85393
85399
85420
85422
85455
85483
85496
85503
85506
85512
85513
85522
85527
85530
85531
85553
85556
85565
85571
85583
85600
85618
85626
85644
85658
85664
85671
85678
85679
85693
85704
85710
85716
85743
85747
85771
85779
85783
85786
85791
85801
85821
85833
85843
85854
85867
85868
85882
85888
85899
85911
85924
85926
85936
85941
85995
86011
86020
86030
86044
86055
86062
86089
86091
86101
86117
86127
86129
86140
86152
86178
86181
86188
86192
86226
86232
86246
86248
86266
86298
86324
86329
86334
86337
86345
86348
86379
86380
86389
86412
86420
86433
86436
86450
86451
86465
86485
86487
86489
86512
86529
86532
86541
86566
86595
86606
86623
86644
86656
86667
86672
86684
86711
86721
86722
86758
86759
86766
86772
86773
86774
86777
86787
86790
86820
86827
86828
86829
86831
86835
86837
86840
86849
86856
86874
86875
86909
86915
86918
86919
86923
86926
86931
86935
86950
86980
86983
86986
87003
87034
87039
87041
87050
87073
87109
87121
87136
87149
87151
87159
87160
87180
87188
87196
87204
87261
87280
87302
87305
87317
87336
87339
87354
87357
87367
87375
87378
87379
87408
87409
87411
87439
87446
87454
87456
87484
87487
87492
87493
87497
87515
87530
87545
87566
87574
87578
87583
87584
87589
87592
87594
87621
87626
87632
87646
87673
87683
87705
87769
87787
87798
87799
87806
87818
87822
87841
87865
87870
87871
87898
87902
87914
87937
87948
87949
87971
87986
87987
88003
88011
88018
88020
88027
88035
88040
88052
88068
88072
88074
88080
88106
88109
88112
88114
88120
88138
88140
88143
88198
88206
88217
88246
88249
88257
88282
88301
88321
88325
88338
88349
88353
88372
88377
88395
88401
88402
88407
88408
88415
88425
88439
88441
88444
88464
88481
88503
88506
88508
88522
88528
88556
88558
88572
88582
88590
88596
88605
88608
88612
88645
88646
88650
88665
88673
88679
88707
88715
88756
88761
88767
88778
88796
88797
88815
88827
88831
88851
88863
88874
88878
88881
88891
88903
88909
88917
88919
88934
88935
88940
88947
88952
88954
88969
88995
89000
89007
89021
89024
89087
89123
89129
89131
89143
89145
89146
89174
89181
89206
89207
89212
89243
89252
89285
89304
89308
89313
89316
89326
89332
89348
89365
89366
89369
89384
89399
89409
89417
89422
89428
89441
89453
89459
89471
89494
89509
89542
89566
89598
89609
89619
89620
89623
89632
89633
89665
89677
89681
89688
89709
89716
89737
89738
89744
89746
89757
89758
89763
89793
89801
89802
89809
89812
89832
89833
89841
89857
89859
89870
89893
89899
89912
89927
89928
89971
89976
89979
89982
90018
90023
90043
90045
90049
90071
90088
90100
90105
90118
90126
90138
90149
90151
90159
90169
90181
90195
90215
90219
90222
90223
90234
90238
90261
90301
90313
90337
90360
90364
90366
90368
90370
90465
90470
90520
90523
90530
90545
90546
90548
90585
90590
90596
90653
90654
90690
90692
90694
90706
90761
90762
90763
90767
90786
90799
90801
90802
90814
90833
90852
90855
90865
90923
90924
90927
90945
90946
90955
90964
90968
90982
90988
91002
91035
91074
91078
91080
91088
91096
91099
91129
91132
91158
91163
91181
91188
91206
91216
91220
91236
91246
91282
91300
91306
91313
91323
91328
91329
91341
91351
91392
91411
91418
91432
91436
91452
91459
91461
91462
91467
91483
91500
91510
91552
91558
91559
91567
91574
91576
91582
91583
91585
91609
91621
91646
91652
91661
91672
91685
91722
91726
91738
91745
91747
91767
91770
91804
91811
91823
91840
91841
91869
91872
91883
91900
91928
91930
91934
91936
91944
91982
91985
92022
92059
92064
92066
92072
92080
92081
92085
92089
92090
92096
92098
92100
92101
92114
92122
92124
92137
92144
92175
92208
92213
92215
92224
92230
92233
92250
92272
92275
92281
92295
92329
92338
92347
92360
92378
92388
92396
92406
92407
92408
92418
92436
92440
92454
92458
92460
92465
92477
92496
92508
92524
92533
92548
92557
92561
92569
92574
92606
92612
92629
92640
92671
92718
92738
92773
92804
92808
92815
92817
92822
92828
92843
92859
92865
92872
92883
92888
92893
92896
92901
92902
92904
92942
92952
92964
92974
92978
92979
92991
93001
93002
93020
93048
93049
93054
93068
93070
93084
93105
93108
93113
93132
93136
93142
93153
93163
93180
93212
93227
93228
93232
93276
93290
93306
93329
93357
93380
93382
93384
93389
93396
93403
93410
93411
93421
93431
93438
93452
93455
93456
93494
93495
93509
93523
93545
93565
93570
93574
93624
93630
93646
93655
93666
93671
93698
93715
93720
93734
93744
93749
93758
93760
93788
93796
93799
93802
93815
93841
93842
93861
93875
93924
93933
93936
93941
93942
93951
93954
93980
93984
94007
94011
94044
94051
94089
94099
94102
94106
94113
94115
94130
94147
94150
94154
94165
94194
94272
94287
94310
94332
94333
94348
94356
94363
94364
94387
94393
94395
94401
94402
94436
94439
94441
94442
94445
94469
94503
94510
94514
94529
94530
94558
94567
94578
94588
94614
94634
94640
94668
94672
94674
94676
94726
94733
94744
94768
94771
94775
94804
94830
94844
94852
94868
94870
94908
94916
94929
94932
94939
94957
94982
94996
95027
95033
95064
95075
95093
95105
95111
95116
95124
95129
95150
95156
95189
95195
95212
95219
95224
95233
95234
95268
95271
95277
95297
95301
95311
95326
95335
95339
95342
95369
95377
95392
95401
95410
95429
95477
95490
95511
95528
95549
95551
95559
95567
95584
95592
95631
95635
95636
95645
95649
95654
95664
95683
95686
95712
95715
95719
95721
95722
95741
95769
95774
95777
95783
95789
95792
95810
95816
95819
95826
95829
95839
95866
95868
95869
95879
95885
95889
95892
95893
95900
95928
95955
96003
96008
96012
96032
96043
96049
96057
96065
96090
96100
96103
96114
96129
96132
96134
96140
96147
96151
96161
96177
96181
96205
96209
96212
96230
96237
96276
96278
96279
96282
96283
96289
96294
96335
96339
96353
96366
96375
96423
96429
96440
96460
96475
96476
96493
96496
96498
96502
96503
96516
96519
96527
96533
96581
96583
96585
96587
96607
96612
96639
96654
96709
96715
96732
96741
96745
96757
96768
96777
96781
96784
96791
96799
96813
96817
96846
96852
96864
96867
96873
96885
96893
96922
96936
96966
96987
97024
97032
97034
97036
97042
97054
97101
97128
97148
97157
97173
97180
97206
97209
97212
97233
97241
97250
97257
97279
97304
97313
97319
97332
97335
97338
97344
97355
97368
97385
97397
97405
97408
97410
97413
97417
97419
97420
97459
97467
97486
97492
97496
97504
97518
97552
97597
97613
97616
97635
97640
97665
97700
97702
97719
97762
97799
97803
97804
97864
97869
97891
97892
97893
97898
97955
97986
97990
97992
98012
98024
98029
98043
98050
98069
98071
98078
98083
98098
98102
98108
98111
98119
98125
98132
98142
98145
98159
98171
98176
98179
98181
98190
98210
98230
98266
98269
98270
98278
98289
98302
98315
98377
98402
98415
98427
98434
98443
98456
98485
98489
98512
98513
98520
98549
98553
98564
98586
98593
98607
98615
98637
98646
98672
98710
98732
98744
98747
98750
98766
98779
98802
98803
98823
98830
98832
98843
98846
98855
98858
98859
98861
98865
98883
98887
98893
98898
98901
98916
98925
98938
98952
98962
98977
98979
99019
99023
99047
99056
99089
99113
99116
99117
99128
99132
99135
99139
99156
99169
99225
99231
99234
99241
99268
99269
99314
99319
99357
99375
99393
99396
99407
99421
99439
99450
99452
99453
99493
99500
99505
99508
99520
99531
99548
99564
99579
99585
99596
99606
99635
99650
99651
99657
99670
99681
99690
99692
99695
99715
99716
99721
99730
99750
99763
99765
99775
99787
99791
99795
99798
99810
99850
99858
99910
99920
99929
99965
99974
99978
99985
99988
--------
21
23
58
75
89
96
97
99
105
133
148
159
175
176
204
210
211
219
220
242
250
257
266
269
283
334
377
394
436
439
460
462
465
512
546
551
574
589
596
625
630
637
639
642
666
678
681
687
696
725
735
767
771
780
786
792
814
816
826
829
832
852
859
901
907
909
919
930
958
967
975
1005
1009
1028
1030
1044
1045
1072
1149
1152
1175
1198
1205
1215
1221
1245
1253
1265
1290
1292
1295
1299
1305
1312
1315
1327
1336
1338
1343
1358
1359
1385
1388
1408
1424
1425
1429
1437
1447
1473
1474
1478
1511
1519
1521
1527
1537
1549
1568
1591
1594
1597
1628
1643
1649
1694
1698
1709
1722
1731
1736
1742
1747
1758
1785
1822
1823
1825
1840
1847
1865
1871
1880
1888
1893
1921
1942
1946
1953
1957
1963
1966
1986
1987
1993
1994
1996
1999
2014
2016
2038
2047
2051
2052
2056
2063
2077
2090
2114
2126
2148
2151
2160
2179
2244
2266
2294
2297
2299
2306
2309
2311
2318
2325
2326
2341
2415
2421
2444
2449
2457
2478
2484
2487
2495
2496
2503
2521
2531
2562
2571
2576
2586
2612
2635
2642
2644
2645
2646
2656
2657
2658
2659
2663
2711
2713
2722
2735
2748
2758
2773
2777
2780
2782
2792
2808
2816
2827
2838
2861
2868
2886
2892
2916
2924
2931
2934
2962
2964
2966
2979
2987
3003
3011
3033
3095
3103
3121
3129
3158
3163
3168
3175
3176
3183
3224
3231
3247
3253
3259
3261
3273
3284
3292
3299
3304
3309
3332
3339
3379
3394
3400
3415
3418
3425
3428
3475
3476
3485
3486
3514
3519
3520
3523
3525
3539
3548
3549
3556
3584
3586
3597
3598
3604
3613
3640
3644
3660
3693
3696
3705
3733
3739
3769
3776
3784
3787
3793
3815
3844
3860
3874
3876
3879
3905
3924
3926
3941
3955
3956
3962
3963
3976
3994
3997
3998
4011
4014
4025
4026
4034
4042
4056
4060
4078
4101
4113
4117
4128
4142
4145
4163
4172
4187
4197
4231
4238
4256
4285
4287
4293
4298
4299
4302
4307
4309
4317
4325
4347
4375
4393
4394
4410
4432
4456
4457
4468
4473
4484
4510
4511
4514
4519
4525
4537
4542
4546
4555
4560
4573
4590
4593
4595
4599
4600
4612
4620
4624
4627
4659
4662
4687
4716
4745
4750
4756
4768
4769
4773
4789
4805
4806
4819
4860
4871
4889
4919
4922
4923
4933
4943
4948
4958
4971
4990
5007
5011
5019
5039
5064
5066
5067
5078
5107
5132
5189
5205
5219
5244
5248
5252
5260
5270
5280
5349
5358
5369
5380
5397
5398
5399
5426
5455
5478
5479
5489
5493
5513
5526
5539
5576
5579
5609
5610
5635
5685
5698
5699
5702
5721
5733
5758
5763
5766
5773
5839
5845
5873
5878
5879
5880
5898
5910
5937
5953
5957
5958
5959
5965
5971
5993
6024
6039
6041
6060
6061
6065
6069
6096
6099
6106
6107
6121
6122
6129
6136
6153
6155
6156
6176
6178
6208
6221
6222
6224
6249
6271
6279
6288
6293
6305
6317
6332
6337
6352
6383
6391
6392
6398
6407
6410
6417
6447
6448
6450
6457
6463
6466
6473
6492
6547
6556
6571
6572
6597
6599
6609
6613
6635
6699
6700
6703
6708
6709
6711
6728
6729
6730
6740
6758
6789
6803
6805
6809
6810
6820
6831
6838
6917
6925
6931
6933
6935
6940
6944
6949
6972
6981
7008
7015
7018
7028
7043
7044
7045
7049
7053
7064
7083
7089
7091
7100
7116
7131
7142
7161
7171
7178
7194
7199
7240
7260
7266
7271
7277
7281
7301
7314
7334
7353
7354
7368
7382
7386
7389
7403
7414
7432
7471
7474
7483
7494
7516
7517
7533
7557
7589
7593
7631
7637
7672
7688
7715
7724
7739
7758
7783
7800
7829
7844
7862
7866
7874
7883
7898
7900
7903
7904
7909
7926
7930
7946
7983
7995
7996
7997
8003
8051
8060
8071
8072
8090
8092
8093
8100
8103
8116
8121
8124
8125
8127
8172
8183
8191
8198
8199
8202
8208
8223
8228
8245
8266
8291
8300
8322
8329
8339
8345
8346
8350
8353
8358
8360
8386
8394
8398
8401
8407
8449
8455
8491
8492
8494
8544
8547
8556
8598
8602
8625
8626
8631
8638
8642
8643
8649
8652
8657
8662
8668
8676
8700
8703
8705
8709
8713
8719
8721
8723
8730
8736
8743
8780
8787
8790
8793
8824
8850
8861
8866
8871
8875
8887
8918
8931
8934
8947
8978
8999
9010
9014
9024
9026
9037
9038
9052
9067
9068
9073
9081
9089
9093
9108
9116
9118
9124
9131
9143
9151
9170
9182
9200
9203
9208
9209
9221
9226
9229
9231
9237
9246
9252
9254
9259
9268
9308
9310
9318
9319
9321
9333
9351
9365
9378
9388
9396
9408
9409
9445
9457
9459
9464
9468
9472
9486
9487
9522
9523
9524
9525
9527
9531
9532
9536
9568
9578
9596
9605
9630
9657
9666
9670
9691
9707
9720
9744
9749
9764
9776
9783
9804
9812
9818
9828
9850
9853
9856
9857
9860
9865
9870
9901
9923
9944
9952
9970
9990
9999
10026
10027
10060
10070
10095
10103
10106
10115
10119
10125
10136
10155
10170
10173
10178
10183
10203
10238
10241
10242
10246
10251
10255
10262
10277
10297
10325
10334
10344
10347
10350
10385
10399
10404
10406
10408
10414
10419
10437
10488
10517
10525
10528
10529
10558
10579
10584
10596
10597
10608
10626
10635
10656
10670
10680
10696
10703
10708
10711
10717
10719
10749
10754
10756
10762
10773
10780
10783
10808
10838
10881
10884
10887
10893
10895
10914
10916
10930
10941
11008
11027
11055
11082
11090
11096
11105
11119
11134
11135
11146
11185
11190
11213
11231
11255
11260
11268
11280
11304
11327
11332
11335
11337
11350
11372
11379
11398
11413
11418
11431
11434
11455
11459
11475
11476
11479
11485
11487
11513
11538
11549
11570
11573
11577
11586
11620
11627
11630
11666
11680
11686
11693
11694
11716
11765
11768
11798
11812
11813
11830
11908
11915
11924
11927
11949
11962
11967
11980
11983
11988
11993
12008
12018
12024
12025
12039
12071
12092
12097
12102
12106
12136
12190
12204
12238
12244
12245
12246
12255
12264
12270
12276
12285
12302
12305
12311
12321
12335
12337
12346
12366
12412
12431
12441
12448
12462
12517
12532
12544
12548
12557
12565
12569
12590
12603
12606
12629
12633
12634
12645
12657
12667
12668
12680
12686
12698
12706
12712
12717
12726
12727
12736
12744
12749
12753
12760
12763
12766
12776
12782
12788
12792
12796
12798
12811
12837
12838
12845
12898
12904
12910
12929
12932
12939
12950
12974
12985
12987
12993
13029
13050
13066
13072
13084
13099
13104
13176
13191
13196
13210
13213
13222
13226
13232
13250
13260
13274
13286
13295
13296
13298
13317
13325
13359
13372
13390
13406
13417
13422
13440
13441
13444
13445
13461
13463
13492
13498
13501
13517
13526
13527
13532
13536
13545
13561
13572
13573
13596
13600
13629
13638
13639
13664
13681
13682
13685
13686
13716
13725
13736
13742
13751
13765
13776
13782
13803
13811
13812
13819
13820
13837
13844
13858
13863
13898
13905
13920
13935
13940
13946
13952
13954
13964
13993
14005
14010
14013
14020
14042
14043
14069
14084
14087
14092
14098
14099
14104
14111
14112
14114
14120
14122
14123
14158
14176
14188
14189
14191
14207
14225
14230
14242
14248
14262
14265
14283
14291
14292
14295
14296
14304
14339
14358
14364
14375
14385
14390
14399
14424
14440
14453
14454
14483
14484
14518
14528
14560
14575
14618
14649
14662
14677
14685
14696
14733
14739
14743
14745
14748
14750
14774
14777
14780
14782
14794
14797
14803
14804
14814
14816
14827
14833
14839
14851
14864
14870
14905
14908
14915
14921
14935
14952
14982
14990
15016
15024
15034
15037
15038
15053
15063
15072
15075
15086
15107
15110
15146
15149
15151
15153
15155
15156
15161
15165
15177
15178
15179
15181
15182
15191
15229
15231
15243
15244
15245
15251
15262
15303
15311
15312
15316
15330
15341
15363
15376
15443
15465
15482
15487
15497
15498
15502
15505
15523
15533
15550
15558
15571
15572
15576
15582
15587
15612
15617
15620
15622
15623
15630
15648
15664
15667
15674
15682
15688
15728
15734
15750
15752
15774
15793
15799
15822
15829
15831
15853
15857
15865
15886
15889
15912
15942
15943
15945
15968
15981
15984
15985
15988
15991
16008
16011
16014
16019
16030
16053
16076
16079
16083
16090
16094
16100
16113
16121
16132
16147
16160
16171
16179
16191
16201
16204
16207
16208
16213
16214
16241
16257
16269
16289
16295
16300
16322
16324
16329
16337
16341
16355
16396
16406
16418
16439
16440
16472
16504
16524
16526
16536
16542
16558
16561
16584
16601
16612
16613
16615
16632
16666
16684
16685
16721
16740
16758
16765
16785
16792
16793
16813
16831
16834
16837
16839
16843
16849
16862
16863
16867
16874
16883
16891
16899
16906
16909
16910
16913
16918
16925
16926
16946
16958
16962
16982
17046
17047
17091
17098
17120
17138
17144
17182
17187
17207
17209
17215
17219
17255
17258
17261
17269
17271
17279
17296
17314
17316
17320
17327
17343
17350
17355
17374
17378
17385
17389
17391
17424
17442
17466
17468
17481
17496
17530
17535
17549
17557
17563
17600
17622
17638
17705
17708
17744
17776
17803
17806
17828
17832
17836
17842
17844
17851
17853
17891
17897
17937
17945
17953
17968
17972
17977
17990
17993
18004
18007
18029
18037
18056
18108
18112
18118
18145
18146
18153
18154
18157
18175
18187
18189
18204
18208
18211
18220
18223
18232
18248
18262
18278
18302
18306
18317
18320
18334
18338
18343
18347
18352
18377
18411
18431
18447
18481
18491
18500
18508
18529
18557
18562
18573
18575
18582
18586
18588
18595
18606
18609
18615
18618
18638
18639
18657
18665
18684
18698
18703
18725
18732
18740
18760
18774
18799
18801
18827
18834
18835
18839
18857
18879
18944
18957
18968
18977
19052
19053
19062
19103
19119
19127
19136
19140
19142
19167
19207
19228
19248
19268
19277
19315
19331
19362
19369
19378
19403
19407
19412
19451
19477
19480
19484
19510
19512
19514
19531
19543
19554
19565
19585
19591
19615
19659
19682
19696
19701
19710
19722
19728
19737
19738
19744
19746
19787
19804
19805
19808
19817
19819
19824
19833
19892
19895
19898
19908
19940
19954
20002
20015
20028
20053
20078
20096
20132
20143
20156
20165
20177
20204
20206
20213
20220
20234
20246
20258
20261
20266
20269
20274
20278
20320
20327
20328
20348
20351
20377
20389
20444
20449
20453
20477
20507
20510
20526
20570
20582
20591
20598
20621
20627
20641
20651
20661
20673
20675
20683
20686
20693
20694
20697
20703
20716
20725
20732
20738
20777
20793
20796
20803
20804
20815
20831
20835
20848
20851
20861
20872
20880
20881
20888
20894
20895
20904
20987
20991
20993
21003
21004
21011
21016
21036
21045
21073
21103
21112
21115
21121
21132
21136
21150
21176
21187
21189
21190
21198
21200
21213
21214
21221
21246
21263
21264
21269
21274
21290
21291
21293
21303
21319
21334
21338
21356
21384
21386
21393
21394
21413
21440
21452
21453
21459
21465
21480
21488
21500
21540
21543
21550
21551
21556
21570
21574
21579
21582
21586
21595
21597
21600
21616
21623
21648
21652
21663
21700
21708
21710
21712
21718
21722
21725
21752
21787
21789
21790
21796
21799
21809
21812
21825
21828
21830
21850
21862
21871
21876
21878
21897
21909
21918
21921
21931
21941
21954
21981
21988
22014
22016
22028
22048
22078
22081
22087
22092
22097
22098
22099
22114
22129
22130
22132
22136
22145
22150
22157
22160
22163
22167
22168
22169
22175
22237
22266
22288
22300
22320
22324
22334
22344
22351
22355
22357
22361
22365
22391
22393
22403
22426
22435
22438
22449
22454
22470
22485
22486
22498
22506
22513
22544
22559
22561
22570
22583
22599
22602
22609
22621
22627
22648
22650
22667
22697
22703
22709
22711
22724
22744
22771
22782
22786
22809
22820
22829
22857
22907
22910
22925
22926
22933
22938
22956
22966
22980
23005
23033
23063
23065
23069
23077
23083
23090
23091
23093
23095
23099
23126
23152
23155
23180
23186
23198
23200
23211
23214
23217
23233
23260
23287
23300
23301
23348
23365
23371
23374
23377
23382
23384
23403
23404
23416
23418
23430
23454
23468
23474
23492
23501
23528
23535
23541
23577
23603
23607
23609
23611
23616
23637
23638
23644
23649
23663
23674
23718
23739
23757
23768
23769
23775
23781
23782
23810
23813
23838
23871
23872
23878
23887
23904
23928
23931
23939
23961
23978
23990
24011
24025
24027
24045
24048
24050
24058
24074
24076
24093
24133
24144
24151
24162
24197
24202
24216
24256
24273
24310
24322
24336
24338
24343
24348
24356
24358
24368
24396
24400
24405
24408
24426
24453
24461
24468
24472
24481
24485
24503
24515
24536
24557
24569
24585
24586
24591
24593
24605
24610
24622
24632
24642
24646
24666
24674
24679
24684
24712
24728
24750
24756
24771
24793
24805
24813
24818
24823
24825
24855
24859
24865
24866
24868
24884
24892
24905
24907
24915
24916
24918
24928
24933
24942
24963
24964
24976
24997
25003
25007
25015
25024
25041
25067
25069
25079
25081
25100
25126
25133
25134
25142
25145
25162
25172
25178
25185
25203
25204
25208
25225
25230
25236
25241
25243
25265
25274
25285
25291
25292
25320
25324
25332
25338
25358
25360
25362
25364
25365
25377
25382
25383
25388
25390
25408
25414
25422
25426
25432
25434
25442
25450
25453
25466
25482
25487
25500
25545
25551
25552
25560
25575
25577
25589
25608
25616
25620
25641
25666
25674
25684
25710
25714
25731
25746
25761
25770
25774
25782
25790
25791
25799
25807
25814
25817
25831
25839
25856
25882
25895
25911
25912
25919
25924
25931
25932
25962
26011
26056
26089
26096
26108
26118
26127
26128
26134
26146
26191
26198
26203
26205
26214
26222
26235
26239
26250
26272
26309
26317
26324
26325
26333
26334
26342
26345
26367
26384
26421
26423
26428
26432
26466
26468
26494
26514
26515
26528
26563
26568
26573
26583
26588
26592
26599
26604
26622
26631
26633
26634
26648
26669
26671
26676
26684
26689
26699
26721
26724
26727
26742
26761
26782
26785
26787
26803
26805
26836
26842
26844
26846
26852
26853
26855
26864
26874
26878
26895
26921
26932
26953
26956
26969
26983
26990
26995
27002
27003
27012
27015
27018
27022
27032
27043
27050
27063
27076
27084
27095
27103
27128
27147
27160
27174
27226
27227
27231
27252
27292
27296
27300
27309
27310
27315
27326
27349
27366
27389
27393
27397
27408
27412
27417
27418
27421
27428
27432
27435
27441
27448
27450
27454
27465
27476
27485
27520
27525
27526
27556
27564
27591
27597
27610
27638
27655
27684
27698
27715
27744
27751
27763
27770
27779
27785
27787
27801
27809
27811
27819
27851
27864
27877
27893
27910
27923
27946
27956
27972
27998
28013
28020
28050
28051
28057
28067
28088
28097
28107
28132
28136
28147
28164
28173
28182
28184
28194
28203
28217
28253
28254
28258
28261
28267
28277
28283
28317
28320
28331
28340
28349
28358
28361
28365
28378
28379
28382
28383
28384
28392
28405
28406
28417
28420
28439
28457
28460
28468
28480
28497
28509
28526
28542
28544
28549
28553
28568
28576
28578
28583
28592
28617
28623
28630
28640
28653
28654
28658
28672
28674
28679
28696
28699
28704
28717
28728
28782
28785
28791
28798
28814
28824
28836
28845
28870
28879
28885
28905
28906
28912
28931
28935
28947
28952
28956
28961
28981
28983
28985
28996
28997
29004
29045
29050
29053
29063
29081
29085
29091
29100
29130
29167
29179
29182
29191
29219
29242
29251
29270
29282
29283
29306
29319
29321
29333
29340
29347
29351
29353
29354
29376
29378
29385
29404
29408
29413
29419
29425
29451
29454
29455
29458
29463
29466
29483
29484
29509
29520
29529
29531
29561
29562
29572
29602
29618
29622
29623
29632
29645
29661
29663
29675
29680
29698
29703
29705
29734
29748
29749
29755
29756
29757
29772
29781
29782
29787
29792
29793
29795
29824
29848
29873
29889
29914
29917
29925
29951
30000
30004
30019
30022
30038
30044
30088
30101
30123
30128
30136
30140
30146
30154
30169
30176
30178
30194
30213
30232
30257
30262
30277
30281
30304
30312
30323
30324
30328
30341
30353
30355
30365
30372
30377
30380
30388
30400
30428
30435
30441
30467
30469
30476
30492
30499
30513
30523
30532
30552
30566
30574
30593
30595
30600
30609
30640
30658
30674
30681
30686
30703
30705
30723
30737
30756
30771
30784
30786
30791
30803
30830
30834
30848
30869
30871
30876
30880
30881
30903
30950
30969
30981
30987
31007
31024
31055
31063
31078
31092
31095
31125
31137
31146
31165
31184
31185
31197
31204
31208
31234
31246
31248
31251
31253
31265
31266
31286
31296
31298
31314
31328
31351
31357
31373
31392
31422
31425
31442
31444
31445
31450
31462
31471
31522
31526
31538
31551
31565
31581
31607
31621
31640
31642
31643
31652
31656
31665
31672
31688
31695
31702
31716
31762
31779
31820
31833
31837
31850
31857
31898
31903
31924
31930
31945
31956
31960
31963
31964
31966
31980
31984
32000
32010
32015
32033
32059
32069
32079
32121
32123
32148
32156
32161
32182
32217
32221
32231
32258
32259
32261
32266
32277
32280
32305
32338
32346
32349
32355
32378
32395
32419
32434
32448
32449
32463
32469
32475
32500
32503
32511
32529
32534
32539
32541
32543
32548
32577
32578
32595
32600
32637
32639
32655
32661
32669
32710
32722
32751
32755
32758
32787
32790
32801
32820
32837
32840
32854
32863
32865
32883
32892
32914
32916
32940
32948
32950
32957
32958
32959
32994
33010
33016
33017
33023
33029
33042
33058
33088
33090
33095
33096
33097
33104
33109
33115
33129
33134
33137
33179
33184
33196
33227
33237
33241
33249
33257
33259
33260
33282
33296
33298
33352
33367
33375
33378
33382
33388
33395
33400
33406
33407
33409
33427
33443
33446
33448
33463
33483
33489
33501
33502
33520
33525
33532
33538
33547
33559
33566
33583
33589
33603
33608
33609
33613
33620
33631
33643
33649
33652
33654
33659
33664
33673
33682
33683
33685
33686
33691
33695
33716
33718
33722
33726
33728
33765
33768
33794
33808
33850
33861
33868
33877
33883
33890
33893
33898
33900
33902
33904
33924
33925
33970
34020
34035
34057
34061
34087
34114
34127
34167
34172
34181
34188
34197
34203
34216
34217
34221
34234
34249
34256
34257
34263
34265
34273
34292
34302
34313
34315
34322
34333
34354
34356
34364
34378
34419
34450
34476
34491
34497
34503
34515
34522
34530
34534
34541
34546
34562
34572
34577
34578
34583
34595
34624
34627
34630
34660
34663
34670
34680
34688
34716
34734
34740
34758
34778
34782
34784
34790
34797
34802
34806
34814
34822
34832
34833
34835
34847
34862
34896
34900
34910
34941
34951
34956
34981
34982
34987
34991
34995
35014
35047
35052
35073
35107
35109
35111
35117
35120
35135
35153
35167
35187
35194
35201
35264
35282
35285
35303
35315
35330
35334
35348
35352
35363
35370
35431
35432
35464
35471
35474
35512
35526
35527
35543
35570
35573
35578
35580
35584
35619
35629
35632
35634
35691
35701
35715
35720
35721
35726
35734
35738
35750
35758
35780
35781
35785
35795
35801
35825
35851
35861
35882
35887
35895
35897
35923
35926
35946
35951
35967
35993
35994
35996
35999
36009
36060
36061
36073
36127
36168
36192
36200
36223
36229
36244
36245
36255
36257
36260
36281
36288
36291
36303
36334
36351
36361
36363
36368
36372
36395
36429
36445
36453
36488
36508
36519
36526
36534
36537
36550
36581
36592
36594
36604
36609
36616
36620
36625
36637
36640
36653
36671
36684
36686
36692
36700
36706
36731
36732
36736
36748
36749
36759
36766
36768
36782
36795
36809
36823
36830
36844
36901
36906
36922
36933
36936
36938
36970
36976
36986
36993
36994
37001
37010
37021
37041
37047
37058
37072
37091
37108
37129
37131
37152
37170
37177
37187
37191
37221
37230
37249
37252
37263
37269
37277
37316
37388
37403
37424
37430
37445
37458
37464
37466
37476
37479
37481
37482
37517
37546
37570
37571
37598
37605
37623
37636
37654
37666
37691
37702
37718
37739
37749
37755
37782
37804
37806
37809
37815
37823
37826
37841
37842
37864
37876
37878
37906
37919
37933
37943
37963
37975
37991
38005
38011
38018
38022
38038
38044
38080
38097
38120
38126
38128
38147
38151
38178
38179
38200
38209
38211
38217
38227
38231
38236
38242
38247
38255
38269
38279
38283
38303
38316
38322
38326
38363
38447
38449
38453
38455
38456
38465
38469
38470
38491
38496
38505
38511
38518
38521
38529
38541
38589
38620
38623
38630
38661
38664
38676
38679
38702
38708
38711
38715
38720
38760
38763
38767
38772
38778
38791
38798
38803
38808
38833
38844
38849
38867
38878
38886
38899
38902
38905
38915
38917
38919
38920
38923
38925
38928
38930
38931
38933
38959
38960
38983
39014
39029
39041
39043
39046
39064
39066
39068
39082
39098
39122
39147
39164
39166
39172
39178
39197
39227
39230
39231
39245
39259
39271
39319
39322
39331
39336
39341
39349
39350
39380
39395
39411
39426
39431
39462
39493
39508
39523
39532
39546
39569
39570
39578
39583
39585
39587
39602
39604
39614
39625
39654
39664
39665
39686
39713
39727
39737
39745
39753
39766
39768
39796
39808
39810
39834
39839
39859
39872
39873
39884
39930
39949
39956
39958
39959
39960
39972
40009
40010
40058
40060
40066
40071
40075
40086
40131
40132
40135
40158
40168
40175
40176
40181
40220
40224
40226
40234
40241
40251
40255
40280
40301
40303
40305
40319
40325
40334
40341
40344
40359
40378
40391
40415
40424
40438
40452
40459
40470
40486
40490
40538
40540
40554
40559
40564
40567
40568
40581
40586
40623
40641
40642
40655
40657
40660
40668
40678
40690
40714
40739
40740
40745
40776
40791
40794
40809
40842
40888
40899
40945
40946
40966
40984
40986
41003
41018
41032
41038
41043
41075
41089
41098
41105
41113
41115
41153
41163
41169
41182
41185
41191
41244
41253
41265
41266
41276
41277
41282
41287
41306
41309
41328
41329
41332
41333
41337
41342
41344
41358
41362
41377
41383
41389
41406
41407
41418
41422
41424
41427
41433
41440
41454
41463
41492
41494
41501
41522
41525
41533
41580
41582
41597
41606
41612
41614
41625
41628
41632
41635
41640
41658
41662
41664
41665
41674
41685
41688
41696
41702
41703
41714
41715
41719
41723
41726
41731
41746
41756
41764
41768
41799
41818
41836
41850
41876
41880
41903
41912
41936
41937
41960
41973
42003
42020
42024
42047
42056
42062
42078
42080
42085
42095
42107
42112
42116
42155
42164
42176
42187
42204
42220
42224
42229
42232
42238
42242
42244
42253
42291
42312
42356
42381
42390
42431
42456
42506
42520
42523
42528
42545
42546
42551
42558
42627
42636
42639
42650
42677
42679
42680
42692
42701
42702
42718
42730
42733
42741
42759
42765
42766
42775
42784
42794
42804
42809
42810
42816
42827
42877
42887
42890
42893
42926
42933
42941
42957
42962
42974
43049
43056
43127
43129
43141
43144
43173
43183
43187
43195
43197
43210
43215
43216
43220
43225
43235
43259
43271
43283
43287
43296
43299
43309
43343
43346
43354
43372
43380
43403
43423
43443
43456
43459
43468
43474
43484
43497
43520
43545
43547
43548
43571
43589
43595
43625
43627
43651
43658
43664
43691
43700
43702
43709
43739
43758
43784
43791
43798
43800
43814
43818
43822
43831
43861
43867
43883
43907
43908
43939
43943
43948
43950
43955
43956
43968
43983
43986
44009
44012
44047
44055
44096
44100
44180
44196
44210
44216
44229
44246
44256
44263
44303
44314
44318
44320
44321
44327
44331
44357
44368
44374
44387
44413
44418
44467
44476
44480
44485
44487
44495
44511
44512
44546
44559
44577
44593
44597
44614
44620
44623
44644
44660
44668
44696
44703
44704
44706
44720
44722
44733
44744
44748
44781
44782
44785
44803
44805
44807
44808
44817
44824
44840
44845
44856
44861
44862
44867
44874
44915
44948
44951
44959
44962
44976
45019
45029
45035
45037
45046
45056
45066
45072
45093
45095
45101
45103
45123
45139
45162
45179
45199
45204
45223
45224
45238
45249
45256
45276
45280
45290
45295
45304
45310
45318
45334
45339
45341
45368
45369
45373
45377
45399
45416
45421
45434
45438
45443
45448
45469
45504
45539
45552
45561
45577
45578
45584
45585
45594
45640
45641
45649
45684
45685
45725
45761
45776
45790
45806
45810
45812
45816
45817
45825
45846
45860
45881
45895
45899
45906
45919
45930
45937
45949
45955
45982
46007
46011
46064
46067
46093
46094
46096
46105
46114
46119
46123
46141
46148
46150
46153
46176
46178
46185
46189
46192
46198
46202
46203
46204
46215
46254
46262
46263
46282
46289
46300
46301
46317
46319
46346
46359
46374
46391
46395
46405
46431
46437
46446
46453
46461
46465
46475
46496
46504
46509
46528
46539
46543
46585
46587
46641
46673
46674
46686
46694
46695
46713
46720
46724
46725
46744
46760
46789
46797
46807
46864
46885
46893
46894
46903
46929
46948
46949
46958
46970
46979
46984
46988
47002
47003
47029
47055
47089
47123
47134
47138
47149
47166
47177
47181
47201
47209
47210
47217
47249
47263
47269
47270
47281
47286
47287
47294
47306
47319
47324
47327
47332
47345
47348
47360
47366
47367
47368
47382
47390
47397
47406
47413
47428
47452
47454
47455
47470
47480
47482
47490
47509
47534
47542
47564
47587
47618
47635
47637
47640
47642
47645
47652
47672
47721
47727
47734
47755
47757
47770
47777
47778
47784
47797
47814
47822
47823
47860
47872
47889
47901
47922
47924
47925
47928
47936
47950
47961
47976
47978
47980
48000
48013
48025
48028
48029
48036
48050
48071
48078
48084
48088
48126
48143
48173
48178
48196
48203
48221
48244
48271
48286
48297
48306
48335
48363
48367
48375
48376
48383
48393
48421
48431
48454
48459
48477
48481
48485
48497
48505
48509
48523
48540
48543
48564
48572
48597
48600
48601
48616
48619
48625
48645
48671
48678
48695
48732
48735
48762
48770
48800
48816
48817
48826
48834
48835
48852
48868
48879
48890
48895
48904
48924
48925
48945
48950
48954
48967
48976
48999
49007
49025
49055
49078
49087
49096
49099
49106
49110
49122
49133
49144
49158
49187
49188
49196
49207
49208
49214
49217
49242
49256
49258
49260
49268
49284
49302
49306
49308
49310
49315
49318
49328
49344
49351
49360
49407
49414
49419
49430
49441
49454
49467
49468
49472
49481
49483
49497
49557
49563
49565
49570
49579
49592
49617
49618
49625
49645
49647
49666
49673
49681
49684
49685
49697
49715
49720
49731
49744
49795
49806
49807
49811
49816
49822
49828
49840
49842
49849
49865
49868
49871
49874
49883
49886
49903
49908
49911
49914
49920
49929
49933
49943
49946
49947
49958
50000
50005
50033
50034
50041
50074
50084
50109
50146
50148
50154
50180
50192
50205
50215
50230
50245
50267
50268
50274
50286
50299
50311
50342
50369
50376
50393
50404
50415
50430
50440
50464
50478
50483
50509
50516
50517
50521
50528
50530
50549
50561
50572
50574
50588
50604
50618
50666
50681
50682
50713
50752
50756
50785
50808
50817
50823
50826
50850
50858
50860
50881
50893
50908
50909
50912
50920
50928
50948
50965
50967
50970
50984
51028
51036
51045
51085
51098
51107
51120
51155
51159
51194
51207
51225
51226
51237
51251
51263
51266
51289
51313
51357
51367
51381
51397
51403
51414
51419
51421
51434
51456
51468
51482
51483
51484
51487
51524
51529
51530
51557
51566
51607
51610
51628
51635
51643
51644
51649
51653
51669
51670
51671
51677
51678
51719
51747
51748
51759
51761
51777
51788
51811
51826
51845
51846
51867
51869
51870
51895
51897
51899
51909
51940
51948
51967
51968
51977
51979
51984
51997
52018
52025
52057
52082
52092
52105
52107
52120
52127
52133
52146
52151
52161
52206
52214
52230
52231
52244
52258
52263
52267
52269
52280
52291
52300
52310
52321
52330
52343
52348
52357
52382
52389
52401
52432
52439
52456
52457
52464
52530
52542
52550
52565
52566
52608
52633
52642
52659
52678
52689
52702
52703
52717
52729
52735
52745
52751
52761
52770
52774
52781
52786
52794
52803
52808
52848
52853
52858
52869
52874
52930
52934
52942
52947
52963
52966
52976
53018
53041
53046
53065
53069
53076
53117
53120
53167
53179
53180
53184
53190
53204
53212
53215
53220
53230
53237
53253
53273
53290
53291
53296
53302
53306
53307
53318
53319
53320
53330
53340
53361
53363
53370
53380
53411
53412
53416
53427
53429
53430
53441
53443
53446
53457
53459
53479
53488
53490
53499
53529
53543
53549
53562
53601
53614
53616
53619
53622
53630
53638
53642
53682
53684
53717
53756
53765
53767
53768
53770
53771
53775
53780
53792
53796
53799
53813
53844
53853
53860
53876
53890
53902
53931
53956
53959
53962
53967
53969
53983
53995
54015
54027
54072
54087
54095
54099
54118
54123
54152
54188
54189
54236
54241
54298
54303
54317
54328
54339
54345
54363
54369
54374
54377
54378
54382
54394
54406
54421
54432
54446
54455
54461
54462
54465
54469
54470
54489
54496
54507
54511
54546
54553
54594
54604
54639
54691
54698
54711
54712
54720
54737
54741
54762
54770
54779
54822
54850
54853
54882
54920
54934
54936
54951
54963
54978
54980
55019
55037
55062
55078
55085
55090
55101
55106
55134
55139
55140
55150
55151
55190
55203
55212
55247
55259
55260
55266
55267
55303
55321
55329
55334
55346
55348
55352
55361
55379
55425
55430
55434
55439
55445
55446
55447
55450
55464
55483
55490
55507
55510
55519
55520
55527
55537
55540
55549
55551
55552
55592
55595
55598
55603
55611
55614
55620
55621
55626
55670
55676
55684
55687
55704
55713
55721
55735
55742
55744
55745
55768
55770
55779
55798
55809
55818
55820
55826
55829
55837
55869
55884
55890
55894
55898
55907
55910
55917
55922
55941
55947
55948
55951
55953
55956
55960
55985
55994
56013
56023
56040
56113
56138
56175
56185
56206
56258
56266
56267
56271
56273
56275
56289
56296
56300
56302
56312
56316
56342
56352
56390
56408
56438
56449
56457
56461
56463
56473
56494
56497
56510
56521
56525
56543
56580
56590
56602
56622
56637
56639
56640
56644
56657
56661
56664
56681
56686
56692
56701
56711
56717
56735
56737
56739
56756
56762
56763
56769
56781
56786
56789
56804
56829
56835
56872
56891
56912
56922
56932
56944
56978
56985
57004
57012
57023
57076
57079
57092
57097
57100
57139
57143
57149
57179
57191
57198
57202
57206
57232
57256
57261
57266
57274
57295
57301
57320
57345
57348
57354
57356
57370
57384
57392
57393
57399
57403
57426
57431
57484
57486
57487
57489
57496
57499
57512
57535
57559
57561
57562
57570
57573
57598
57614
57627
57631
57659
57694
57718
57723
57738
57753
57763
57804
57810
57819
57829
57832
57835
57838
57842
57852
57862
57869
57899
57911
57914
57918
57930
57937
57938
57946
57996
58061
58075
58096
58111
58117
58119
58129
58136
58151
58156
58180
58184
58185
58209
58210
58212
58221
58222
58241
58244
58274
58282
58288
58348
58352
58356
58357
58377
58389
58395
58401
58420
58443
58447
58455
58500
58508
58513
58519
58520
58530
58538
58566
58593
58622
58633
58638
58674
58684
58687
58689
58708
58709
58722
58723
58732
58737
58749
58763
58784
58789
58792
58802
58814
58825
58844
58846
58848
58855
58860
58881
58884
58885
58887
58888
58918
58919
58926
58931
58938
58954
58958
59042
59072
59086
59094
59100
59105
59123
59131
59213
59216
59224
59228
59242
59252
59281
59319
59320
59332
59337
59343
59367
59386
59400
59414
59421
59427
59497
59498
59500
59512
59519
59524
59536
59547
59556
59591
59601
59613
59618
59619
59622
59632
59643
59644
59658
59692
59716
59732
59734
59766
59776
59783
59786
59790
59791
59794
59795
59799
59800
59808
59809
59815
59819
59825
59840
59841
59849
59883
59968
59992
60000
60004
60034
60042
60062
60066
60069
60076
60077
60080
60100
60101
60107
60166
60207
60226
60238
60250
60277
60279
60304
60310
60332
60334
60335
60343
60347
60359
60362
60416
60421
60433
60459
60468
60478
60490
60492
60518
60526
60533
60538
60541
60605
60618
60626
60628
60640
60653
60656
60690
60700
60702
60703
60712
60722
60724
60729
60737
60742
60745
60761
60770
60775
60777
60808
60829
60837
60839
60850
60857
60865
60867
60909
60912
60915
60918
60919
60927
60940
60943
60983
61023
61027
61045
61047
61060
61083
61093
61100
61128
61154
61161
61172
61188
61205
61226
61230
61232
61242
61245
61250
61251
61258
61266
61289
61292
61299
61324
61356
61357
61358
61373
61397
61399
61410
61417
61427
61439
61442
61443
61459
61494
61498
61509
61533
61539
61576
61595
61598
61599
61611
61618
61625
61632
61633
61634
61666
61667
61681
61689
61697
61714
61722
61748
61756
61800
61819
61841
61842
61852
61859
61860
61861
61887
61891
61894
61900
61918
61922
61926
61938
61941
61956
61961
61980
61982
61997
62001
62009
62010
62018
62019
62022
62042
62059
62084
62094
62095
62102
62148
62237
62244
62258
62259
62267
62268
62303
62322
62325
62338
62355
62357
62359
62392
62408
62427
62432
62434
62435
62453
62461
62475
62504
62524
62576
62579
62608
62645
62646
62665
62666
62671
62672
62679
62685
62694
62696
62700
62716
62722
62728
62769
62774
62793
62809
62812
62814
62818
62826
62831
62847
62864
62882
62890
62891
62904
62920
62931
62938
62940
62951
62966
62976
62993
62997
63003
63004
63019
63024
63036
63060
63075
63078
63087
63097
63107
63124
63131
63149
63155
63169
63181
63186
63207
63209
63240
63243
63251
63267
63275
63279
63282
63285
63288
63290
63317
63318
63353
63385
63388
63394
63422
63428
63433
63444
63448
63455
63456
63459
63462
63467
63529
63530
63536
63541
63544
63545
63555
63557
63561
63565
63581
63600
63606
63637
63655
63658
63664
63670
63671
63678
63679
63709
63715
63768
63798
63831
63847
63860
63866
63892
63897
63929
63935
63942
63957
63961
63980
63997
64009
64023
64031
64050
64058
64082
64083
64089
64103
64114
64116
64122
64154
64155
64172
64186
64189
64228
64236
64245
64249
64251
64259
64269
64297
64299
64312
64357
64360
64386
64406
64411
64418
64420
64425
64436
64447
64456
64457
64463
64487
64493
64497
64531
64551
64565
64570
64588
64594
64611
64629
64631
64647
64667
64673
64687
64690
64698
64705
64706
64716
64727
64737
64741
64742
64748
64755
64774
64777
64787
64797
64806
64816
64817
64830
64837
64842
64856
64871
64877
64878
64887
64901
64939
64981
65001
65006
65008
65012
65023
65035
65041
65044
65049
65051
65057
65104
65105
65113
65121
65126
65156
65164
65170
65208
65222
65244
65253
65269
65315
65327
65346
65366
65368
65372
65379
65394
65395
65475
65477
65501
65511
65516
65519
65524
65530
65531
65537
65549
65556
65585
65607
65639
65642
65649
65670
65672
65673
65676
65706
65709
65715
65718
65719
65723
65744
65753
65771
65775
65782
65807
65827
65833
65836
65840
65842
65845
65850
65852
65857
65869
65884
65901
65919
65932
65935
65943
65961
65969
65972
65983
65986
66015
66017
66021
66026
66037
66040
66044
66058
66091
66094
66105
66121
66131
66136
66150
66172
66175
66180
66213
66231
66250
66308
66315
66319
66321
66336
66345
66369
66395
66400
66407
66412
66430
66469
66477
66488
66495
66498
66504
66507
66518
66539
66542
66549
66573
66574
66575
66630
66631
66632
66643
66650
66692
66697
66698
66711
66725
66746
66769
66778
66805
66809
66810
66812
66817
66831
66850
66853
66854
66855
66860
66865
66893
66904
66924
66932
66935
66948
66954
66971
66998
66999
67002
67006
67023
67030
67039
67055
67076
67085
67107
67109
67113
67156
67214
67215
67219
67227
67228
67229
67235
67256
67260
67264
67286
67287
67319
67335
67344
67345
67359
67374
67419
67422
67431
67437
67461
67479
67485
67503
67521
67528
67533
67541
67556
67568
67596
67597
67606
67616
67627
67637
67654
67659
67667
67682
67690
67704
67715
67718
67722
67723
67731
67740
67745
67761
67784
67817
67820
67823
67827
67828
67847
67868
67900
67912
67934
67954
67966
67974
68011
68012
68024
68027
68030
68033
68038
68047
68057
68058
68059
68067
68090
68095
68102
68105
68127
68133
68145
68168
68174
68175
68219
68234
68237
68241
68253
68289
68292
68301
68302
68306
68315
68316
68322
68329
68341
68351
68353
68360
68385
68387
68388
68389
68395
68396
68408
68448
68486
68496
68547
68559
68566
68575
68591
68593
68609
68610
68657
68677
68696
68699
68723
68726
68727
68740
68744
68751
68757
68770
68794
68798
68825
68827
68851
68853
68870
68881
68900
68904
68908
68915
68923
68925
68931
68952
68967
68972
68983
68986
68989
68998
69008
69031
69040
69051
69062
69066
69073
69084
69086
69089
69099
69119
69123
69127
69148
69171
69177
69208
69213
69259
69279
69285
69340
69361
69369
69378
69384
69471
69476
69483
69488
69513
69522
69567
69581
69598
69606
69608
69630
69633
69635
69639
69648
69652
69674
69676
69710
69712
69714
69716
69728
69734
69735
69747
69756
69757
69768
69773
69788
69790
69795
69797
69802
69845
69846
69851
69866
69869
69923
69927
69932
69933
69950
69959
69965
69967
69969
69993
69994
69996
70001
70005
70009
70036
70040
70049
70053
70063
70123
70128
70151
70156
70160
70163
70164
70168
70193
70207
70208
70214
70226
70261
70281
70296
70313
70329
70335
70336
70341
70370
70375
70379
70406
70426
70429
70430
70450
70456
70515
70520
70521
70535
70540
70542
70560
70561
70564
70592
70600
70604
70629
70631
70667
70671
70673
70677
70700
70712
70715
70716
70720
70731
70769
70780
70793
70794
70799
70800
70814
70843
70847
70861
70866
70868
70883
70923
70927
70944
70961
70987
70994
71005
71026
71046
71058
71059
71077
71088
71096
71127
71136
71140
71143
71148
71150
71160
71169
71206
71209
71216
71238
71248
71251
71263
71290
71295
71297
71301
71315
71316
71328
71355
71358
71369
71380
71384
71397
71401
71413
71423
71431
71434
71455
71503
71521
71537
71544
71558
71561
71567
71577
71592
71601
71604
71610
71611
71632
71639
71645
71653
71670
71676
71678
71688
71693
71694
71702
71708
71721
71745
71747
71750
71751
71766
71775
71780
71788
71792
71800
71808
71809
71835
71836
71879
71885
71896
71903
71911
71924
71935
71948
71952
71965
71966
71973
71997
72002
72028
72037
72046
72121
72150
72156
72162
72163
72167
72177
72198
72262
72275
72295
72298
72299
72317
72347
72354
72360
72404
72407
72411
72446
72449
72450
72459
72467
72497
72515
72548
72549
72557
72574
72601
72602
72655
72656
72661
72674
72680
72685
72697
72738
72739
72747
72763
72782
72816
72847
72851
72855
72861
72862
72864
72871
72872
72882
72886
72898
72903
72925
72936
72944
72985
73005
73008
73016
73036
73040
73049
73059
73110
73113
73121
73161
73165
73187
73189
73193
73196
73216
73224
73243
73267
73273
73275
73290
73293
73294
73296
73304
73305
73323
73334
73376
73379
73383
73398
73409
73419
73437
73457
73469
73475
73476
73480
73500
73504
73507
73524
73541
73553
73561
73575
73586
73590
73594
73596
73611
73630
73632
73635
73642
73664
73671
73683
73686
73715
73725
73739
73747
73760
73769
73801
73814
73843
73848
73876
73890
73892
73905
73909
73930
73964
73972
74000
74006
74009
74017
74029
74048
74054
74068
74087
74089
74093
74100
74102
74127
74135
74136
74156
74161
74172
74178
74187
74191
74195
74201
74230
74231
74242
74246
74272
74277
74278
74293
74331
74339
74348
74353
74359
74368
74377
74379
74382
74389
74395
74397
74427
74469
74483
74573
74586
74598
74611
74620
74641
74656
74669
74673
74679
74686
74708
74725
74729
74794
74801
74808
74815
74816
74820
74834
74836
74840
74874
74879
74897
74910
74912
74917
74928
74955
74965
74985
75005
75006
75013
75024
75050
75096
75111
75121
75122
75129
75147
75161
75170
75175
75193
75205
75215
75221
75222
75248
75265
75266
75271
75277
75296
75305
75311
75321
75322
75326
75329
75335
75344
75348
75349
75353
75356
75369
75373
75381
75407
75408
75422
75424
75452
75462
75466
75471
75472
75495
75500
75504
75513
75528
75532
75548
75550
75552
75602
75629
75639
75648
75649
75656
75683
75701
75703
75705
75717
75722
75726
75728
75750
75758
75762
75773
75805
75810
75816
75821
75822
75828
75829
75844
75851
75857
75864
75878
75883
75888
75903
75908
75913
75931
75936
75954
75957
75961
75977
76010
76021
76027
76040
76102
76135
76141
76150
76159
76163
76164
76198
76224
76233
76276
76299
76304
76335
76343
76349
76360
76369
76388
76422
76436
76472
76476
76479
76504
76509
76525
76534
76542
76559
76560
76561
76573
76583
76592
76609
76619
76622
76646
76671
76680
76684
76688
76690
76691
76692
76701
76702
76707
76709
76714
76723
76724
76738
76743
76766
76767
76769
76771
76788
76790
76813
76816
76846
76864
76869
76876
76896
76899
76900
76904
76912
76925
76927
76940
76991
77011
77090
77099
77114
77120
77128
77141
77142
77153
77171
77188
77243
77246
77247
77248
77249
77275
77292
77313
77321
77329
77334
77353
77369
77374
77412
77414
77425
77435
77442
77459
77480
77490
77495
77508
77511
77513
77524
77554
77558
77570
77589
77602
77616
77619
77630
77639
77651
77816
77824
77830
77842
77855
77862
77885
77894
77915
77919
77924
77931
77933
77968
77988
77994
77998
78009
78016
78019
78022
78025
78027
78072
78081
78090
78093
78105
78117
78126
78144
78149
78150
78165
78173
78178
78191
78194
78201
78208
78250
78269
78291
78309
78315
78317
78320
78326
78347
78385
78394
78401
78409
78428
78429
78433
78439
78441
78447
78461
78486
78498
78505
78514
78524
78534
78555
78577
78579
78599
78607
78609
78628
78642
78675
78677
78685
78689
78697
78715
78721
78724
78743
78766
78771
78773
78778
78785
78791
78811
78812
78817
78840
78848
78854
78875
78883
78894
78920
78925
78933
78937
78967
78974
78978
79002
79017
79020
79022
79026
79031
79033
79038
79044
79045
79046
79063
79093
79133
79142
79145
79152
79158
79169
79177
79181
79185
79186
79195
79215
79228
79241
79244
79253
79260
79276
79294
79302
79318
79342
79401
79422
79430
79442
79448
79458
79471
79478
79482
79513
79517
79542
79586
79612
79615
79626
79646
79652
79653
79679
79680
79683
79699
79705
79722
79729
79749
79778
79782
79794
79795
79806
79824
79826
79836
79841
79852
79868
79869
79879
79883
79900
79918
79921
79928
79932
79935
79952
79981
79989
80016
80029
80042
80061
80075
80077
80095
80131
80145
80150
80161
80179
80188
80200
80211
80213
80217
80228
80243
80246
80248
80258
80266
80296
80335
80338
80343
80360
80377
80384
80389
80405
80414
80423
80435
80449
80454
80456
80466
80469
80470
80487
80492
80501
80530
80542
80552
80566
80567
80569
80581
80607
80608
80628
80649
80660
80686
80688
80692
80721
80726
80739
80746
80752
80753
80755
80798
80809
80812
80816
80821
80822
80832
80860
80862
80863
80885
80898
80904
80913
80914
80917
80940
80958
80967
80984
80985
81019
81055
81066
81068
81100
81101
81110
81129
81146
81147
81172
81190
81192
81204
81216
81261
81296
81297
81306
81312
81324
81332
81335
81349
81382
81392
81405
81434
81450
81451
81470
81473
81496
81498
81521
81525
81533
81536
81562
81571
81583
81593
81612
81627
81628
81633
81640
81648
81666
81684
81704
81715
81716
81717
81725
81728
81736
81739
81751
81766
81769
81784
81797
81809
81813
81823
81832
81834
81848
81849
81859
81863
81869
81890
81918
81919
81925
81926
81936
81941
81954
81956
81963
81970
81979
81996
82011
82015
82016
82020
82021
82031
82055
82063
82065
82088
82091
82125
82134
82142
82150
82153
82157
82158
82214
82219
82232
82237
82245
82247
82270
82283
82287
82294
82314
82320
82322
82328
82336
82346
82351
82396
82411
82420
82428
82441
82494
82499
82500
82504
82507
82519
82542
82564
82572
82582
82622
82623
82627
82657
82711
82718
82743
82746
82774
82782
82784
82796
82800
82802
82823
82827
82830
82837
82861
82875
82887
82891
82898
82922
82929
82931
82934
82936
82958
82966
82982
82983
82997
83001
83002
83003
83009
83012
83023
83038
83047
83065
83070
83091
83095
83097
83116
83121
83129
83131
83140
83152
83179
83200
83201
83203
83206
83213
83218
83224
83227
83234
83236
83240
83261
83295
83312
83321
83338
83361
83364
83394
83396
83414
83420
83422
83424
83425
83432
83435
83436
83445
83472
83481
83516
83527
83535
83562
83597
83602
83609
83629
83631
83645
83662
83664
83667
83671
83672
83678
83682
83684
83700
83726
83727
83728
83747
83799
83803
83805
83815
83819
83826
83837
83856
83859
83872
83873
83887
83888
83905
83906
83907
83913
83921
83941
83975
83997
84001
84006
84010
84018
84025
84035
84045
84049
84056
84067
84086
84098
84125
84137
84154
84163
84164
84167
84168
84178
84228
84232
84233
84234
84245
84253
84255
84290
84295
84306
84309
84316
84319
84326
84337
84359
84382
84397
84416
84430
84436
84455
84461
84464
84476
84477
84479
84480
84482
84523
84527
84554
84560
84561
84576
84582
84594
84600
84608
84636
84657
84664
84676
84677
84681
84683
84707
84712
84715
84741
84743
84749
84751
84762
84765
84773
84776
84777
84790
84814
84818
84821
84839
84845
84847
84852
84893
84898
84923
84932
84933
84940
84946
84951
84961
84973
84990
84999
85018
85026
85029
85032
85037
85039
85042
85047
85049
85053
85072
85082
85087
85088
85106
85117
85118
85136
85137
85138
85141
85147
85170
85174
85183
85202
85232
85244
85250
85265
85269
85275
85304
85318
85338
85342
85345
85350
85360
85386
85393
85399
85420
85422
85455
85483
85496
85503
85506
85512
85513
85522
85527
85530
85531
85553
85556
85565
85571
85583
85600
85618
85626
85644
85658
85664
85671
85678
85679
85693
85704
85710
85716
85743
85747
85771
85779
85783
85786
85791
85801
85821
85833
85843
85854
85867
85868
85882
85888
85899
85911
85924
85926
85936
85941
85995
86011
86020
86030
86044
86055
86062
86089
86091
86101
86117
86127
86129
86140
86152
86178
86181
86188
86192
86226
86232
86246
86248
86266
86298
86324
86329
86334
86337
86345
86348
86379
86380
86389
86412
86420
86433
86436
86450
86451
86465
86485
86487
86489
86512
86529
86532
86541
86566
86595
86606
86623
86644
86656
86667
86672
86684
86711
86721
86722
86758
86759
86766
86772
86773
86774
86777
86787
86790
86820
86827
86828
86829
86831
86835
86837
86840
86849
86856
86874
86875
86909
86915
86918
86919
86923
86926
86931
86935
86950
86980
86983
86986
87003
87034
87039
87041
87050
87073
87109
87121
87136
87149
87151
87159
87160
87180
87188
87196
87204
87261
87280
87302
87305
87317
87336
87339
87354
87357
87367
87375
87378
87379
87408
87409
87411
87439
87446
87454
87456
87484
87487
87492
87493
87497
87515
87530
87545
87566
87574
87578
87583
87584
87589
87592
87594
87621
87626
87632
87646
87673
87683
87705
87769
87787
87798
87799
87806
87818
87822
87841
87865
87870
87871
87898
87902
87914
87937
87948
87949
87971
87986
87987
88003
88011
88018
88020
88027
88035
88040
88052
88068
88072
88074
88080
88106
88109
88112
88114
88120
88138
88140
88143
88198
88206
88217
88246
88249
88257
88282
88301
88321
88325
88338
88349
88353
88372
88377
88395
88401
88402
88407
88408
88415
88425
88439
88441
88444
88464
88481
88503
88506
88508
88522
88528
88556
88558
88572
88582
88590
88596
88605
88608
88612
88645
88646
88650
88665
88673
88679
88707
88715
88756
88761
88767
88778
88796
88797
88815
88827
88831
88851
88863
88874
88878
88881
88891
88903
88909
88917
88919
88934
88935
88940
88947
88952
88954
88969
88995
89000
89007
89021
89024
89087
89123
89129
89131
89143
89145
89146
89174
89181
89206
89207
89212
89243
89252
89285
89304
89308
89313
89316
89326
89332
89348
89365
89366
89369
89384
89399
89409
89417
89422
89428
89441
89453
89459
89471
89494
89509
89542
89566
89598
89609
89619
89620
89623
89632
89633
89665
89677
89681
89688
89709
89716
89737
89738
89744
89746
89757
89758
89763
89793
89801
89802
89809
89812
89832
89833
89841
89857
89859
89870
89893
89899
89912
89927
89928
89971
89976
89979
89982
90018
90023
90043
90045
90049
90071
90088
90100
90105
90118
90126
90138
90149
90151
90159
90169
90181
90195
90215
90219
90222
90223
90234
90238
90261
90301
90313
90337
90360
90364
90366
90368
90370
90465
90470
90520
90523
90530
90545
90546
90548
90585
90590
90596
90653
90654
90690
90692
90694
90706
90761
90762
90763
90767
90786
90799
90801
90802
90814
90833
90852
90855
90865
90923
90924
90927
90945
90946
90955
90964
90968
90982
90988
91002
91035
91074
91078
91080
91088
91096
91099
91129
91132
91158
91163
91181
91188
91206
91216
91220
91236
91246
91282
91300
91306
91313
91323
91328
91329
91341
91351
91392
91411
91418
91432
91436
91452
91459
91461
91462
91467
91483
91500
91510
91552
91558
91559
91567
91574
91576
91582
91583
91585
91609
91621
91646
91652
91661
91672
91685
91722
91726
91738
91745
91747
91767
91770
91804
91811
91823
91840
91841
91869
91872
91883
91900
91928
91930
91934
91936
91944
91982
91985
92022
92059
92064
92066
92072
92080
92081
92085
92089
92090
92096
92098
92100
92101
92114
92122
92124
92137
92144
92175
92208
92213
92215
92224
92230
92233
92250
92272
92275
92281
92295
92329
92338
92347
92360
92378
92388
92396
92406
92407
92408
92418
92436
92440
92454
92458
92460
92465
92477
92496
92508
92524
92533
92548
92557
92561
92569
92574
92606
92612
92629
92640
92671
92718
92738
92773
92804
92808
92815
92817
92822
92828
92843
92859
92865
92872
92883
92888
92893
92896
92901
92902
92904
92942
92952
92964
92974
92978
92979
92991
93001
93002
93020
93048
93049
93054
93068
93070
93084
93105
93108
93113
93132
93136
93142
93153
93163
93180
93212
93227
93228
93232
93276
93290
93306
93329
93357
93380
93382
93384
93389
93396
93403
93410
93411
93421
93431
93438
93452
93455
93456
93494
93495
93509
93523
93545
93565
93570
93574
93624
93630
93646
93655
93666
93671
93698
93715
93720
93734
93744
93749
93758
93760
93788
93796
93799
93802
93815
93841
93842
93861
93875
93924
93933
93936
93941
93942
93951
93954
93980
93984
94007
94011
94044
94051
94089
94099
94102
94106
94113
94115
94130
94147
94150
94154
94165
94194
94272
94287
94310
94332
94333
94348
94356
94363
94364
94387
94393
94395
94401
94402
94436
94439
94441
94442
94445
94469
94503
94510
94514
94529
94530
94558
94567
94578
94588
94614
94634
94640
94668
94672
94674
94676
94726
94733
94744
94768
94771
94775
94804
94830
94844
94852
94868
94870
94908
94916
94929
94932
94939
94957
94982
94996
95027
95033
95064
95075
95093
95105
95111
95116
95124
95129
95150
95156
95189
95195
95212
95219
95224
95233
95234
95268
95271
95277
95297
95301
95311
95326
95335
95339
95342
95369
95377
95392
95401
95410
95429
95477
95490
95511
95528
95549
95551
95559
95567
95584
95592
95631
95635
95636
95645
95649
95654
95664
95683
95686
95712
95715
95719
95721
95722
95741
95769
95774
95777
95783
95789
95792
95810
95816
95819
95826
95829
95839
95866
95868
95869
95879
95885
95889
95892
95893
95900
95928
95955
96003
96008
96012
96032
96043
96049
96057
96065
96090
96100
96103
96114
96129
96132
96134
96140
96147
96151
96161
96177
96181
96205
96209
96212
96230
96237
96276
96278
96279
96282
96283
96289
96294
96335
96339
96353
96366
96375
96423
96429
96440
96460
96475
96476
96493
96496
96498
96502
96503
96516
96519
96527
96533
96581
96583
96585
96587
96607
96612
96639
96654
96709
96715
96732
96741
96745
96757
96768
96777
96781
96784
96791
96799
96813
96817
96846
96852
96864
96867
96873
96885
96893
96922
96936
96966
96987
97024
97032
97034
97036
97042
97054
97101
97128
97148
97157
97173
97180
97206
97209
97212
97233
97241
97250
97257
97279
97304
97313
97319
97332
97335
97338
97344
97355
97368
97385
97397
97405
97408
97410
97413
97417
97419
97420
97459
97467
97486
97492
97496
97504
97518
97552
97597
97613
97616
97635
97640
97665
97700
97702
97719
97762
97799
97803
97804
97864
97869
97891
97892
97893
97898
97955
97986
97990
97992
98012
98024
98029
98043
98050
98069
98071
98078
98083
98098
98102
98108
98111
98119
98125
98132
98142
98145
98159
98171
98176
98179
98181
98190
98210
98230
98266
98269
98270
98278
98289
98302
98315
98377
98402
98415
98427
98434
98443
98456
98485
98489
98512
98513
98520
98549
98553
98564
98586
98593
98607
98615
98637
98646
98672
98710
98732
98744
98747
98750
98766
98779
98802
98803
98823
98830
98832
98843
98846
98855
98858
98859
98861
98865
98883
98887
98893
98898
98901
98916
98925
98938
98952
98962
98977
98979
99019
99023
99047
99056
99089
99113
99116
99117
99128
99132
99135
99139
99156
99169
99225
99231
99234
99241
99268
99269
99314
99319
99357
99375
99393
99396
99407
99421
99439
99450
99452
99453
99493
99500
99505
99508
99520
99531
99548
99564
99579
99585
99596
99606
99635
99650
99651
99657
99670
99681
99690
99692
99695
99715
99716
99721
99730
99750
99763
99765
99775
99787
99791
99795
99798
99810
99850
99858
99910
99920
99929
99965
99974
99978
99985
99988
