14
30
31
32
37
50
77
86
92
122
130
138
139
155
156
224
244
250
264
308
396
417
422
437
480
481
487
495
512
520
536
539
541
550
552
568
574
576
585
612
623
693
710
739
740
744
747
832
834
857
863
868
869
874
888
938
972
985
1011
1020
1022
1030
1044
1046
1086
1087
1090
1149
1154
1183
1189
1204
1208
1213
1232
1255
1257
1285
1289
1302
1309
1326
1344
1388
1401
1404
1418
1420
1467
1470
1490
1502
1552
1623
1627
1663
1674
1695
1700
1717
1731
1736
1739
1751
1774
1789
1808
1813
1814
1817
1827
1853
1919
1927
1940
1948
2006
2015
2038
2068
2095
2114
2147
2151
2210
2232
2245
2299
2310
2325
2351
2363
2365
2407
2414
2428
2437
2442
2446
2464
2466
2473
2479
2496
2507
2541
2545
2571
2572
2588
2601
2605
2612
2641
2654
2669
2677
2680
2703
2714
2768
2782
2801
2822
2956
2963
2994
3043
3052
3069
3086
3109
3114
3115
3138
3142
3149
3174
3192
3216
3218
3220
3280
3282
3301
3316
3381
3383
3410
3411
3425
3455
3457
3462
3467
3524
3529
3530
3552
3553
3558
3582
3599
3607
3615
3620
3623
3645
3653
3675
3704
3710
3744
3757
3774
3802
3807
3826
3829
3836
3837
3838
3926
3928
3980
3987
4017
4025
4039
4040
4050
4093
4221
4247
4268
4275
4390
4407
4416
4425
4440
4457
4460
4464
4476
4480
4481
4484
4491
4529
4530
4542
4560
4569
4581
4587
4608
4643
4645
4659
4663
4684
4699
4722
4767
4779
4785
4816
4830
4831
4838
4851
4853
4876
4895
4925
4945
4959
4968
5018
5021
5028
5030
5031
5040
5042
5047
5058
5106
5108
5126
5139
5148
5153
5196
5264
5276
5296
5302
5349
5393
5418
5436
5448
5486
5489
5499
5530
5540
5615
5627
5629
5646
5672
5676
5680
5691
5698
5715
5725
5742
5756
5758
5784
5791
5792
5822
5845
5870
5885
5924
5948
5992
6041
6042
6103
6129
6133
6164
6170
6193
6196
6199
6203
6221
6245
6248
6290
6295
6336
6341
6359
6381
6394
6395
6416
6458
6473
6490
6512
6515
6520
6549
6550
6567
6574
6589
6591
6601
6602
6613
6627
6673
6676
6690
6701
6711
6736
6750
6751
6786
6822
6853
6857
6863
6879
6896
6909
6956
6957
6959
7006
7052
7075
7077
7079
7109
7111
7117
7126
7139
7204
7239
7284
7310
7327
7331
7350
7372
7416
7418
7436
7442
7461
7484
7487
7496
7513
7557
7569
7586
7597
7654
7667
7685
7729
7764
7780
7790
7818
7828
7863
7873
7884
7911
7980
8061
8073
8077
8092
8117
8158
8167
8198
8204
8215
8220
8226
8232
8246
8282
8283
8331
8373
8393
8398
8414
8434
8459
8464
8490
8493
8514
8518
8612
8619
8657
8663
8666
8693
8696
8697
8704
8706
8716
8726
8751
8754
8780
8782
8794
8834
8860
8904
8910
8918
8940
8956
8973
8975
8987
8990
8992
8998
9031
9044
9072
9079
9092
9096
9124
9195
9210
9230
9231
9246
9264
9276
9277
9283
9284
9309
9316
9322
9326
9359
9386
9445
9449
9494
9502
9506
9540
9589
9624
9646
9650
9652
9653
9687
9689
9690
9722
9748
9776
9783
9802
9808
9823
9832
9847
9875
9901
9904
9911
9919
9932
9933
9941
9945
9947
9960
9976
9977
10008
10052
10060
10086
10089
10131
10142
10192
10196
10264
10293
10298
10309
10321
10358
10363
10403
10413
10482
10504
10506
10518
10522
10559
10582
10593
10597
10638
10641
10699
10702
10704
10713
10736
10774
10834
10839
10859
10870
10910
10921
10932
10944
10982
10990
11007
11052
11081
11173
11234
11237
11244
11251
11253
11258
11281
11292
11303
11322
11337
11341
11359
11380
11387
11399
11416
11447
11471
11478
11482
11484
11504
11514
11532
11585
11600
11603
11611
11630
11631
11667
11683
11685
11696
11715
11717
11730
11735
11762
11765
11766
11809
11851
11853
11869
11904
11925
11936
11947
11962
12024
12053
12079
12081
12085
12100
12123
12149
12175
12189
12222
12223
12244
12276
12283
12331
12335
12366
12412
12417
12497
12576
12592
12624
12702
12703
12772
12782
12783
12790
12797
12822
12828
12834
12838
12849
12853
12867
12878
12950
12977
13005
13025
13040
13071
13080
13081
13093
13119
13166
13169
13189
13233
13252
13260
13277
13292
13315
13321
13377
13381
13385
13386
13388
13419
13425
13442
13454
13469
13474
13484
13494
13511
13543
13619
13629
13631
13643
13682
13716
13771
13776
13786
13802
13806
13842
13899
13915
13918
13930
13937
13950
13967
13968
13982
13985
14004
14016
14030
14058
14083
14088
14135
14140
14144
14163
14173
14224
14240
14241
14266
14323
14341
14402
14420
14424
14435
14469
14495
14505
14506
14512
14519
14541
14543
14548
14549
14572
14580
14610
14632
14657
14666
14673
14675
14714
14716
14725
14742
14778
14819
14827
14846
14904
14926
14931
14943
14957
14958
14966
14988
15006
15008
15019
15024
15029
15049
15061
15081
15083
15100
15142
15171
15190
15212
15215
15220
15236
15252
15274
15323
15338
15387
15393
15397
15404
15420
15469
15484
15488
15508
15529
15555
15557
15574
15579
15588
15589
15613
15678
15697
15729
15751
15764
15822
15845
15907
15920
15925
15929
15937
15979
16031
16046
16047
16077
16101
16129
16146
16148
16153
16176
16177
16183
16204
16205
16207
16256
16257
16262
16304
16317
16325
16341
16364
16369
16382
16417
16461
16463
16489
16499
16528
16536
16537
16552
16570
16573
16591
16606
16624
16640
16670
16691
16726
16772
16782
16807
16813
16826
16865
16868
16923
16939
16948
16991
17002
17037
17046
17063
17091
17099
17107
17111
17138
17146
17147
17154
17169
17189
17208
17225
17229
17237
17251
17257
17286
17299
17358
17386
17404
17436
17438
17467
17471
17486
17489
17501
17505
17540
17558
17568
17569
17574
17578
17584
17605
17607
17629
17660
17673
17680
17734
17749
17751
17755
17773
17786
17794
17813
17821
17824
17827
17844
17846
17870
17877
17887
17891
17942
17961
17964
17972
18009
18020
18040
18047
18062
18110
18115
18165
18166
18172
18228
18248
18266
18271
18287
18298
18309
18323
18330
18354
18378
18401
18407
18420
18423
18489
18511
18530
18553
18571
18580
18592
18609
18617
18646
18711
18726
18740
18794
18811
18835
18866
18886
18903
18904
18906
18915
18932
18947
18985
19015
19040
19047
19089
19105
19110
19138
19180
19226
19241
19242
19253
19266
19302
19316
19325
19348
19394
19397
19439
19447
19475
19477
19480
19519
19520
19521
19522
19535
19557
19561
19582
19597
19609
19627
19650
19690
19693
19716
19760
19796
19821
19859
19882
19890
19898
19911
19919
19920
19945
19990
20028
20045
20063
20087
20088
20092
20125
20143
20154
20193
20237
20238
20250
20266
20296
20315
20316
20331
20345
20362
20363
20394
20440
20450
20493
20494
20497
20562
20586
20628
20652
20654
20668
20673
20699
20708
20712
20737
20740
20750
20752
20768
20777
20791
20808
20812
20814
20841
20844
20847
20864
20908
20932
20971
20984
21000
21013
21017
21018
21029
21095
21104
21112
21138
21145
21165
21182
21183
21207
21227
21231
21251
21258
21281
21286
21298
21307
21340
21355
21362
21408
21411
21418
21423
21444
21452
21459
21480
21486
21492
21505
21507
21513
21521
21556
21589
21612
21651
21663
21669
21687
21688
21706
21720
21726
21770
21774
21792
21809
21816
21827
21879
21900
21914
21923
21961
21971
21974
21984
21993
22009
22010
22014
22046
22057
22077
22090
22103
22147
22195
22199
22215
22217
22220
22227
22246
22247
22252
22259
22263
22277
22294
22297
22300
22308
22322
22340
22352
22357
22370
22379
22451
22466
22470
22502
22514
22548
22601
22604
22665
22680
22704
22711
22719
22784
22813
22822
22834
22840
22852
22901
22914
22925
22937
22940
22965
22975
22981
22996
23008
23012
23060
23068
23076
23084
23098
23134
23147
23149
23154
23184
23195
23227
23231
23247
23293
23298
23302
23325
23357
23387
23427
23499
23543
23552
23609
23621
23643
23667
23674
23735
23736
23763
23776
23817
23840
23841
23844
23851
23883
23887
23898
23899
23906
23917
23969
23971
23977
23979
23993
24001
24004
24034
24101
24113
24118
24139
24192
24209
24222
24225
24237
24244
24249
24273
24277
24281
24318
24334
24335
24353
24354
24355
24358
24359
24364
24376
24404
24408
24409
24428
24590
24593
24595
24600
24603
24640
24641
24657
24658
24672
24677
24693
24724
24745
24747
24757
24760
24818
24851
24853
24863
24869
24896
24897
24909
24912
24914
24929
24956
24970
24980
24993
25011
25040
25064
25076
25143
25168
25173
25184
25191
25205
25211
25229
25241
25246
25248
25289
25291
25321
25322
25385
25417
25460
25478
25497
25498
25502
25516
25528
25564
25570
25580
25584
25634
25646
25692
25702
25704
25710
25731
25739
25755
25762
25776
25785
25805
25808
25817
25834
25847
25866
25869
25908
25932
25952
25983
26027
26053
26057
26065
26075
26078
26084
26093
26103
26129
26218
26242
26246
26290
26306
26319
26352
26356
26358
26361
26383
26393
26398
26400
26412
26421
26423
26435
26448
26475
26496
26498
26500
26507
26526
26527
26531
26547
26560
26561
26577
26591
26622
26640
26651
26672
26711
26712
26724
26752
26761
26770
26863
26874
26884
26903
26912
26924
26931
26932
26952
26958
26992
27030
27034
27043
27048
27050
27058
27063
27132
27159
27171
27223
27234
27255
27263
27282
27283
27292
27357
27380
27452
27461
27472
27485
27495
27498
27506
27532
27544
27565
27570
27597
27624
27651
27663
27678
27697
27701
27702
27724
27738
27764
27799
27809
27894
28027
28040
28051
28059
28125
28132
28138
28173
28181
28195
28197
28198
28245
28251
28262
28284
28330
28346
28368
28379
28396
28397
28430
28450
28451
28477
28478
28487
28488
28492
28503
28537
28560
28565
28583
28621
28630
28634
28668
28692
28711
28740
28744
28793
28818
28833
28856
28862
28893
28897
28963
28965
28968
29026
29076
29084
29096
29106
29109
29114
29115
29135
29136
29150
29161
29207
29211
29221
29236
29255
29264
29270
29290
29308
29342
29366
29370
29400
29409
29423
29435
29509
29516
29519
29578
29583
29590
29593
29603
29622
29659
29684
29753
29757
29766
29781
29782
29826
29859
29889
29890
29902
29933
29958
30004
30005
30065
30080
30138
30149
30152
30160
30162
30173
30177
30204
30217
30228
30236
30253
30256
30296
30297
30299
30302
30306
30338
30350
30352
30355
30357
30359
30371
30447
30452
30464
30481
30492
30500
30508
30525
30548
30554
30562
30574
30582
30583
30607
30617
30631
30647
30658
30683
30686
30696
30698
30700
30723
30730
30742
30747
30751
30784
30808
30815
30825
30877
30889
30906
30922
30945
30952
30989
31005
31041
31050
31056
31064
31070
31077
31080
31082
31083
31113
31124
31129
31142
31181
31186
31198
31235
31289
31302
31364
31380
31391
31408
31431
31460
31475
31480
31481
31525
31543
31548
31582
31588
31639
31682
31724
31737
31762
31772
31814
31825
31834
31838
31842
31850
31859
31863
31901
31904
31917
31919
31933
31996
32015
32020
32051
32059
32087
32096
32106
32108
32165
32176
32187
32192
32206
32207
32223
32225
32235
32250
32253
32278
32299
32306
32319
32325
32334
32349
32371
32383
32426
32444
32509
32514
32560
32564
32571
32576
32589
32596
32601
32608
32625
32626
32639
32662
32664
32670
32691
32711
32719
32736
32743
32753
32770
32833
32853
32859
32866
32882
32919
32922
32946
32994
33005
33025
33038
33041
33044
33045
33057
33066
33070
33085
33129
33131
33133
33138
33146
33177
33181
33184
33203
33204
33260
33282
33286
33332
33369
33381
33409
33457
33497
33503
33524
33534
33584
33610
33630
33684
33686
33764
33794
33796
33799
33819
33854
33857
33874
33888
33919
33944
33946
33961
33983
33995
34002
34045
34102
34123
34152
34166
34183
34187
34196
34202
34225
34233
34235
34267
34275
34294
34314
34318
34341
34348
34350
34369
34373
34376
34377
34405
34406
34432
34438
34444
34455
34464
34468
34517
34532
34539
34541
34546
34559
34561
34563
34566
34571
34575
34583
34599
34650
34662
34666
34667
34679
34693
34700
34708
34724
34741
34766
34772
34798
34862
34889
34900
34910
34949
34960
34992
34999
35013
35053
35063
35088
35092
35095
35104
35116
35147
35158
35228
35245
35279
35320
35323
35332
35336
35351
35366
35367
35372
35411
35431
35500
35541
35557
35572
35597
35612
35639
35644
35661
35666
35675
35717
35721
35725
35736
35737
35744
35745
35746
35762
35770
35774
35777
35782
35788
35804
35810
35813
35827
35835
35842
35848
35851
35857
35860
35863
35869
35884
35891
35943
35956
35982
35989
36023
36044
36052
36078
36079
36110
36111
36127
36178
36181
36188
36199
36231
36242
36244
36288
36312
36329
36348
36354
36388
36418
36421
36439
36442
36457
36465
36484
36489
36507
36544
36560
36568
36585
36588
36594
36619
36622
36657
36658
36663
36689
36720
36731
36756
36767
36787
36813
36827
36886
36910
36929
36953
36963
36975
36991
37044
37050
37068
37079
37086
37089
37093
37125
37161
37173
37187
37204
37239
37243
37273
37277
37279
37280
37297
37302
37327
37348
37352
37354
37360
37379
37390
37411
37414
37446
37447
37460
37506
37507
37531
37579
37601
37605
37611
37629
37654
37676
37711
37713
37722
37742
37779
37798
37801
37857
37876
37887
37899
37945
37952
37974
38005
38025
38033
38053
38054
38103
38114
38117
38124
38155
38165
38177
38182
38185
38199
38201
38216
38244
38252
38261
38267
38280
38290
38311
38350
38358
38387
38389
38441
38444
38453
38468
38473
38570
38584
38596
38611
38621
38634
38637
38643
38666
38675
38742
38757
38803
38818
38820
38826
38838
38854
38866
38868
38889
38915
38920
38922
38923
38924
38956
38957
38969
38978
38980
38981
38982
38992
38994
39028
39047
39054
39082
39083
39103
39125
39154
39211
39239
39281
39287
39333
39340
39389
39393
39424
39429
39437
39453
39455
39462
39499
39506
39511
39512
39530
39534
39561
39586
39594
39596
39625
39626
39633
39650
39659
39692
39697
39717
39744
39748
39783
39789
39808
39819
39899
39909
39928
39969
39970
39976
39983
39995
40016
40039
40044
40048
40067
40076
40077
40087
40128
40159
40165
40197
40205
40212
40215
40238
40265
40266
40304
40318
40330
40346
40354
40372
40374
40381
40398
40403
40422
40427
40443
40453
40477
40495
40540
40628
40664
40699
40733
40734
40756
40759
40766
40774
40795
40886
40894
40951
40955
40977
40979
40989
41002
41019
41036
41050
41064
41073
41123
41129
41140
41171
41202
41245
41278
41306
41307
41311
41318
41355
41361
41375
41380
41405
41488
41534
41564
41565
41614
41629
41639
41641
41647
41651
41731
41742
41768
41772
41779
41786
41790
41808
41834
41849
41876
41930
41932
41935
41939
41943
41974
41983
41993
42017
42084
42116
42121
42141
42163
42177
42180
42302
42304
42330
42333
42335
42354
42362
42423
42433
42443
42452
42453
42511
42546
42550
42562
42563
42568
42591
42594
42597
42601
42614
42616
42650
42652
42655
42679
42687
42700
42720
42733
42735
42741
42742
42770
42792
42809
42822
42824
42854
42869
42962
42967
43026
43032
43045
43068
43069
43083
43087
43092
43108
43124
43136
43246
43281
43295
43338
43368
43369
43403
43411
43417
43421
43433
43496
43566
43628
43644
43718
43722
43724
43741
43749
43760
43768
43778
43788
43852
43856
43865
43930
43948
43994
43995
44002
44005
44026
44063
44082
44117
44139
44161
44207
44240
44260
44301
44346
44384
44389
44416
44417
44426
44431
44434
44435
44453
44455
44459
44483
44488
44491
44501
44502
44505
44520
44526
44539
44551
44557
44562
44600
44635
44661
44665
44686
44692
44765
44767
44771
44775
44844
44850
44967
44993
45037
45039
45068
45076
45084
45088
45182
45208
45213
45215
45221
45224
45248
45299
45308
45311
45321
45365
45370
45380
45394
45409
45452
45476
45504
45517
45532
45564
45595
45596
45601
45602
45604
45606
45614
45633
45690
45691
45703
45752
45755
45773
45793
45838
45839
45852
45857
45872
45877
45898
45908
45928
45938
45979
45984
45999
46000
46001
46014
46051
46075
46078
46081
46089
46141
46149
46157
46172
46180
46188
46192
46220
46230
46231
46234
46290
46294
46302
46332
46382
46411
46413
46445
46449
46452
46461
46464
46466
46474
46537
46547
46555
46556
46560
46576
46580
46588
46590
46650
46670
46729
46741
46747
46756
46780
46781
46809
46816
46821
46832
46836
46846
46848
46858
46879
46880
46884
46889
46893
46897
46929
46932
46945
47011
47036
47053
47121
47122
47124
47129
47139
47147
47160
47188
47223
47230
47234
47242
47248
47264
47273
47279
47302
47311
47323
47345
47355
47356
47409
47459
47468
47576
47621
47634
47637
47656
47670
47689
47723
47796
47805
47810
47819
47864
47907
47917
47976
47982
47985
47994
48006
48015
48038
48058
48094
48095
48123
48124
48148
48160
48183
48187
48197
48203
48205
48293
48347
48373
48419
48439
48447
48449
48457
48469
48507
48511
48514
48517
48518
48536
48555
48590
48600
48697
48703
48748
48755
48767
48784
48789
48795
48813
48817
48916
48932
48952
48987
49022
49033
49034
49041
49043
49046
49076
49079
49111
49120
49125
49159
49186
49187
49213
49225
49226
49237
49273
49292
49330
49345
49357
49361
49363
49364
49378
49381
49386
49397
49398
49411
49433
49466
49467
49489
49495
49504
49522
49545
49575
49580
49589
49593
49607
49623
49646
49684
49698
49701
49708
49732
49764
49783
49784
49786
49794
49818
49837
49870
49908
49914
49963
50009
50029
50039
50078
50091
50099
50117
50119
50182
50215
50230
50256
50280
50297
50309
50313
50317
50319
50350
50351
50357
50391
50397
50435
50438
50494
50498
50562
50574
50582
50586
50588
50604
50608
50612
50632
50641
50650
50669
50691
50760
50770
50789
50810
50824
50826
50835
50857
50876
50919
50920
50933
50945
50954
50963
51013
51020
51037
51043
51059
51075
51081
51091
51152
51158
51162
51174
51179
51227
51228
51240
51247
51271
51284
51297
51305
51308
51320
51346
51347
51353
51363
51375
51390
51392
51406
51409
51410
51419
51437
51449
51457
51458
51459
51469
51470
51517
51519
51532
51542
51551
51557
51562
51569
51679
51720
51733
51735
51758
51759
51768
51770
51774
51801
51809
51823
51840
51842
51851
51862
51873
51881
51935
51939
51957
51967
52006
52036
52052
52056
52075
52098
52105
52148
52150
52160
52169
52186
52189
52299
52309
52322
52337
52382
52415
52431
52459
52482
52497
52516
52519
52535
52548
52555
52568
52625
52649
52659
52672
52691
52692
52700
52711
52722
52756
52758
52774
52778
52816
52820
52824
52870
52874
52883
52890
52911
52925
52928
52936
52950
52968
52972
52975
52987
53011
53019
53035
53053
53058
53066
53090
53110
53129
53159
53170
53177
53190
53213
53220
53224
53258
53298
53329
53352
53356
53378
53395
53398
53430
53434
53454
53455
53470
53474
53491
53501
53525
53554
53579
53591
53593
53600
53611
53615
53623
53626
53634
53635
53642
53651
53671
53679
53683
53710
53723
53755
53760
53782
53811
53828
53844
53849
53863
53875
53876
53882
53886
53908
53934
53974
53984
53991
54014
54028
54036
54037
54041
54045
54080
54097
54129
54174
54210
54238
54327
54331
54339
54349
54351
54369
54399
54462
54467
54474
54484
54500
54516
54523
54552
54566
54576
54583
54586
54605
54608
54626
54669
54685
54704
54706
54710
54717
54728
54748
54768
54775
54778
54798
54804
54815
54821
54824
54825
54840
54850
54852
54853
54858
54866
54868
54881
54899
54902
54906
54910
54939
54945
54960
54965
54968
54973
55004
55026
55039
55050
55052
55104
55113
55153
55168
55170
55172
55206
55235
55308
55310
55329
55339
55389
55401
55404
55424
55437
55439
55444
55452
55467
55484
55491
55500
55507
55510
55517
55522
55525
55526
55543
55585
55591
55597
55645
55653
55655
55699
55712
55718
55743
55744
55756
55759
55768
55829
55837
55863
55873
55885
55903
55906
55920
55959
55961
55968
55993
56013
56035
56072
56075
56083
56101
56121
56122
56157
56208
56239
56257
56301
56304
56322
56344
56345
56353
56362
56376
56393
56450
56483
56501
56560
56594
56616
56643
56654
56666
56670
56675
56678
56680
56683
56694
56712
56719
56725
56732
56748
56754
56779
56789
56791
56801
56807
56811
56824
56835
56846
56853
56894
56928
56938
56942
56964
56994
57000
57035
57069
57089
57125
57130
57142
57143
57149
57153
57157
57158
57172
57175
57179
57224
57226
57242
57243
57264
57287
57297
57326
57441
57459
57467
57496
57531
57533
57570
57571
57577
57647
57648
57662
57718
57735
57756
57773
57789
57809
57810
57814
57828
57859
57903
57920
57926
57930
57932
57944
57949
57978
57996
58038
58043
58062
58078
58092
58107
58117
58124
58142
58151
58154
58166
58177
58188
58223
58236
58250
58283
58294
58295
58303
58326
58329
58330
58332
58343
58386
58394
58409
58411
58418
58442
58465
58480
58486
58487
58488
58508
58522
58539
58562
58565
58607
58614
58620
58625
58645
58655
58670
58678
58698
58720
58721
58734
58776
58777
58797
58832
58843
58865
58869
58884
58898
58909
58912
58927
58953
58969
58970
58999
59027
59030
59087
59112
59138
59147
59148
59167
59204
59226
59238
59244
59245
59259
59262
59266
59284
59288
59316
59357
59376
59386
59397
59399
59403
59404
59429
59445
59448
59453
59483
59486
59525
59535
59537
59541
59547
59584
59610
59634
59655
59677
59686
59707
59717
59720
59739
59740
59744
59783
59787
59794
59802
59805
59834
59852
59853
59862
59904
59936
59944
59982
60001
60008
60020
60055
60065
60108
60123
60134
60140
60183
60194
60209
60220
60247
60278
60285
60329
60340
60356
60361
60371
60380
60389
60397
60405
60417
60418
60475
60488
60491
60494
60514
60542
60561
60603
60623
60648
60656
60661
60666
60696
60705
60709
60730
60740
60752
60757
60768
60772
60819
60839
60866
60873
60943
60951
60952
61023
61058
61101
61116
61155
61197
61203
61206
61225
61251
61264
61275
61317
61335
61417
61435
61443
61454
61498
61563
61586
61634
61641
61670
61683
61691
61711
61716
61734
61759
61771
61788
61815
61821
61834
61854
61877
61901
61923
61924
61934
61935
61939
61969
61979
61982
62003
62029
62037
62044
62054
62057
62058
62068
62113
62127
62128
62154
62160
62188
62190
62197
62234
62305
62311
62323
62337
62353
62359
62391
62442
62522
62524
62529
62532
62548
62572
62592
62635
62663
62678
62692
62714
62715
62731
62756
62773
62776
62791
62803
62807
62815
62821
62846
62851
62854
62883
62891
62924
62980
63053
63074
63090
63122
63140
63156
63187
63206
63215
63217
63229
63242
63245
63246
63263
63303
63305
63311
63314
63325
63351
63405
63511
63523
63536
63550
63570
63580
63595
63641
63642
63645
63650
63661
63663
63664
63675
63696
63704
63711
63736
63743
63759
63760
63778
63787
63794
63801
63806
63825
63846
63871
63872
63889
63893
63942
63946
63947
63980
63981
63985
64049
64053
64067
64091
64107
64146
64217
64244
64248
64249
64269
64281
64290
64294
64336
64395
64430
64432
64441
64454
64516
64538
64562
64590
64599
64609
64611
64617
64644
64671
64677
64721
64739
64754
64759
64760
64764
64767
64799
64808
64840
64845
64883
64902
64913
64919
64967
64980
64990
65001
65038
65042
65074
65077
65104
65106
65143
65168
65187
65199
65226
65236
65265
65267
65275
65281
65287
65319
65320
65322
65342
65349
65350
65406
65420
65468
65506
65511
65519
65568
65576
65577
65606
65608
65612
65620
65627
65638
65656
65701
65734
65767
65787
65815
65816
65841
65859
65877
65878
65961
65968
65974
65994
66009
66011
66012
66029
66055
66071
66094
66178
66187
66196
66209
66215
66217
66267
66333
66350
66359
66387
66418
66442
66453
66481
66491
66502
66510
66525
66540
66545
66554
66568
66574
66582
66598
66621
66670
66675
66701
66720
66723
66756
66821
66836
66847
66863
66898
66912
66917
66938
66949
66966
66970
66993
66999
67018
67045
67065
67067
67071
67088
67123
67144
67167
67170
67180
67183
67194
67248
67249
67252
67285
67313
67327
67344
67349
67356
67375
67376
67396
67400
67412
67428
67470
67496
67510
67512
67515
67527
67561
67568
67606
67623
67649
67671
67723
67742
67781
67789
67792
67836
67880
67884
67909
67926
67935
67972
67974
67982
67989
67995
68008
68017
68019
68083
68097
68098
68100
68105
68120
68121
68132
68219
68225
68230
68233
68309
68328
68329
68371
68379
68380
68383
68384
68390
68463
68469
68472
68481
68541
68566
68598
68603
68612
68614
68625
68662
68671
68676
68689
68712
68715
68744
68746
68824
68826
68840
68845
68861
68886
68888
68919
68960
68970
68977
68979
68995
69005
69013
69016
69024
69026
69043
69056
69071
69089
69119
69121
69128
69129
69134
69183
69208
69255
69266
69281
69286
69336
69347
69348
69382
69389
69397
69400
69413
69456
69470
69481
69485
69493
69505
69507
69523
69544
69553
69574
69585
69608
69611
69629
69665
69685
69686
69718
69731
69753
69776
69780
69782
69784
69794
69814
69822
69828
69837
69855
69866
69896
69900
69945
69990
70023
70026
70032
70040
70055
70079
70081
70108
70147
70166
70170
70175
70186
70187
70206
70217
70269
70286
70287
70288
70330
70340
70345
70358
70375
70381
70390
70408
70432
70452
70455
70507
70528
70557
70561
70583
70586
70607
70617
70618
70657
70742
70754
70760
70763
70794
70803
70826
70845
70852
70885
70900
70912
70968
70983
70987
71030
71041
71059
71070
71092
71106
71117
71145
71149
71169
71183
71195
71230
71233
71248
71299
71334
71346
71357
71362
71365
71375
71378
71400
71401
71418
71424
71494
71510
71528
71563
71578
71614
71642
71645
71651
71736
71772
71797
71799
71805
71828
71848
71864
71868
71892
71912
71949
71993
71998
72001
72004
72008
72017
72018
72060
72069
72089
72135
72159
72169
72197
72234
72254
72267
72276
72307
72340
72343
72346
72367
72381
72390
72406
72432
72441
72447
72457
72458
72470
72490
72521
72532
72537
72570
72579
72584
72586
72621
72637
72652
72663
72677
72737
72742
72743
72759
72771
72779
72820
72831
72870
72881
72895
72919
72921
72945
72990
72994
72998
73045
73053
73123
73141
73146
73162
73166
73176
73198
73232
73267
73295
73336
73340
73405
73426
73442
73469
73473
73480
73523
73560
73593
73597
73601
73606
73617
73619
73623
73624
73626
73636
73640
73652
73700
73725
73737
73751
73760
73763
73818
73833
73898
73938
73979
73992
74004
74008
74014
74064
74094
74107
74129
74133
74134
74136
74152
74233
74246
74265
74294
74312
74328
74371
74388
74423
74435
74458
74535
74585
74619
74621
74676
74677
74685
74697
74698
74706
74731
74787
74815
74831
74848
74869
74883
74919
74941
74963
74971
75016
75067
75070
75076
75088
75105
75107
75129
75212
75226
75228
75230
75234
75280
75289
75296
75311
75344
75353
75374
75396
75400
75402
75409
75429
75447
75479
75487
75521
75569
75588
75594
75604
75620
75628
75632
75642
75643
75661
75670
75689
75704
75709
75728
75756
75794
75813
75818
75831
75856
75890
75898
75908
75928
75933
75941
75948
75949
75974
75982
75993
76010
76039
76055
76062
76065
76070
76077
76109
76110
76134
76177
76182
76229
76239
76254
76257
76277
76290
76308
76343
76345
76348
76395
76428
76433
76457
76460
76466
76535
76551
76553
76561
76571
76579
76652
76653
76704
76746
76775
76819
76826
76835
76846
76887
76902
76916
76937
76956
76975
76984
76995
76999
77024
77044
77055
77066
77097
77105
77114
77117
77200
77279
77292
77296
77297
77302
77308
77325
77330
77342
77398
77421
77490
77495
77521
77522
77558
77561
77564
77569
77581
77591
77609
77618
77637
77651
77725
77770
77781
77782
77789
77797
77800
77806
77822
77846
77867
77874
77909
77943
77959
78015
78021
78046
78052
78061
78081
78140
78145
78154
78166
78176
78181
78195
78197
78205
78207
78238
78249
78250
78279
78281
78317
78389
78394
78398
78427
78437
78487
78490
78510
78538
78539
78546
78551
78552
78567
78602
78626
78640
78648
78668
78675
78682
78688
78691
78697
78703
78709
78725
78774
78782
78805
78863
78880
78933
78946
78947
78958
78990
79022
79035
79047
79048
79097
79122
79130
79148
79153
79209
79213
79219
79223
79225
79235
79236
79268
79303
79307
79308
79311
79393
79404
79461
79494
79516
79550
79555
79601
79607
79611
79615
79620
79641
79655
79663
79668
79671
79675
79679
79686
79688
79720
79722
79745
79746
79758
79778
79786
79795
79801
79816
79877
79881
79910
79913
79914
79924
79930
79968
79994
80002
80004
80007
80027
80031
80038
80064
80083
80102
80108
80115
80145
80165
80167
80175
80176
80207
80208
80219
80232
80268
80288
80312
80322
80359
80368
80380
80395
80400
80433
80446
80448
80452
80454
80466
80510
80530
80554
80560
80561
80563
80564
80583
80643
80688
80692
80697
80732
80810
80862
80866
80935
80938
80939
80949
80967
80968
80969
80971
80981
81008
81015
81025
81056
81057
81074
81078
81094
81119
81122
81138
81142
81148
81153
81158
81162
81168
81174
81195
81223
81236
81254
81277
81279
81317
81331
81342
81346
81350
81354
81367
81368
81407
81437
81448
81454
81484
81509
81510
81513
81519
81585
81594
81609
81631
81658
81693
81698
81702
81703
81728
81760
81798
81806
81833
81834
81837
81838
81844
81862
81889
81897
81910
81925
81941
81943
82001
82005
82014
82053
82119
82146
82154
82217
82269
82294
82300
82302
82317
82331
82336
82347
82372
82377
82379
82407
82408
82410
82429
82436
82470
82479
82494
82566
82588
82598
82613
82619
82620
82632
82641
82645
82715
82735
82755
82765
82768
82789
82815
82820
82825
82871
82875
82914
82924
82935
82991
82999
83006
83014
83031
83033
83042
83140
83154
83172
83182
83256
83306
83346
83360
83409
83475
83481
83496
83500
83561
83573
83593
83610
83659
83674
83706
83708
83711
83731
83736
83770
83787
83788
83820
83854
83862
83867
83871
83885
83889
83916
83935
83992
84024
84057
84069
84082
84091
84095
84120
84152
84153
84187
84195
84205
84209
84226
84229
84238
84263
84275
84298
84299
84321
84356
84357
84369
84385
84418
84427
84430
84435
84438
84446
84465
84468
84549
84555
84556
84558
84569
84596
84600
84614
84628
84629
84639
84648
84649
84656
84673
84699
84700
84704
84719
84743
84756
84758
84776
84782
84791
84823
84832
84847
84858
84878
84916
84919
84965
84975
85012
85014
85035
85061
85081
85086
85091
85132
85133
85140
85189
85217
85253
85257
85261
85265
85302
85304
85312
85319
85323
85326
85342
85378
85399
85402
85412
85453
85462
85484
85494
85498
85501
85502
85509
85548
85551
85581
85603
85605
85620
85643
85653
85662
85673
85680
85685
85689
85696
85716
85724
85725
85738
85745
85749
85759
85802
85813
85855
85879
85888
85892
85896
85914
85945
85949
85950
85955
86021
86040
86071
86087
86110
86124
86154
86157
86171
86178
86190
86192
86193
86216
86222
86241
86256
86270
86273
86274
86275
86280
86311
86330
86331
86356
86365
86366
86392
86395
86398
86415
86417
86431
86432
86478
86509
86564
86596
86597
86610
86683
86685
86731
86733
86743
86750
86760
86769
86782
86802
86808
86836
86853
86879
86895
86930
86945
86951
86963
86965
87005
87009
87029
87066
87079
87082
87097
87141
87170
87178
87189
87193
87205
87208
87227
87240
87248
87261
87282
87316
87319
87365
87390
87399
87427
87438
87477
87482
87485
87526
87552
87592
87627
87634
87638
87648
87658
87660
87675
87706
87709
87727
87738
87759
87760
87796
87816
87823
87876
87887
87890
87898
87910
87934
87936
87968
87974
87985
88014
88036
88050
88101
88105
88111
88114
88118
88142
88150
88153
88159
88164
88173
88179
88183
88196
88219
88224
88229
88361
88381
88395
88401
88440
88471
88490
88497
88500
88513
88530
88533
88562
88566
88580
88586
88588
88606
88618
88631
88643
88658
88677
88679
88701
88713
88714
88761
88768
88909
88947
89002
89027
89036
89049
89100
89134
89136
89148
89167
89169
89177
89207
89212
89234
89238
89243
89321
89323
89328
89333
89372
89416
89447
89459
89474
89506
89513
89519
89526
89536
89537
89543
89560
89595
89601
89613
89629
89645
89669
89690
89696
89786
89791
89812
89824
89828
89834
89837
89844
89851
89889
89892
89915
89936
89964
90018
90068
90116
90123
90138
90153
90173
90182
90197
90236
90255
90259
90279
90310
90321
90361
90367
90369
90381
90396
90444
90466
90484
90501
90503
90526
90534
90538
90572
90588
90610
90627
90628
90640
90652
90668
90673
90674
90679
90711
90796
90804
90807
90817
90860
90867
90870
90887
90940
90956
90982
90987
91029
91037
91049
91050
91052
91061
91063
91077
91104
91123
91174
91179
91202
91219
91252
91277
91299
91313
91328
91344
91360
91367
91410
91449
91452
91461
91480
91486
91493
91494
91533
91543
91554
91565
91579
91590
91592
91594
91622
91649
91656
91702
91721
91733
91760
91766
91776
91800
91812
91825
91826
91842
91878
91907
91916
91963
91975
91979
91994
92014
92034
92057
92074
92103
92151
92183
92201
92257
92273
92291
92323
92354
92364
92377
92381
92389
92394
92402
92406
92431
92432
92446
92462
92473
92492
92494
92495
92523
92536
92538
92547
92559
92579
92581
92619
92631
92656
92670
92680
92724
92735
92744
92747
92759
92769
92790
92807
92824
92827
92881
92928
92954
92969
92981
92993
92997
93020
93022
93050
93051
93080
93093
93100
93114
93126
93147
93190
93201
93209
93239
93241
93258
93265
93330
93390
93400
93423
93431
93461
93482
93484
93497
93528
93529
93549
93567
93618
93621
93635
93684
93780
93781
93789
93791
93810
93850
93909
93956
93961
93966
93977
94001
94012
94020
94026
94069
94075
94093
94114
94116
94121
94194
94239
94252
94270
94287
94357
94360
94363
94384
94422
94441
94445
94467
94473
94474
94484
94486
94504
94571
94578
94594
94631
94650
94679
94690
94709
94710
94716
94752
94768
94787
94791
94805
94810
94815
94822
94836
94838
94907
94908
94922
94947
95058
95070
95077
95085
95094
95140
95141
95147
95149
95154
95175
95196
95206
95232
95307
95439
95447
95450
95453
95526
95548
95569
95577
95579
95583
95605
95663
95683
95685
95718
95739
95778
95783
95838
95857
95864
95882
95883
95889
95900
95909
95930
95933
95952
95995
96004
96028
96031
96038
96048
96063
96067
96098
96101
96102
96108
96132
96163
96169
96207
96240
96248
96273
96281
96317
96348
96356
96363
96373
96399
96409
96447
96453
96454
96458
96512
96529
96549
96552
96555
96563
96566
96597
96606
96608
96653
96655
96662
96677
96683
96690
96694
96727
96738
96758
96760
96804
96808
96850
96865
96894
96918
96941
96953
96958
96972
96990
97008
97019
97021
97036
97042
97074
97075
97130
97149
97168
97173
97174
97193
97217
97223
97264
97293
97294
97336
97365
97432
97454
97456
97527
97562
97588
97593
97599
97610
97624
97654
97673
97697
97715
97717
97720
97735
97774
97778
97783
97831
97856
97862
97874
97883
97891
97901
97932
97946
97972
97975
97978
97996
98000
98013
98056
98078
98096
98106
98121
98123
98137
98170
98171
98194
98206
98216
98218
98261
98266
98277
98279
98307
98328
98345
98355
98365
98393
98395
98468
98474
98479
98529
98555
98567
98578
98584
98602
98606
98624
98632
98638
98661
98691
98699
98742
98759
98763
98815
98817
98823
98828
98841
98904
98986
98994
99026
99031
99045
99052
99061
99078
99081
99085
99091
99107
99167
99169
99241
99249
99253
99270
99276
99334
99350
99361
99401
99458
99465
99567
99575
99579
99581
99587
99599
99614
99630
99636
99666
99668
99676
99677
99691
99714
99741
99835
99855
99857
99875
99920
99956
99980
99983
99990
--------
13
14
22
28
30
31
32
37
48
50
52
55
64
69
75
77
86
90
92
122
130
138
139
144
150
155
156
222
224
244
250
264
265
267
281
290
303
305
308
317
326
339
340
384
394
396
405
406
417
422
436
437
467
480
481
485
486
487
494
495
500
512
516
520
536
538
539
541
550
552
564
568
569
570
574
576
585
608
612
618
623
629
638
643
652
672
676
693
702
710
716
739
740
744
747
751
755
765
780
799
813
832
834
843
854
855
857
863
868
869
874
888
909
933
935
938
948
952
962
972
985
1011
1017
1019
1020
1022
1030
1038
1044
1046
1062
1086
1087
1089
1090
1091
1121
1132
1138
1149
1154
1159
1160
1168
1172
1183
1189
1197
1199
1203
1204
1208
1213
1232
1233
1255
1257
1262
1272
1273
1276
1285
1286
1289
1302
1303
1309
1310
1326
1329
1337
1344
1347
1382
1388
1400
1401
1404
1418
1420
1425
1452
1462
1467
1470
1486
1490
1502
1514
1519
1524
1535
1541
1542
1552
1587
1600
1608
1623
1627
1663
1669
1674
1677
1695
1696
1697
1700
1713
1715
1717
1731
1733
1735
1736
1739
1751
1774
1789
1808
1813
1814
1817
1827
1849
1853
1868
1892
1908
1919
1923
1927
1934
1940
1948
1953
1981
1984
1995
2001
2006
2015
2038
2040
2068
2095
2096
2114
2125
2147
2149
2151
2176
2210
2215
2218
2232
2245
2250
2254
2277
2292
2299
2302
2308
2310
2325
2347
2351
2363
2365
2397
2407
2414
2426
2428
2437
2442
2446
2460
2464
2466
2473
2479
2496
2507
2511
2522
2541
2545
2551
2559
2562
2563
2565
2571
2572
2588
2601
2605
2612
2624
2641
2643
2653
2654
2669
2677
2680
2681
2684
2689
2700
2703
2714
2726
2749
2763
2768
2782
2785
2792
2801
2806
2819
2822
2833
2842
2848
2858
2883
2885
2892
2914
2951
2956
2957
2963
2979
2991
2994
3008
3009
3036
3037
3043
3052
3066
3069
3086
3108
3109
3114
3115
3138
3142
3149
3174
3176
3192
3196
3200
3216
3218
3220
3256
3276
3280
3282
3288
3299
3301
3306
3311
3316
3323
3325
3330
3351
3356
3362
3368
3381
3383
3387
3391
3401
3408
3410
3411
3412
3421
3425
3435
3438
3442
3452
3455
3457
3462
3467
3499
3507
3524
3529
3530
3552
3553
3556
3558
3570
3575
3582
3589
3599
3607
3615
3617
3620
3623
3645
3652
3653
3665
3668
3669
3675
3702
3704
3710
3713
3744
3746
3747
3757
3768
3774
3777
3782
3791
3794
3802
3807
3826
3829
3836
3837
3838
3839
3840
3843
3891
3908
3915
3926
3928
3934
3980
3987
4004
4005
4017
4025
4031
4034
4039
4040
4050
4067
4082
4085
4093
4104
4112
4145
4148
4166
4182
4202
4221
4228
4229
4247
4249
4255
4262
4264
4268
4275
4280
4283
4286
4297
4390
4392
4403
4407
4416
4425
4440
4454
4457
4460
4464
4476
4480
4481
4484
4491
4493
4505
4529
4530
4536
4539
4542
4550
4553
4560
4569
4581
4587
4601
4608
4615
4617
4642
4643
4645
4648
4649
4650
4651
4656
4659
4663
4684
4692
4694
4699
4701
4708
4709
4722
4767
4769
4779
4785
4816
4830
4831
4838
4851
4853
4865
4866
4876
4880
4887
4895
4906
4920
4924
4925
4943
4945
4958
4959
4968
4970
4983
4989
5004
5012
5018
5021
5028
5030
5031
5040
5042
5047
5058
5063
5069
5079
5106
5108
5117
5126
5139
5148
5149
5151
5153
5196
5199
5209
5213
5230
5233
5241
5259
5262
5264
5266
5276
5280
5292
5295
5296
5302
5322
5325
5349
5364
5377
5393
5397
5402
5410
5412
5415
5416
5418
5428
5436
5448
5458
5465
5468
5473
5479
5480
5486
5489
5490
5499
5505
5526
5530
5540
5560
5605
5615
5627
5629
5646
5650
5672
5676
5680
5689
5691
5694
5698
5715
5725
5737
5742
5756
5758
5782
5784
5791
5792
5799
5814
5822
5823
5845
5848
5862
5867
5870
5874
5885
5887
5901
5924
5940
5948
5951
5972
5982
5992
6005
6010
6019
6030
6041
6042
6047
6050
6071
6079
6080
6083
6099
6103
6113
6122
6129
6133
6153
6155
6164
6165
6169
6170
6177
6182
6186
6193
6196
6199
6203
6221
6245
6248
6250
6274
6278
6280
6290
6295
6312
6314
6336
6341
6345
6359
6362
6381
6394
6395
6412
6415
6416
6451
6458
6465
6473
6490
6510
6512
6515
6520
6526
6549
6550
6557
6567
6574
6579
6589
6591
6594
6596
6601
6602
6613
6627
6630
6651
6671
6673
6676
6690
6701
6711
6722
6736
6742
6750
6751
6763
6786
6789
6822
6853
6855
6857
6861
6863
6879
6895
6896
6899
6909
6927
6937
6943
6956
6957
6959
6962
6987
6991
7006
7022
7052
7073
7075
7077
7079
7080
7108
7109
7111
7117
7123
7126
7136
7139
7147
7176
7179
7184
7204
7237
7239
7242
7243
7265
7284
7299
7310
7327
7331
7342
7347
7350
7367
7372
7416
7418
7431
7436
7438
7442
7445
7461
7463
7467
7484
7487
7496
7500
7513
7522
7556
7557
7560
7569
7586
7589
7597
7604
7608
7614
7623
7638
7654
7655
7657
7667
7685
7729
7733
7764
7769
7780
7790
7809
7818
7828
7840
7863
7873
7884
7893
7898
7900
7911
7945
7947
7956
7980
7996
8011
8056
8061
8073
8077
8082
8088
8092
8107
8117
8135
8158
8167
8182
8198
8204
8205
8215
8220
8226
8232
8238
8246
8282
8283
8288
8297
8331
8355
8365
8373
8385
8393
8398
8413
8414
8423
8434
8439
8459
8464
8467
8470
8476
8480
8490
8493
8514
8518
8554
8583
8586
8598
8612
8616
8619
8627
8639
8657
8663
8666
8693
8696
8697
8704
8706
8716
8725
8726
8733
8742
8749
8751
8754
8780
8782
8794
8810
8814
8834
8836
8860
8877
8880
8904
8910
8918
8929
8936
8937
8940
8956
8973
8975
8976
8986
8987
8990
8992
8998
9023
9028
9030
9031
9034
9035
9040
9044
9050
9060
9068
9070
9072
9079
9092
9096
9107
9118
9124
9138
9142
9172
9194
9195
9210
9211
9213
9217
9222
9223
9230
9231
9246
9264
9276
9277
9283
9284
9288
9299
9309
9316
9322
9326
9330
9349
9359
9374
9377
9386
9387
9414
9429
9445
9449
9455
9466
9475
9481
9494
9502
9506
9529
9531
9538
9540
9557
9564
9566
9567
9573
9581
9586
9589
9615
9624
9646
9650
9652
9653
9687
9689
9690
9722
9742
9748
9749
9767
9775
9776
9783
9791
9800
9801
9802
9808
9818
9823
9832
9836
9847
9875
9886
9901
9904
9911
9918
9919
9932
9933
9941
9945
9947
9951
9960
9968
9976
9977
9983
9997
10007
10008
10018
10043
10052
10060
10074
10086
10089
10112
10127
10131
10142
10151
10167
10179
10192
10196
10220
10258
10264
10282
10288
10293
10298
10302
10303
10304
10309
10311
10321
10331
10333
10334
10337
10339
10356
10358
10361
10363
10397
10403
10406
10413
10433
10458
10477
10480
10482
10496
10504
10506
10508
10518
10522
10559
10582
10593
10597
10638
10641
10676
10685
10695
10697
10699
10702
10704
10713
10716
10724
10736
10757
10761
10766
10770
10771
10773
10774
10789
10797
10800
10813
10834
10839
10851
10859
10863
10868
10870
10875
10893
10910
10916
10921
10932
10940
10944
10945
10948
10953
10958
10970
10974
10976
10979
10982
10990
10993
11007
11024
11027
11046
11052
11067
11081
11109
11115
11137
11145
11165
11168
11173
11188
11234
11236
11237
11238
11244
11251
11253
11258
11273
11281
11292
11302
11303
11322
11337
11339
11341
11350
11359
11372
11380
11387
11397
11399
11409
11416
11428
11432
11447
11471
11478
11482
11484
11504
11514
11532
11554
11585
11586
11587
11592
11600
11603
11611
11630
11631
11632
11636
11642
11646
11661
11664
11667
11670
11683
11685
11696
11697
11710
11715
11717
11727
11730
11731
11735
11741
11762
11765
11766
11774
11805
11809
11830
11851
11853
11859
11869
11897
11904
11906
11925
11927
11936
11947
11952
11957
11962
11970
12024
12039
12052
12053
12072
12079
12081
12085
12100
12111
12123
12149
12175
12189
12202
12222
12223
12228
12244
12255
12276
12283
12292
12295
12331
12335
12350
12355
12361
12366
12384
12412
12417
12418
12426
12441
12448
12449
12492
12497
12498
12508
12519
12524
12527
12546
12567
12574
12576
12580
12592
12621
12624
12631
12646
12670
12674
12702
12703
12720
12772
12782
12783
12790
12797
12822
12828
12829
12834
12838
12849
12853
12855
12864
12867
12869
12877
12878
12918
12919
12923
12924
12925
12938
12946
12950
12977
13005
13025
13040
13071
13077
13080
13081
13085
13093
13096
13117
13119
13124
13145
13146
13148
13166
13169
13189
13191
13212
13217
13224
13233
13248
13252
13260
13269
13274
13277
13292
13303
13312
13315
13321
13363
13373
13377
13381
13385
13386
13388
13419
13424
13425
13442
13454
13458
13469
13473
13474
13482
13483
13484
13494
13508
13511
13533
13543
13566
13567
13570
13593
13594
13615
13619
13629
13631
13643
13673
13675
13682
13706
13716
13718
13720
13728
13734
13771
13776
13786
13788
13796
13802
13806
13813
13817
13834
13842
13854
13870
13887
13899
13915
13918
13919
13929
13930
13937
13940
13950
13964
13967
13968
13979
13982
13985
13986
13993
14004
14016
14024
14030
14034
14057
14058
14080
14083
14088
14124
14134
14135
14137
14140
14144
14152
14163
14171
14173
14181
14196
14204
14207
14217
14224
14226
14229
14235
14240
14241
14244
14266
14323
14335
14338
14341
14347
14360
14364
14378
14395
14398
14402
14404
14418
14420
14424
14435
14438
14469
14489
14493
14495
14505
14506
14512
14519
14528
14529
14541
14543
14548
14549
14560
14572
14580
14584
14597
14600
14610
14614
14625
14632
14657
14664
14666
14673
14675
14678
14697
14714
14716
14717
14720
14725
14742
14764
14775
14776
14778
14788
14806
14819
14827
14831
14846
14862
14870
14899
14904
14926
14927
14930
14931
14932
14936
14940
14943
14946
14957
14958
14966
14969
14976
14988
14997
15006
15008
15014
15018
15019
15024
15029
15049
15061
15068
15081
15083
15097
15100
15107
15142
15168
15171
15177
15190
15212
15215
15218
15220
15236
15252
15255
15264
15274
15287
15296
15323
15338
15369
15387
15393
15397
15404
15406
15413
15420
15424
15432
15434
15438
15469
15484
15488
15508
15518
15529
15555
15557
15559
15574
15579
15582
15588
15589
15593
15613
15664
15678
15690
15697
15729
15743
15747
15751
15764
15779
15791
15799
15822
15837
15843
15845
15869
15872
15885
15907
15920
15925
15928
15929
15937
15949
15969
15979
15987
15996
15999
16031
16046
16047
16055
16062
16075
16077
16078
16092
16100
16101
16105
16117
16124
16129
16146
16148
16153
16176
16177
16182
16183
16190
16196
16204
16205
16207
16216
16219
16236
16251
16254
16256
16257
16262
16285
16290
16293
16296
16304
16317
16325
16327
16341
16352
16354
16358
16359
16364
16369
16382
16386
16405
16417
16457
16461
16463
16471
16476
16489
16499
16502
16507
16518
16521
16528
16536
16537
16544
16552
16554
16560
16570
16573
16591
16606
16623
16624
16640
16670
16671
16687
16691
16697
16700
16726
16734
16739
16743
16764
16772
16778
16780
16782
16807
16813
16826
16865
16868
16881
16883
16888
16923
16939
16948
16968
16969
16991
17002
17006
17020
17037
17046
17051
17061
17063
17064
17066
17088
17091
17099
17107
17111
17135
17138
17141
17146
17147
17154
17161
17169
17170
17185
17189
17191
17200
17203
17208
17211
17223
17225
17229
17237
17251
17257
17271
17286
17299
17309
17348
17354
17355
17358
17386
17387
17390
17404
17436
17438
17445
17461
17467
17471
17486
17489
17493
17501
17505
17516
17524
17540
17558
17568
17569
17572
17574
17578
17584
17605
17607
17629
17647
17660
17662
17673
17678
17680
17705
17734
17736
17749
17751
17754
17755
17756
17759
17773
17782
17786
17789
17794
17813
17821
17824
17827
17830
17831
17844
17846
17853
17866
17870
17872
17877
17885
17887
17891
17912
17916
17926
17941
17942
17961
17964
17972
17983
18009
18020
18040
18047
18062
18079
18088
18095
18096
18100
18109
18110
18115
18126
18142
18159
18165
18166
18172
18215
18228
18241
18244
18248
18266
18271
18287
18298
18309
18310
18314
18323
18330
18345
18349
18354
18378
18400
18401
18407
18412
18420
18421
18423
18429
18460
18489
18504
18507
18509
18511
18521
18527
18530
18532
18553
18559
18561
18571
18580
18592
18609
18617
18631
18646
18673
18691
18697
18711
18726
18737
18740
18761
18785
18790
18794
18811
18813
18816
18829
18835
18855
18866
18874
18886
18890
18894
18903
18904
18906
18908
18915
18932
18947
18954
18958
18965
18969
18973
18985
18991
19011
19015
19024
19030
19040
19047
19066
19072
19075
19089
19105
19110
19122
19127
19138
19163
19170
19180
19197
19221
19226
19235
19240
19241
19242
19245
19253
19261
19266
19281
19297
19302
19304
19316
19325
19331
19338
19348
19362
19365
19373
19394
19397
19404
19408
19415
19430
19439
19447
19461
19471
19475
19477
19480
19486
19513
19515
19519
19520
19521
19522
19535
19557
19561
19568
19569
19570
19574
19576
19582
19591
19594
19595
19597
19600
19609
19627
19630
19649
19650
19657
19663
19664
19690
19693
19715
19716
19719
19721
19731
19737
19760
19762
19773
19782
19785
19796
19804
19821
19834
19839
19840
19841
19848
19858
19859
19882
19890
19898
19902
19911
19919
19920
19944
19945
19979
19990
20024
20027
20028
20045
20048
20057
20063
20065
20075
20083
20087
20088
20092
20107
20118
20125
20132
20139
20143
20147
20154
20178
20193
20197
20237
20238
20243
20250
20260
20264
20266
20292
20296
20315
20316
20318
20321
20331
20338
20343
20345
20349
20350
20360
20362
20363
20372
20375
20394
20403
20420
20440
20449
20450
20458
20469
20479
20493
20494
20497
20503
20512
20527
20534
20537
20562
20582
20586
20613
20620
20628
20630
20632
20652
20654
20668
20673
20681
20688
20699
20701
20706
20708
20712
20720
20727
20737
20740
20750
20752
20766
20768
20777
20781
20784
20791
20808
20812
20814
20824
20841
20844
20847
20855
20856
20859
20864
20885
20887
20889
20908
20917
20921
20932
20937
20948
20953
20962
20969
20971
20984
20987
20994
21000
21008
21013
21017
21018
21026
21029
21040
21058
21074
21079
21095
21104
21112
21138
21145
21149
21165
21181
21182
21183
21184
21193
21205
21207
21218
21226
21227
21231
21240
21241
21242
21245
21251
21257
21258
21265
21274
21281
21286
21292
21297
21298
21307
21331
21333
21337
21340
21341
21355
21362
21367
21392
21398
21408
21411
21416
21418
21423
21444
21452
21458
21459
21480
21486
21492
21505
21507
21513
21519
21521
21547
21556
21560
21575
21582
21587
21589
21602
21612
21651
21663
21669
21672
21680
21687
21688
21691
21698
21706
21707
21720
21726
21770
21774
21782
21790
21792
21809
21816
21827
21865
21874
21879
21881
21900
21914
21920
21923
21937
21942
21961
21971
21974
21984
21988
21993
21997
22009
22010
22014
22015
22026
22033
22037
22046
22057
22077
22079
22090
22094
22103
22104
22123
22147
22159
22175
22195
22196
22199
22211
22215
22217
22220
22227
22236
22246
22247
22251
22252
22259
22262
22263
22277
22285
22294
22297
22300
22306
22308
22311
22313
22322
22329
22335
22340
22343
22352
22357
22368
22370
22379
22382
22383
22399
22451
22458
22464
22466
22470
22501
22502
22514
22516
22526
22548
22553
22577
22578
22597
22601
22604
22607
22618
22624
22630
22641
22665
22674
22680
22681
22704
22711
22719
22748
22769
22771
22784
22785
22788
22791
22798
22800
22808
22810
22813
22816
22817
22822
22834
22840
22844
22849
22852
22861
22888
22901
22914
22925
22933
22937
22940
22965
22967
22970
22975
22981
22993
22996
23008
23012
23022
23055
23060
23061
23063
23068
23076
23084
23094
23098
23102
23112
23121
23122
23124
23134
23147
23148
23149
23154
23168
23184
23188
23192
23195
23196
23221
23227
23231
23234
23238
23247
23293
23298
23302
23319
23325
23357
23378
23387
23399
23427
23460
23481
23499
23522
23543
23552
23566
23579
23601
23606
23609
23621
23643
23654
23663
23667
23674
23705
23735
23736
23763
23764
23776
23780
23796
23805
23817
23829
23840
23841
23844
23851
23869
23883
23885
23887
23898
23899
23906
23911
23917
23919
23928
23940
23967
23969
23971
23977
23979
23993
24001
24004
24009
24010
24012
24034
24040
24049
24074
24095
24101
24110
24113
24118
24125
24129
24139
24162
24174
24192
24201
24209
24222
24225
24237
24244
24249
24269
24270
24273
24277
24281
24288
24290
24291
24298
24309
24318
24334
24335
24340
24353
24354
24355
24358
24359
24364
24376
24398
24404
24405
24408
24409
24428
24436
24476
24480
24488
24528
24532
24551
24576
24585
24587
24590
24593
24595
24600
24603
24616
24629
24635
24640
24641
24657
24658
24672
24677
24693
24709
24724
24745
24747
24757
24760
24777
24818
24847
24848
24850
24851
24852
24853
24863
24869
24896
24897
24909
24912
24914
24925
24929
24956
24970
24980
24993
25011
25016
25040
25048
25052
25054
25064
25065
25076
25094
25115
25122
25143
25168
25173
25184
25190
25191
25205
25211
25217
25219
25225
25229
25241
25246
25248
25251
25285
25289
25291
25321
25322
25350
25364
25385
25396
25400
25417
25444
25446
25448
25460
25478
25497
25498
25502
25509
25516
25527
25528
25531
25547
25548
25564
25565
25570
25577
25580
25584
25631
25634
25646
25649
25657
25685
25692
25700
25702
25704
25710
25717
25719
25731
25739
25743
25755
25762
25764
25776
25785
25791
25805
25808
25817
25834
25843
25847
25858
25866
25869
25876
25899
25905
25908
25920
25922
25932
25952
25955
25970
25974
25983
25988
26004
26009
26010
26027
26028
26033
26051
26052
26053
26055
26057
26060
26061
26065
26075
26078
26084
26093
26103
26118
26124
26129
26166
26185
26188
26200
26206
26215
26218
26231
26242
26246
26247
26257
26264
26290
26297
26306
26315
26319
26324
26334
26352
26356
26358
26361
26366
26369
26372
26381
26383
26393
26398
26400
26402
26405
26408
26412
26421
26423
26435
26438
26448
26453
26461
26475
26488
26496
26498
26500
26501
26506
26507
26508
26526
26527
26531
26533
26547
26560
26561
26577
26578
26591
26609
26622
26640
26643
26651
26672
26676
26700
26706
26711
26712
26715
26720
26724
26752
26761
26770
26785
26814
26824
26833
26838
26840
26862
26863
26873
26874
26884
26902
26903
26912
26924
26931
26932
26941
26945
26952
26958
26960
26992
26999
27010
27012
27030
27034
27035
27043
27048
27050
27051
27058
27063
27074
27077
27099
27117
27119
27126
27132
27159
27160
27171
27194
27205
27223
27234
27236
27237
27253
27255
27263
27282
27283
27292
27294
27308
27331
27340
27355
27357
27365
27380
27386
27394
27412
27435
27436
27441
27449
27452
27461
27472
27485
27493
27495
27498
27500
27501
27504
27506
27510
27532
27533
27544
27561
27562
27565
27570
27597
27624
27651
27663
27678
27683
27693
27697
27701
27702
27704
27724
27738
27744
27749
27760
27764
27799
27800
27801
27809
27845
27858
27866
27894
27943
27947
27948
27995
28000
28027
28035
28040
28051
28059
28064
28066
28075
28092
28113
28116
28125
28132
28138
28147
28168
28173
28180
28181
28185
28195
28197
28198
28213
28214
28215
28221
28222
28229
28245
28248
28251
28254
28262
28284
28308
28330
28346
28368
28374
28379
28381
28391
28392
28396
28397
28401
28430
28436
28439
28450
28451
28459
28466
28477
28478
28487
28488
28491
28492
28493
28498
28503
28508
28534
28537
28560
28565
28583
28589
28593
28609
28617
28621
28630
28634
28662
28668
28689
28690
28692
28695
28709
28711
28739
28740
28744
28749
28763
28767
28775
28777
28792
28793
28802
28818
28833
28842
28856
28862
28872
28883
28893
28897
28907
28919
28941
28963
28965
28968
28969
29018
29020
29026
29029
29037
29054
29073
29076
29077
29084
29096
29106
29109
29114
29115
29128
29133
29135
29136
29150
29159
29161
29166
29169
29173
29177
29196
29207
29211
29215
29221
29229
29236
29255
29264
29269
29270
29290
29304
29308
29313
29315
29319
29323
29326
29342
29362
29366
29370
29371
29383
29400
29409
29423
29435
29462
29479
29509
29514
29516
29519
29529
29535
29578
29582
29583
29590
29593
29603
29606
29607
29622
29659
29663
29679
29681
29684
29685
29700
29729
29740
29753
29757
29766
29768
29775
29781
29782
29813
29821
29826
29832
29853
29859
29875
29889
29890
29894
29900
29902
29913
29927
29933
29938
29957
29958
29982
29985
30004
30005
30009
30015
30020
30035
30065
30080
30087
30105
30118
30122
30135
30138
30139
30149
30152
30153
30160
30162
30171
30173
30177
30198
30204
30217
30228
30236
30253
30256
30258
30277
30296
30297
30299
30302
30306
30309
30312
30314
30338
30350
30352
30355
30357
30359
30371
30374
30409
30444
30447
30452
30460
30464
30469
30480
30481
30484
30492
30500
30508
30513
30525
30539
30548
30554
30562
30566
30574
30575
30582
30583
30588
30600
30602
30603
30607
30617
30631
30644
30647
30658
30663
30667
30682
30683
30685
30686
30689
30696
30698
30700
30708
30709
30714
30717
30720
30723
30730
30731
30740
30742
30747
30751
30775
30784
30808
30814
30815
30817
30825
30848
30877
30889
30901
30906
30922
30932
30945
30952
30975
30977
30979
30989
30990
30996
30998
31000
31005
31009
31025
31041
31050
31054
31056
31060
31064
31070
31077
31080
31082
31083
31090
31106
31113
31123
31124
31129
31130
31142
31170
31176
31181
31186
31191
31198
31208
31217
31228
31235
31254
31258
31263
31285
31289
31300
31302
31364
31377
31379
31380
31390
31391
31408
31431
31460
31468
31475
31480
31481
31487
31488
31509
31512
31516
31525
31527
31543
31548
31550
31563
31566
31573
31576
31578
31582
31588
31639
31644
31653
31668
31682
31722
31724
31731
31737
31743
31748
31753
31762
31765
31771
31772
31774
31777
31813
31814
31825
31834
31838
31842
31850
31859
31863
31872
31886
31891
31893
31901
31904
31917
31919
31929
31933
31937
31939
31960
31971
31987
31992
31996
32009
32015
32020
32037
32051
32056
32058
32059
32085
32087
32096
32106
32108
32131
32138
32155
32158
32161
32165
32176
32187
32192
32199
32206
32207
32210
32223
32225
32233
32235
32250
32253
32255
32278
32279
32292
32299
32306
32319
32325
32327
32334
32349
32360
32369
32370
32371
32379
32380
32383
32409
32426
32427
32438
32444
32448
32468
32495
32509
32514
32529
32532
32537
32539
32560
32564
32571
32576
32583
32589
32594
32596
32601
32607
32608
32625
32626
32639
32644
32662
32663
32664
32670
32680
32691
32708
32711
32718
32719
32734
32736
32743
32753
32766
32770
32780
32785
32824
32829
32833
32853
32859
32862
32863
32866
32882
32902
32903
32919
32922
32924
32929
32944
32946
32952
32965
32967
32985
32989
32994
33005
33025
33038
33041
33044
33045
33047
33057
33065
33066
33068
33070
33071
33085
33093
33129
33131
33133
33138
33146
33165
33177
33181
33184
33203
33204
33214
33219
33230
33259
33260
33268
33272
33282
33286
33296
33302
33309
33332
33343
33345
33347
33365
33369
33381
33399
33409
33413
33419
33427
33457
33497
33502
33503
33512
33524
33534
33582
33584
33590
33591
33610
33626
33630
33657
33667
33670
33684
33686
33690
33692
33699
33718
33721
33755
33764
33774
33782
33794
33796
33799
33800
33819
33822
33854
33857
33869
33874
33888
33900
33915
33916
33919
33944
33946
33961
33970
33975
33980
33982
33983
33995
34002
34013
34045
34051
34085
34090
34102
34123
34135
34137
34152
34160
34166
34169
34170
34183
34187
34196
34202
34215
34218
34225
34232
34233
34235
34267
34275
34289
34290
34294
34305
34314
34318
34341
34348
34350
34367
34369
34373
34376
34377
34378
34405
34406
34412
34421
34427
34432
34437
34438
34444
34445
34448
34455
34462
34464
34468
34472
34488
34500
34517
34528
34532
34539
34541
34546
34559
34561
34563
34566
34571
34572
34575
34583
34599
34611
34619
34630
34634
34635
34650
34656
34662
34666
34667
34668
34679
34693
34700
34701
34708
34721
34724
34740
34741
34766
34772
34782
34794
34798
34806
34816
34817
34830
34845
34849
34857
34862
34886
34889
34900
34902
34910
34946
34949
34952
34960
34972
34986
34992
34998
34999
35005
35013
35016
35019
35036
35050
35053
35054
35063
35088
35092
35093
35095
35102
35104
35116
35147
35151
35157
35158
35159
35161
35163
35171
35186
35190
35204
35224
35228
35240
35242
35245
35260
35264
35279
35308
35320
35321
35323
35331
35332
35336
35351
35354
35356
35366
35367
35372
35396
35411
35422
35431
35470
35473
35484
35493
35500
35501
35510
35511
35541
35542
35555
35557
35569
35572
35594
35597
35599
35601
35612
35614
35619
35634
35639
35644
35660
35661
35666
35670
35673
35675
35717
35721
35725
35728
35732
35736
35737
35744
35745
35746
35762
35766
35767
35770
35774
35777
35779
35782
35788
35791
35798
35804
35807
35810
35813
35817
35827
35828
35830
35834
35835
35842
35843
35848
35851
35857
35860
35863
35869
35884
35891
35943
35944
35955
35956
35982
35989
35991
36021
36023
36039
36044
36049
36052
36063
36078
36079
36084
36087
36089
36098
36105
36110
36111
36127
36131
36134
36178
36181
36188
36196
36199
36208
36213
36229
36231
36234
36240
36242
36244
36288
36294
36306
36312
36329
36341
36345
36348
36354
36364
36380
36381
36388
36402
36418
36421
36429
36431
36439
36442
36446
36457
36465
36473
36484
36489
36500
36507
36516
36524
36530
36532
36544
36560
36562
36564
36568
36571
36579
36585
36588
36589
36594
36615
36619
36622
36624
36625
36639
36657
36658
36663
36684
36685
36686
36689
36691
36701
36707
36709
36720
36721
36724
36731
36745
36756
36761
36767
36787
36812
36813
36827
36835
36876
36886
36910
36920
36929
36931
36947
36953
36954
36960
36961
36963
36968
36975
36991
37004
37005
37011
37028
37035
37044
37049
37050
37068
37069
37079
37086
37089
37093
37117
37125
37132
37161
37171
37173
37187
37204
37207
37208
37235
37239
37243
37260
37273
37277
37279
37280
37286
37297
37299
37302
37314
37315
37318
37327
37328
37348
37352
37353
37354
37358
37360
37364
37373
37379
37390
37411
37414
37421
37436
37438
37446
37447
37460
37482
37488
37495
37501
37506
37507
37508
37511
37521
37531
37558
37579
37601
37604
37605
37611
37623
37629
37634
37654
37670
37671
37676
37678
37693
37711
37713
37714
37722
37742
37757
37770
37771
37779
37798
37800
37801
37814
37832
37849
37850
37853
37857
37862
37869
37876
37878
37887
37899
37905
37916
37921
37928
37945
37952
37965
37974
37975
37983
38000
38005
38025
38033
38042
38053
38054
38057
38059
38090
38103
38110
38114
38117
38124
38146
38155
38165
38177
38182
38185
38199
38201
38206
38210
38212
38216
38226
38244
38252
38261
38267
38269
38280
38290
38311
38337
38338
38350
38358
38362
38376
38382
38384
38387
38389
38398
38399
38407
38423
38441
38442
38444
38453
38468
38473
38515
38532
38561
38570
38580
38584
38585
38587
38591
38596
38611
38621
38622
38626
38634
38637
38643
38664
38666
38675
38712
38732
38742
38755
38756
38757
38759
38775
38803
38809
38811
38818
38820
38821
38826
38838
38846
38850
38853
38854
38861
38866
38868
38876
38880
38889
38896
38915
38920
38922
38923
38924
38925
38934
38956
38957
38969
38978
38979
38980
38981
38982
38992
38994
38997
38998
39015
39022
39028
39039
39047
39048
39054
39081
39082
39083
39090
39095
39103
39115
39125
39130
39154
39161
39164
39184
39192
39198
39199
39209
39211
39214
39218
39230
39239
39251
39276
39281
39287
39292
39294
39295
39308
39309
39323
39330
39333
39340
39365
39384
39389
39393
39424
39429
39433
39436
39437
39444
39451
39453
39455
39462
39474
39499
39506
39511
39512
39530
39534
39561
39574
39580
39585
39586
39594
39596
39605
39625
39626
39633
39637
39650
39653
39659
39661
39671
39685
39692
39697
39714
39717
39739
39744
39748
39783
39789
39801
39808
39811
39815
39819
39824
39877
39880
39888
39892
39899
39904
39909
39915
39928
39930
39931
39969
39970
39976
39980
39983
39995
40016
40039
40044
40048
40067
40076
40077
40087
40126
40127
40128
40145
40159
40165
40168
40191
40197
40200
40203
40205
40211
40212
40215
40238
40239
40245
40265
40266
40267
40271
40272
40282
40301
40304
40315
40318
40329
40330
40346
40354
40372
40374
40379
40381
40388
40395
40398
40403
40416
40422
40425
40427
40438
40443
40448
40452
40453
40465
40471
40473
40477
40495
40499
40519
40528
40540
40586
40590
40593
40596
40598
40601
40617
40618
40628
40631
40638
40641
40661
40664
40691
40699
40705
40709
40722
40732
40733
40734
40736
40745
40749
40756
40759
40766
40772
40774
40781
40794
40795
40796
40824
40828
40840
40852
40862
40871
40886
40894
40896
40925
40930
40938
40951
40955
40972
40977
40979
40983
40989
40994
40996
41000
41002
41003
41013
41019
41036
41037
41046
41050
41056
41064
41066
41073
41098
41123
41129
41140
41167
41171
41180
41189
41200
41202
41206
41219
41241
41245
41252
41257
41269
41278
41306
41307
41311
41318
41347
41350
41355
41358
41360
41361
41374
41375
41380
41387
41389
41390
41405
41429
41451
41473
41488
41508
41534
41541
41542
41546
41564
41565
41566
41577
41594
41614
41629
41639
41641
41647
41651
41692
41718
41731
41742
41760
41768
41772
41776
41779
41786
41788
41790
41802
41808
41810
41834
41846
41849
41872
41875
41876
41892
41923
41930
41932
41935
41939
41940
41943
41974
41983
41985
41993
41995
42000
42017
42068
42074
42080
42084
42105
42116
42121
42131
42141
42154
42163
42173
42177
42178
42179
42180
42216
42225
42237
42272
42277
42292
42302
42304
42330
42333
42335
42354
42362
42383
42397
42400
42423
42433
42442
42443
42452
42453
42456
42457
42472
42494
42496
42511
42535
42539
42540
42546
42550
42555
42562
42563
42567
42568
42591
42594
42597
42601
42614
42616
42625
42628
42650
42652
42655
42679
42685
42687
42700
42705
42718
42720
42733
42735
42741
42742
42770
42786
42792
42796
42809
42816
42822
42824
42825
42835
42852
42854
42869
42873
42881
42890
42892
42895
42918
42961
42962
42967
42974
42976
42982
42990
43026
43032
43035
43038
43044
43045
43065
43068
43069
43082
43083
43084
43087
43092
43098
43100
43108
43124
43136
43161
43164
43181
43184
43196
43233
43246
43277
43281
43282
43292
43295
43307
43326
43338
43341
43359
43360
43361
43368
43369
43403
43411
43417
43421
43433
43436
43442
43444
43463
43478
43481
43482
43483
43494
43496
43539
43547
43560
43566
43570
43577
43578
43606
43612
43628
43630
43644
43673
43708
43718
43720
43722
43724
43728
43741
43749
43760
43768
43774
43778
43788
43835
43848
43852
43856
43865
43914
43917
43925
43930
43947
43948
43954
43964
43994
43995
44002
44005
44013
44022
44024
44025
44026
44046
44054
44061
44063
44082
44089
44094
44100
44117
44130
44139
44152
44161
44164
44167
44207
44215
44240
44243
44244
44253
44260
44269
44295
44298
44301
44316
44346
44359
44373
44380
44384
44389
44404
44405
44416
44417
44426
44431
44434
44435
44437
44441
44453
44455
44459
44467
44481
44483
44488
44491
44498
44501
44502
44505
44506
44520
44526
44539
44549
44550
44551
44556
44557
44562
44578
44600
44602
44611
44632
44635
44637
44661
44665
44668
44674
44686
44692
44697
44735
44748
44752
44754
44765
44767
44771
44775
44805
44808
44844
44850
44851
44858
44905
44906
44909
44962
44967
44977
44990
44993
45008
45030
45037
45039
45042
45054
45068
45073
45076
45084
45085
45088
45095
45124
45130
45144
45166
45173
45174
45182
45191
45196
45205
45208
45213
45215
45221
45224
45248
45254
45261
45271
45273
45275
45299
45301
45308
45311
45321
45327
45335
45349
45354
45365
45368
45370
45372
45380
45385
45387
45394
45409
45412
45423
45452
45466
45476
45504
45517
45521
45532
45540
45555
45564
45585
45595
45596
45601
45602
45604
45606
45608
45614
45625
45633
45661
45667
45690
45691
45703
45704
45725
45738
45745
45747
45748
45750
45752
45755
45773
45778
45793
45813
45833
45838
45839
45844
45847
45852
45853
45857
45872
45877
45879
45884
45897
45898
45902
45908
45914
45915
45928
45938
45971
45972
45979
45982
45984
45991
45999
46000
46001
46008
46014
46027
46046
46051
46053
46075
46078
46081
46089
46107
46141
46143
46149
46157
46159
46165
46172
46174
46180
46188
46192
46218
46220
46230
46231
46234
46247
46290
46291
46294
46295
46302
46326
46332
46345
46367
46371
46382
46385
46387
46392
46411
46413
46445
46449
46452
46456
46461
46464
46466
46474
46537
46545
46547
46555
46556
46560
46566
46576
46577
46580
46588
46590
46595
46617
46632
46650
46656
46670
46676
46708
46729
46741
46747
46749
46756
46761
46762
46774
46780
46781
46806
46809
46815
46816
46821
46832
46836
46841
46845
46846
46848
46854
46858
46859
46879
46880
46884
46889
46893
46897
46901
46904
46922
46923
46929
46932
46945
46953
46982
46984
47009
47011
47032
47036
47053
47065
47086
47121
47122
47124
47129
47139
47147
47160
47162
47167
47170
47173
47185
47188
47199
47201
47221
47223
47230
47234
47240
47242
47248
47252
47254
47259
47264
47273
47279
47280
47290
47302
47311
47323
47340
47345
47349
47355
47356
47362
47364
47381
47390
47402
47406
47409
47441
47444
47459
47468
47473
47495
47499
47508
47514
47536
47560
47564
47571
47576
47579
47590
47605
47617
47621
47626
47634
47635
47637
47646
47656
47670
47674
47676
47689
47695
47700
47701
47717
47723
47726
47727
47731
47746
47757
47796
47805
47810
47819
47864
47873
47888
47907
47914
47917
47949
47966
47976
47982
47985
47990
47994
48006
48015
48022
48034
48035
48037
48038
48055
48058
48065
48071
48094
48095
48102
48122
48123
48124
48148
48152
48160
48175
48183
48187
48188
48190
48191
48197
48203
48205
48208
48215
48274
48287
48293
48321
48336
48339
48347
48365
48373
48394
48400
48418
48419
48433
48438
48439
48444
48447
48449
48455
48457
48469
48470
48473
48497
48507
48511
48513
48514
48517
48518
48523
48527
48536
48555
48560
48582
48590
48600
48611
48618
48624
48627
48636
48646
48652
48654
48679
48686
48693
48697
48703
48705
48748
48755
48767
48776
48784
48789
48795
48796
48813
48817
48827
48831
48840
48842
48849
48864
48880
48882
48904
48913
48916
48929
48930
48932
48935
48951
48952
48961
48987
49006
49009
49019
49022
49033
49034
49041
49043
49046
49076
49079
49090
49111
49120
49122
49125
49130
49140
49159
49163
49164
49166
49186
49187
49205
49213
49216
49219
49221
49225
49226
49237
49269
49273
49292
49322
49330
49345
49346
49352
49357
49361
49363
49364
49373
49378
49381
49386
49391
49397
49398
49402
49411
49433
49458
49466
49467
49472
49473
49489
49495
49504
49515
49522
49545
49575
49580
49589
49592
49593
49599
49607
49611
49621
49623
49638
49646
49654
49662
49684
49694
49698
49701
49708
49709
49718
49732
49733
49734
49737
49745
49764
49779
49783
49784
49786
49791
49794
49796
49805
49817
49818
49823
49837
49870
49871
49874
49876
49886
49908
49910
49911
49914
49927
49946
49962
49963
49970
49972
50009
50020
50029
50039
50049
50050
50056
50070
50072
50078
50085
50090
50091
50099
50117
50119
50122
50127
50130
50175
50180
50182
50215
50230
50237
50242
50256
50280
50297
50307
50309
50313
50317
50319
50326
50350
50351
50357
50381
50390
50391
50397
50409
50417
50423
50435
50438
50441
50444
50447
50448
50476
50484
50494
50498
50525
50539
50562
50574
50582
50586
50588
50602
50604
50608
50612
50623
50632
50633
50636
50637
50638
50641
50650
50669
50691
50705
50717
50723
50731
50760
50770
50782
50784
50789
50810
50824
50826
50835
50857
50876
50903
50916
50919
50920
50931
50933
50945
50954
50956
50961
50963
51009
51013
51016
51020
51021
51027
51033
51037
51043
51048
51059
51065
51069
51075
51081
51091
51109
51125
51152
51158
51162
51173
51174
51179
51188
51203
51205
51227
51228
51237
51240
51247
51248
51258
51271
51277
51284
51286
51291
51297
51305
51308
51309
51310
51320
51326
51330
51333
51346
51347
51353
51354
51363
51375
51382
51388
51389
51390
51392
51393
51397
51406
51409
51410
51419
51422
51425
51437
51449
51457
51458
51459
51469
51470
51481
51498
51504
51517
51519
51526
51527
51532
51542
51546
51551
51556
51557
51562
51563
51569
51651
51672
51673
51679
51683
51685
51690
51710
51720
51732
51733
51735
51750
51758
51759
51768
51770
51774
51776
51801
51809
51823
51825
51833
51840
51842
51847
51851
51862
51873
51875
51881
51886
51933
51935
51939
51957
51967
51968
52006
52016
52030
52036
52042
52052
52056
52075
52094
52096
52098
52105
52145
52148
52150
52158
52160
52165
52168
52169
52173
52176
52186
52189
52201
52223
52227
52246
52277
52280
52299
52300
52309
52319
52322
52323
52328
52329
52336
52337
52338
52343
52352
52369
52382
52415
52419
52431
52446
52449
52459
52461
52482
52484
52497
52514
52516
52519
52526
52529
52535
52543
52546
52548
52555
52558
52560
52568
52607
52614
52625
52647
52649
52656
52657
52659
52672
52682
52691
52692
52700
52707
52711
52722
52755
52756
52758
52766
52774
52778
52791
52796
52805
52809
52816
52820
52824
52828
52835
52847
52864
52865
52868
52869
52870
52874
52883
52890
52897
52907
52911
52925
52928
52936
52950
52954
52968
52972
52975
52978
52987
52994
53011
53017
53019
53024
53026
53027
53035
53053
53058
53066
53090
53096
53110
53129
53159
53168
53170
53177
53186
53190
53195
53203
53208
53213
53220
53224
53233
53238
53243
53246
53250
53258
53298
53306
53316
53328
53329
53352
53356
53375
53377
53378
53395
53398
53430
53432
53434
53440
53441
53449
53450
53454
53455
53470
53474
53491
53499
53501
53503
53512
53525
53539
53553
53554
53579
53580
53591
53593
53595
53596
53600
53611
53613
53615
53623
53626
53634
53635
53642
53651
53654
53671
53675
53679
53680
53683
53684
53687
53688
53710
53723
53740
53753
53755
53760
53782
53792
53795
53811
53828
53832
53839
53844
53849
53852
53856
53859
53863
53875
53876
53882
53886
53908
53934
53966
53974
53984
53991
53992
54007
54014
54017
54020
54028
54036
54037
54041
54045
54059
54071
54080
54097
54117
54129
54141
54174
54207
54210
54221
54238
54296
54298
54308
54323
54327
54331
54334
54339
54349
54351
54369
54380
54389
54399
54402
54432
54449
54456
54459
54461
54462
54466
54467
54474
54483
54484
54491
54497
54500
54502
54511
54515
54516
54523
54535
54550
54552
54561
54566
54572
54575
54576
54583
54586
54605
54608
54610
54626
54636
54642
54656
54669
54684
54685
54704
54706
54710
54717
54728
54746
54748
54758
54768
54775
54776
54778
54779
54786
54790
54794
54798
54804
54815
54821
54824
54825
54826
54827
54840
54850
54852
54853
54858
54866
54868
54881
54882
54899
54902
54906
54910
54932
54936
54939
54943
54945
54952
54960
54965
54968
54973
54976
54985
54987
54993
54996
55004
55011
55021
55026
55032
55039
55050
55052
55075
55087
55104
55113
55151
55153
55158
55168
55170
55172
55181
55206
55213
55235
55300
55305
55306
55308
55310
55329
55339
55341
55343
55344
55363
55365
55377
55389
55401
55404
55416
55424
55437
55439
55444
55451
55452
55455
55467
55470
55484
55486
55491
55500
55504
55507
55510
55517
55518
55522
55525
55526
55543
55558
55560
55585
55591
55597
55603
55633
55644
55645
55653
55655
55676
55687
55699
55711
55712
55718
55743
55744
55748
55756
55759
55763
55768
55773
55791
55796
55815
55816
55829
55837
55863
55873
55885
55901
55903
55906
55920
55951
55954
55959
55961
55968
55986
55993
56013
56016
56022
56027
56029
56035
56037
56046
56072
56075
56076
56083
56087
56101
56102
56121
56122
56130
56131
56145
56157
56158
56208
56239
56250
56257
56273
56301
56304
56318
56322
56328
56344
56345
56349
56353
56360
56362
56376
56393
56394
56403
56440
56441
56442
56450
56473
56477
56478
56483
56501
56505
56510
56512
56560
56594
56616
56631
56635
56643
56645
56654
56666
56670
56675
56678
56680
56683
56690
56691
56694
56712
56719
56725
56732
56737
56748
56754
56779
56789
56791
56801
56807
56811
56824
56835
56838
56845
56846
56852
56853
56864
56868
56879
56894
56905
56917
56928
56938
56942
56964
56970
56973
56976
56992
56994
57000
57029
57035
57052
57069
57072
57089
57090
57125
57130
57131
57134
57136
57142
57143
57149
57153
57157
57158
57172
57173
57175
57179
57184
57189
57224
57226
57231
57234
57241
57242
57243
57264
57287
57290
57297
57314
57326
57366
57369
57383
57396
57420
57425
57440
57441
57457
57459
57467
57468
57474
57496
57498
57531
57533
57549
57570
57571
57577
57586
57598
57634
57635
57647
57648
57649
57650
57662
57701
57718
57735
57738
57747
57756
57757
57761
57764
57773
57789
57809
57810
57814
57825
57827
57828
57849
57855
57859
57869
57903
57920
57926
57928
57930
57932
57944
57949
57965
57978
57991
57996
58016
58038
58043
58045
58062
58068
58078
58092
58107
58111
58116
58117
58124
58131
58141
58142
58151
58154
58166
58167
58174
58177
58181
58188
58210
58213
58223
58236
58246
58249
58250
58253
58281
58283
58294
58295
58303
58310
58326
58329
58330
58332
58343
58353
58362
58367
58369
58374
58383
58384
58386
58389
58394
58400
58409
58411
58418
58442
58465
58469
58477
58480
58486
58487
58488
58508
58509
58512
58522
58529
58539
58551
58562
58565
58607
58614
58620
58625
58637
58645
58648
58655
58656
58670
58673
58678
58680
58698
58716
58720
58721
58731
58734
58754
58760
58776
58777
58797
58803
58828
58832
58843
58845
58846
58853
58865
58869
58876
58884
58894
58896
58898
58907
58909
58912
58923
58927
58931
58941
58945
58953
58969
58970
58994
58997
58999
59002
59015
59027
59030
59066
59070
59081
59087
59100
59112
59138
59147
59148
59162
59167
59204
59209
59226
59238
59244
59245
59247
59257
59259
59262
59266
59282
59284
59285
59288
59302
59306
59315
59316
59321
59341
59346
59349
59357
59376
59380
59386
59397
59399
59403
59404
59405
59409
59429
59445
59448
59453
59454
59476
59481
59483
59486
59505
59525
59534
59535
59537
59538
59541
59547
59584
59597
59610
59611
59619
59625
59634
59647
59655
59677
59679
59680
59686
59707
59715
59716
59717
59720
59729
59739
59740
59744
59746
59766
59783
59786
59787
59794
59802
59805
59810
59813
59834
59848
59852
59853
59862
59887
59899
59904
59911
59934
59936
59937
59944
59964
59977
59982
59990
59991
60001
60008
60020
60032
60033
60055
60056
60065
60075
60091
60103
60107
60108
60113
60114
60120
60123
60126
60132
60134
60138
60140
60174
60180
60183
60194
60196
60199
60209
60211
60212
60220
60237
60240
60247
60250
60252
60268
60270
60278
60285
60312
60318
60329
60340
60356
60357
60361
60363
60368
60371
60376
60380
60383
60389
60397
60405
60414
60416
60417
60418
60425
60430
60460
60461
60475
60476
60488
60491
60494
60498
60505
60514
60528
60535
60539
60540
60542
60547
60561
60570
60592
60603
60623
60626
60629
60638
60642
60647
60648
60656
60661
60666
60683
60696
60699
60705
60709
60729
60730
60732
60740
60752
60757
60768
60772
60777
60803
60819
60839
60866
60873
60889
60930
60931
60933
60943
60950
60951
60952
60962
60968
60970
60982
60991
61012
61023
61027
61035
61043
61047
61058
61069
61084
61101
61109
61116
61140
61147
61155
61156
61193
61197
61200
61203
61206
61218
61225
61245
61251
61254
61257
61259
61264
61269
61272
61275
61282
61303
61312
61317
61320
61335
61338
61363
61369
61373
61398
61401
61417
61422
61429
61430
61435
61443
61454
61460
61470
61475
61479
61498
61506
61523
61545
61563
61567
61586
61595
61623
61626
61634
61641
61648
61660
61670
61672
61683
61684
61690
61691
61693
61703
61711
61713
61716
61718
61722
61734
61735
61759
61771
61788
61793
61815
61821
61834
61854
61857
61866
61873
61877
61884
61898
61901
61922
61923
61924
61934
61935
61939
61957
61969
61972
61979
61982
61987
62003
62006
62015
62029
62037
62044
62052
62054
62056
62057
62058
62063
62068
62113
62121
62127
62128
62134
62137
62140
62154
62160
62188
62190
62197
62198
62204
62207
62234
62304
62305
62311
62323
62328
62329
62335
62337
62345
62353
62359
62363
62379
62391
62415
62425
62442
62445
62452
62488
62499
62502
62518
62522
62524
62529
62532
62534
62535
62542
62545
62548
62572
62581
62592
62610
62611
62635
62642
62650
62651
62663
62667
62670
62678
62692
62698
62714
62715
62731
62748
62756
62762
62767
62773
62774
62776
62791
62803
62805
62807
62815
62821
62832
62835
62838
62846
62851
62854
62859
62864
62871
62883
62885
62891
62896
62906
62914
62924
62925
62937
62951
62973
62980
62981
62987
62990
62997
63022
63050
63053
63056
63074
63090
63103
63107
63114
63122
63134
63140
63149
63156
63180
63187
63203
63206
63207
63215
63217
63229
63233
63236
63241
63242
63245
63246
63263
63283
63286
63303
63305
63311
63314
63317
63325
63351
63381
63387
63405
63413
63416
63443
63511
63523
63536
63545
63550
63554
63566
63570
63578
63579
63580
63590
63591
63592
63595
63599
63608
63625
63641
63642
63645
63650
63653
63656
63661
63663
63664
63675
63683
63686
63696
63702
63704
63711
63720
63723
63736
63743
63745
63759
63760
63765
63768
63778
63780
63781
63783
63787
63794
63801
63806
63817
63825
63846
63859
63871
63872
63883
63889
63893
63918
63925
63942
63946
63947
63949
63965
63980
63981
63985
63986
63988
64049
64053
64067
64070
64082
64090
64091
64097
64099
64107
64121
64138
64146
64185
64217
64226
64244
64248
64249
64260
64269
64272
64273
64281
64290
64294
64301
64317
64325
64336
64338
64352
64356
64369
64395
64421
64430
64432
64437
64441
64450
64454
64485
64498
64513
64514
64516
64523
64531
64538
64557
64562
64581
64590
64592
64599
64609
64611
64617
64644
64660
64671
64677
64682
64691
64721
64739
64751
64754
64759
64760
64764
64767
64790
64799
64806
64808
64840
64843
64845
64861
64874
64878
64883
64902
64913
64919
64934
64963
64967
64980
64990
64998
65001
65012
65032
65038
65042
65048
65074
65077
65104
65106
65108
65125
65127
65143
65168
65185
65187
65199
65226
65230
65236
65259
65260
65263
65265
65267
65275
65278
65281
65287
65309
65312
65319
65320
65322
65335
65342
65349
65350
65391
65401
65406
65420
65458
65459
65468
65505
65506
65511
65519
65550
65552
65568
65572
65576
65577
65606
65608
65609
65612
65617
65620
65625
65627
65634
65638
65644
65656
65677
65682
65688
65692
65698
65699
65701
65729
65734
65737
65743
65747
65757
65767
65782
65787
65815
65816
65825
65841
65848
65859
65877
65878
65885
65892
65895
65898
65899
65911
65957
65961
65968
65974
65994
65998
66006
66009
66011
66012
66029
66051
66055
66071
66094
66097
66123
66126
66141
66175
66178
66187
66196
66205
66209
66215
66217
66220
66221
66222
66226
66234
66245
66249
66254
66267
66269
66285
66333
66345
66350
66352
66355
66357
66358
66359
66387
66396
66400
66418
66426
66430
66432
66440
66442
66450
66453
66461
66481
66491
66492
66502
66510
66519
66525
66540
66544
66545
66554
66559
66568
66574
66582
66587
66588
66598
66599
66621
66632
66638
66643
66651
66661
66670
66674
66675
66701
66720
66721
66723
66743
66756
66774
66786
66788
66821
66836
66847
66863
66871
66883
66898
66903
66912
66913
66916
66917
66930
66938
66945
66949
66956
66959
66966
66970
66985
66993
66999
67001
67017
67018
67029
67040
67045
67065
67067
67071
67088
67114
67123
67127
67135
67141
67144
67152
67167
67170
67180
67181
67182
67183
67189
67194
67208
67224
67225
67231
67235
67238
67248
67249
67252
67267
67273
67282
67285
67313
67316
67322
67327
67344
67349
67356
67359
67366
67375
67376
67377
67383
67396
67400
67402
67410
67412
67428
67433
67438
67442
67445
67449
67451
67469
67470
67485
67496
67498
67510
67511
67512
67515
67516
67527
67539
67548
67552
67557
67561
67568
67578
67579
67606
67611
67622
67623
67649
67664
67671
67682
67698
67719
67723
67738
67740
67742
67756
67781
67788
67789
67791
67792
67795
67796
67813
67819
67823
67825
67836
67854
67859
67860
67870
67877
67880
67884
67909
67917
67923
67926
67928
67935
67951
67959
67971
67972
67974
67982
67989
67993
67995
68008
68011
68017
68019
68046
68060
68074
68083
68097
68098
68100
68104
68105
68107
68113
68120
68121
68123
68132
68134
68159
68180
68182
68219
68225
68230
68233
68247
68260
68261
68271
68274
68288
68307
68309
68312
68317
68328
68329
68336
68348
68351
68355
68364
68366
68371
68379
68380
68381
68383
68384
68386
68390
68434
68437
68444
68463
68469
68472
68477
68481
68484
68490
68510
68520
68541
68566
68586
68598
68603
68612
68614
68625
68626
68627
68659
68662
68671
68676
68689
68695
68712
68715
68725
68726
68735
68744
68746
68753
68799
68801
68806
68810
68813
68823
68824
68826
68832
68840
68845
68861
68867
68878
68886
68888
68919
68930
68945
68952
68960
68961
68970
68977
68979
68987
68994
68995
69005
69010
69013
69016
69022
69024
69026
69036
69037
69043
69046
69056
69071
69074
69089
69119
69121
69128
69129
69134
69140
69178
69183
69208
69218
69230
69255
69258
69266
69277
69281
69286
69300
69321
69336
69340
69346
69347
69348
69356
69365
69367
69382
69386
69389
69392
69397
69400
69406
69412
69413
69419
69440
69456
69461
69470
69481
69484
69485
69493
69494
69505
69507
69513
69515
69523
69542
69544
69553
69560
69562
69574
69581
69585
69595
69600
69608
69611
69622
69629
69665
69675
69685
69686
69718
69721
69726
69731
69744
69753
69764
69775
69776
69780
69782
69784
69794
69798
69799
69814
69822
69828
69835
69836
69837
69855
69866
69875
69878
69880
69890
69896
69897
69900
69926
69928
69944
69945
69956
69957
69962
69964
69973
69976
69990
69991
69994
70019
70023
70026
70032
70039
70040
70055
70057
70060
70065
70079
70081
70085
70092
70094
70108
70109
70115
70147
70166
70170
70172
70175
70186
70187
70200
70206
70213
70216
70217
70236
70239
70244
70257
70269
70274
70286
70287
70288
70294
70296
70305
70330
70340
70345
70358
70375
70381
70389
70390
70391
70401
70404
70408
70432
70435
70439
70452
70455
70460
70478
70487
70502
70507
70509
70520
70528
70537
70541
70557
70561
70563
70583
70586
70607
70609
70616
70617
70618
70638
70657
70664
70705
70713
70716
70717
70740
70741
70742
70754
70760
70763
70794
70803
70816
70821
70826
70845
70848
70852
70863
70865
70881
70883
70885
70900
70902
70908
70911
70912
70918
70934
70937
70950
70968
70971
70980
70983
70987
70993
70995
71011
71030
71041
71048
71059
71061
71067
71070
71079
71092
71095
71106
71108
71117
71123
71136
71139
71145
71149
71169
71181
71183
71193
71195
71206
71224
71227
71230
71233
71234
71248
71254
71266
71270
71286
71299
71313
71316
71334
71336
71346
71357
71362
71365
71375
71378
71385
71400
71401
71411
71416
71418
71422
71424
71473
71484
71488
71489
71494
71505
71510
71528
71529
71548
71563
71575
71578
71583
71591
71600
71614
71619
71628
71631
71642
71645
71651
71655
71661
71702
71722
71733
71736
71772
71783
71797
71799
71805
71828
71832
71848
71853
71864
71868
71870
71885
71892
71908
71912
71931
71937
71949
71969
71970
71980
71990
71993
71998
72001
72004
72008
72010
72017
72018
72022
72030
72060
72069
72086
72089
72113
72135
72159
72169
72188
72197
72204
72234
72240
72254
72259
72267
72269
72276
72278
72300
72305
72307
72315
72326
72340
72343
72345
72346
72355
72367
72371
72375
72381
72390
72391
72398
72400
72406
72407
72409
72417
72432
72439
72441
72447
72449
72457
72458
72470
72490
72521
72524
72527
72532
72537
72548
72561
72564
72570
72579
72584
72586
72589
72590
72591
72604
72614
72616
72621
72637
72652
72663
72668
72671
72674
72677
72688
72694
72737
72742
72743
72752
72754
72759
72763
72771
72779
72790
72803
72813
72820
72824
72825
72829
72831
72843
72848
72858
72870
72880
72881
72889
72895
72912
72913
72919
72921
72935
72937
72941
72942
72945
72988
72990
72994
72996
72998
73013
73029
73041
73042
73045
73053
73060
73066
73078
73081
73103
73123
73141
73146
73162
73166
73176
73190
73198
73211
73223
73224
73226
73232
73233
73250
73252
73267
73269
73281
73295
73312
73328
73336
73340
73348
73360
73384
73389
73398
73405
73426
73442
73453
73468
73469
73473
73480
73489
73494
73497
73503
73514
73516
73522
73523
73560
73583
73593
73597
73601
73606
73612
73617
73618
73619
73620
73623
73624
73626
73628
73636
73640
73650
73652
73700
73702
73709
73725
73731
73736
73737
73751
73753
73755
73760
73763
73767
73779
73818
73833
73858
73869
73891
73898
73905
73920
73938
73945
73955
73972
73979
73986
73992
73998
74000
74003
74004
74005
74008
74012
74014
74020
74043
74045
74057
74064
74083
74084
74088
74094
74105
74106
74107
74113
74115
74125
74129
74133
74134
74136
74146
74149
74152
74158
74179
74182
74198
74205
74221
74233
74246
74250
74256
74262
74265
74294
74296
74310
74312
74328
74342
74369
74371
74388
74401
74402
74420
74423
74424
74430
74435
74443
74458
74460
74471
74472
74488
74500
74528
74535
74546
74556
74559
74585
74595
74603
74615
74619
74621
74626
74627
74649
74652
74676
74677
74685
74687
74697
74698
74706
74709
74722
74731
74744
74772
74787
74815
74819
74824
74831
74835
74838
74841
74843
74848
74861
74869
74883
74899
74914
74919
74937
74939
74941
74963
74971
75016
75020
75063
75067
75070
75076
75078
75088
75105
75107
75129
75192
75212
75215
75226
75228
75230
75231
75234
75252
75264
75275
75280
75289
75296
75311
75321
75329
75344
75345
75353
75374
75380
75393
75394
75396
75397
75399
75400
75402
75409
75411
75415
75416
75429
75447
75476
75479
75482
75487
75491
75511
75521
75525
75569
75588
75594
75596
75601
75604
75620
75627
75628
75630
75632
75635
75642
75643
75646
75655
75661
75670
75679
75689
75690
75692
75698
75704
75709
75714
75719
75728
75740
75756
75782
75789
75794
75813
75818
75831
75836
75843
75850
75856
75862
75871
75874
75886
75890
75898
75907
75908
75918
75928
75930
75933
75941
75948
75949
75968
75974
75977
75982
75990
75993
76010
76025
76037
76039
76043
76055
76062
76065
76070
76077
76079
76086
76097
76109
76110
76134
76149
76177
76182
76189
76204
76229
76239
76252
76254
76257
76264
76269
76271
76277
76283
76290
76297
76308
76313
76322
76343
76345
76348
76395
76399
76410
76413
76428
76433
76457
76460
76466
76509
76515
76526
76535
76551
76553
76554
76558
76561
76571
76574
76579
76621
76628
76635
76652
76653
76659
76665
76700
76704
76712
76718
76746
76752
76764
76775
76786
76818
76819
76826
76835
76846
76861
76865
76867
76878
76887
76902
76916
76937
76956
76973
76975
76984
76992
76993
76995
76999
77010
77023
77024
77026
77029
77033
77035
77044
77053
77055
77062
77066
77077
77085
77088
77090
77095
77097
77105
77114
77117
77119
77125
77127
77153
77173
77200
77257
77279
77281
77289
77292
77296
77297
77302
77308
77319
77325
77330
77331
77332
77340
77342
77343
77344
77381
77384
77393
77398
77410
77413
77421
77467
77490
77495
77507
77521
77522
77529
77547
77548
77558
77561
77564
77569
77581
77591
77609
77612
77618
77637
77648
77651
77695
77697
77702
77719
77725
77730
77753
77770
77781
77782
77789
77795
77797
77800
77806
77811
77822
77828
77846
77867
77869
77870
77874
77888
77897
77909
77919
77926
77943
77946
77959
77996
78005
78006
78013
78015
78021
78026
78031
78046
78052
78054
78061
78073
78076
78081
78089
78110
78112
78113
78128
78140
78145
78154
78166
78169
78171
78176
78181
78192
78195
78197
78205
78207
78216
78223
78236
78238
78249
78250
78254
78279
78281
78309
78317
78318
78329
78344
78353
78384
78389
78394
78398
78400
78413
78414
78418
78423
78427
78434
78437
78440
78446
78448
78460
78463
78478
78487
78490
78494
78510
78519
78532
78538
78539
78542
78546
78551
78552
78562
78567
78578
78579
78590
78602
78606
78626
78632
78636
78640
78648
78668
78670
78675
78682
78688
78691
78697
78703
78704
78706
78709
78725
78741
78768
78774
78781
78782
78795
78798
78805
78810
78859
78863
78871
78880
78896
78897
78922
78929
78933
78946
78947
78948
78958
78990
78991
79001
79019
79022
79023
79026
79033
79035
79040
79047
79048
79097
79122
79130
79131
79137
79148
79151
79153
79155
79163
79174
79190
79205
79209
79213
79217
79219
79223
79225
79235
79236
79268
79279
79294
79303
79307
79308
79311
79328
79350
79366
79389
79391
79393
79398
79399
79404
79411
79434
79435
79436
79442
79461
79494
79516
79549
79550
79555
79560
79590
79601
79607
79611
79615
79620
79632
79636
79641
79645
79655
79663
79668
79671
79675
79679
79686
79688
79720
79722
79724
79727
79736
79745
79746
79758
79759
79765
79771
79778
79783
79786
79795
79796
79801
79814
79816
79855
79877
79881
79893
79910
79913
79914
79924
79927
79930
79941
79953
79965
79968
79979
79981
79986
79988
79994
80002
80004
80007
80014
80016
80027
80031
80038
80050
80062
80064
80068
80076
80078
80083
80102
80105
80108
80111
80115
80121
80125
80130
80145
80149
80154
80165
80167
80175
80176
80207
80208
80219
80232
80245
80251
80265
80268
80281
80288
80292
80312
80322
80334
80337
80359
80368
80380
80386
80387
80395
80399
80400
80403
80417
80433
80437
80446
80448
80452
80454
80455
80462
80466
80472
80496
80498
80502
80510
80514
80515
80530
80532
80536
80554
80560
80561
80563
80564
80573
80575
80583
80620
80628
80631
80643
80650
80667
80680
80686
80687
80688
80692
80697
80732
80755
80787
80810
80815
80825
80832
80837
80855
80862
80866
80886
80896
80900
80924
80935
80938
80939
80949
80967
80968
80969
80971
80975
80980
80981
80987
81001
81003
81007
81008
81013
81015
81021
81025
81056
81057
81074
81075
81078
81094
81104
81119
81122
81126
81138
81139
81142
81148
81153
81158
81162
81168
81174
81180
81183
81191
81195
81210
81223
81224
81236
81254
81261
81267
81277
81279
81299
81303
81305
81310
81317
81324
81331
81332
81342
81346
81350
81354
81358
81367
81368
81370
81376
81381
81382
81391
81394
81399
81400
81401
81407
81421
81437
81448
81454
81472
81484
81509
81510
81513
81519
81521
81531
81535
81537
81538
81551
81563
81585
81587
81594
81609
81612
81613
81625
81631
81632
81641
81658
81659
81669
81686
81693
81695
81698
81702
81703
81709
81725
81728
81732
81760
81798
81806
81828
81833
81834
81837
81838
81844
81858
81862
81867
81889
81895
81897
81910
81925
81941
81943
81982
81993
82001
82005
82014
82053
82064
82074
82108
82119
82122
82146
82154
82197
82217
82231
82247
82269
82294
82297
82300
82301
82302
82304
82307
82308
82317
82331
82332
82336
82342
82345
82347
82362
82372
82377
82379
82382
82393
82407
82408
82410
82413
82416
82429
82430
82436
82470
82479
82494
82497
82500
82517
82533
82547
82561
82566
82580
82584
82588
82594
82598
82601
82613
82619
82620
82624
82632
82641
82645
82654
82661
82715
82735
82750
82755
82758
82765
82768
82775
82777
82789
82794
82800
82815
82820
82825
82837
82842
82871
82872
82875
82887
82905
82914
82916
82921
82923
82924
82935
82947
82957
82967
82973
82991
82999
83000
83006
83014
83031
83033
83042
83050
83053
83100
83116
83119
83140
83154
83159
83169
83172
83182
83198
83200
83207
83223
83250
83256
83274
83282
83286
83306
83314
83325
83328
83346
83360
83409
83427
83434
83475
83481
83484
83496
83500
83543
83544
83561
83565
83568
83573
83576
83593
83610
83631
83643
83653
83654
83659
83660
83663
83674
83706
83708
83710
83711
83731
83736
83750
83770
83787
83788
83796
83799
83809
83820
83838
83854
83862
83863
83864
83867
83871
83881
83885
83889
83903
83916
83929
83930
83935
83945
83983
83992
83994
83999
84001
84014
84017
84024
84045
84054
84057
84069
84075
84082
84091
84095
84113
84115
84120
84152
84153
84173
84179
84185
84187
84195
84203
84205
84209
84219
84226
84229
84238
84257
84258
84263
84275
84280
84296
84298
84299
84307
84309
84320
84321
84339
84350
84356
84357
84366
84369
84374
84378
84385
84393
84397
84418
84427
84430
84434
84435
84438
84446
84447
84465
84467
84468
84484
84490
84492
84521
84524
84527
84533
84548
84549
84555
84556
84558
84569
84596
84599
84600
84614
84616
84618
84620
84622
84628
84629
84639
84648
84649
84656
84667
84671
84673
84699
84700
84704
84719
84736
84743
84749
84756
84758
84776
84782
84791
84811
84823
84831
84832
84838
84847
84851
84858
84870
84878
84916
84919
84941
84943
84965
84972
84975
85012
85014
85023
85028
85035
85048
85058
85061
85070
85081
85086
85091
85118
85131
85132
85133
85137
85140
85142
85151
85166
85171
85189
85204
85217
85236
85238
85249
85253
85257
85261
85265
85277
85302
85304
85312
85317
85318
85319
85323
85326
85327
85338
85342
85348
85375
85378
85381
85385
85387
85399
85402
85412
85423
85430
85453
85454
85462
85484
85485
85493
85494
85498
85501
85502
85509
85510
85514
85535
85548
85551
85564
85565
85581
85585
85603
85605
85609
85620
85625
85643
85645
85648
85653
85659
85662
85673
85680
85684
85685
85689
85692
85693
85696
85698
85699
85701
85713
85716
85724
85725
85738
85745
85748
85749
85759
85760
85773
85802
85813
85835
85837
85855
85879
85888
85892
85896
85911
85914
85922
85940
85945
85946
85949
85950
85953
85955
85965
85987
86020
86021
86040
86061
86068
86071
86087
86090
86098
86101
86106
86110
86124
86140
86154
86157
86165
86171
86178
86190
86192
86193
86216
86222
86236
86241
86256
86266
86270
86273
86274
86275
86280
86288
86304
86311
86327
86330
86331
86351
86356
86365
86366
86379
86392
86395
86398
86403
86415
86417
86427
86431
86432
86433
86435
86460
86477
86478
86507
86509
86510
86532
86534
86547
86564
86596
86597
86602
86610
86632
86654
86658
86661
86664
86683
86685
86691
86716
86731
86733
86743
86750
86760
86763
86769
86782
86788
86794
86802
86808
86825
86836
86853
86857
86879
86895
86898
86906
86930
86935
86945
86951
86958
86959
86963
86965
86979
86981
86987
86998
87005
87009
87016
87029
87058
87066
87079
87082
87086
87090
87092
87097
87105
87111
87113
87114
87138
87141
87147
87152
87170
87174
87178
87189
87190
87193
87202
87203
87205
87208
87227
87240
87248
87261
87279
87282
87296
87300
87311
87312
87316
87319
87337
87346
87365
87366
87381
87383
87385
87390
87392
87399
87409
87427
87429
87438
87457
87477
87482
87485
87510
87513
87526
87529
87530
87552
87554
87581
87592
87603
87627
87634
87637
87638
87648
87658
87660
87664
87667
87671
87675
87683
87691
87695
87703
87706
87709
87714
87721
87727
87738
87759
87760
87766
87796
87800
87816
87821
87823
87824
87850
87876
87887
87890
87898
87910
87912
87934
87936
87959
87960
87968
87974
87982
87985
88014
88019
88036
88050
88051
88064
88066
88069
88073
88088
88095
88096
88101
88105
88109
88111
88114
88118
88125
88136
88142
88150
88153
88159
88164
88173
88175
88179
88183
88196
88217
88219
88224
88229
88274
88295
88331
88341
88350
88356
88361
88381
88395
88401
88416
88440
88441
88445
88471
88478
88485
88486
88490
88491
88497
88500
88509
88513
88530
88533
88546
88552
88562
88566
88580
88586
88588
88603
88606
88611
88618
88631
88643
88646
88658
88677
88679
88688
88701
88706
88708
88713
88714
88761
88768
88777
88826
88840
88845
88853
88857
88859
88871
88909
88945
88947
88958
89002
89018
89023
89027
89035
89036
89045
89049
89100
89101
89134
89136
89148
89167
89169
89175
89177
89206
89207
89212
89223
89226
89230
89234
89235
89238
89243
89252
89273
89297
89310
89316
89320
89321
89323
89324
89328
89333
89345
89347
89348
89372
89396
89416
89447
89449
89459
89460
89474
89506
89508
89513
89519
89526
89528
89532
89536
89537
89538
89543
89560
89574
89595
89600
89601
89613
89617
89624
89629
89631
89645
89659
89666
89668
89669
89682
89686
89690
89696
89702
89706
89721
89730
89734
89736
89753
89761
89768
89771
89785
89786
89787
89791
89808
89812
89823
89824
89828
89834
89837
89844
89851
89857
89870
89889
89892
89897
89915
89936
89960
89964
89966
90018
90020
90042
90068
90097
90107
90116
90123
90138
90153
90173
90179
90182
90187
90197
90200
90230
90236
90238
90255
90259
90279
90310
90321
90338
90348
90361
90362
90367
90369
90370
90373
90381
90391
90392
90396
90444
90446
90452
90454
90466
90482
90484
90501
90503
90521
90526
90530
90534
90538
90542
90547
90558
90563
90569
90570
90572
90582
90588
90610
90612
90627
90628
90636
90640
90652
90666
90668
90669
90673
90674
90675
90679
90685
90703
90711
90731
90763
90768
90780
90796
90804
90805
90807
90817
90825
90826
90860
90867
90870
90871
90879
90881
90887
90917
90938
90940
90953
90956
90966
90982
90987
91029
91037
91049
91050
91052
91061
91063
91077
91078
91104
91116
91119
91123
91125
91131
91144
91147
91148
91174
91179
91182
91202
91203
91204
91219
91247
91252
91268
91277
91298
91299
91313
91317
91328
91329
91344
91360
91367
91398
91399
91406
91410
91415
91426
91446
91449
91452
91461
91480
91486
91493
91494
91508
91514
91515
91530
91533
91543
91554
91565
91579
91590
91592
91594
91622
91625
91638
91649
91656
91674
91682
91701
91702
91711
91713
91721
91733
91734
91751
91754
91755
91760
91766
91776
91800
91812
91825
91826
91842
91843
91851
91863
91873
91878
91888
91907
91908
91910
91913
91916
91922
91963
91965
91975
91979
91987
91988
91994
92006
92014
92017
92034
92045
92047
92057
92061
92074
92079
92090
92093
92094
92103
92148
92151
92152
92157
92178
92181
92183
92201
92208
92229
92230
92257
92273
92291
92323
92345
92352
92354
92364
92377
92381
92382
92383
92389
92392
92394
92400
92402
92406
92431
92432
92446
92462
92463
92473
92475
92492
92494
92495
92499
92501
92523
92531
92536
92538
92543
92547
92559
92579
92581
92602
92619
92631
92656
92657
92670
92680
92695
92724
92735
92744
92747
92755
92757
92759
92769
92787
92789
92790
92806
92807
92818
92824
92825
92827
92831
92881
92886
92888
92914
92918
92921
92928
92947
92954
92955
92969
92978
92981
92993
92996
92997
93020
93022
93026
93033
93050
93051
93071
93072
93080
93093
93099
93100
93105
93114
93126
93127
93146
93147
93155
93172
93190
93201
93209
93214
93220
93226
93239
93241
93249
93258
93263
93265
93296
93330
93347
93375
93390
93400
93423
93431
93461
93482
93484
93489
93497
93502
93519
93528
93529
93549
93559
93567
93580
93609
93618
93621
93624
93628
93635
93684
93688
93712
93724
93725
93732
93745
93752
93780
93781
93789
93791
93796
93807
93810
93850
93853
93856
93857
93898
93909
93919
93947
93956
93959
93961
93966
93967
93977
93982
93999
94001
94012
94020
94026
94027
94056
94064
94069
94075
94088
94093
94099
94104
94113
94114
94116
94121
94178
94194
94205
94214
94220
94236
94239
94240
94252
94265
94267
94270
94272
94283
94287
94357
94360
94363
94370
94376
94384
94385
94391
94409
94422
94428
94429
94432
94433
94438
94441
94445
94462
94463
94467
94473
94474
94484
94486
94489
94504
94523
94569
94571
94572
94578
94594
94618
94623
94631
94633
94637
94650
94675
94679
94684
94690
94694
94700
94709
94710
94716
94731
94745
94749
94752
94758
94761
94763
94768
94773
94779
94786
94787
94791
94795
94805
94809
94810
94811
94815
94822
94836
94838
94848
94852
94868
94870
94895
94899
94907
94908
94910
94919
94920
94921
94922
94932
94938
94946
94947
94956
94978
94979
95028
95031
95032
95037
95058
95070
95077
95078
95085
95094
95140
95141
95147
95149
95153
95154
95175
95196
95198
95206
95209
95221
95232
95239
95277
95296
95300
95307
95310
95370
95386
95439
95447
95450
95453
95455
95477
95478
95506
95526
95535
95546
95548
95557
95569
95577
95579
95583
95597
95605
95618
95629
95660
95663
95666
95676
95683
95685
95705
95714
95716
95718
95739
95742
95747
95774
95778
95782
95783
95804
95821
95838
95850
95856
95857
95864
95882
95883
95889
95900
95909
95923
95925
95930
95933
95952
95974
95975
95993
95995
96004
96018
96028
96031
96036
96038
96045
96048
96058
96063
96064
96066
96067
96094
96098
96101
96102
96104
96108
96132
96138
96157
96163
96169
96170
96199
96207
96210
96220
96240
96248
96257
96260
96273
96281
96285
96302
96303
96317
96333
96341
96345
96348
96355
96356
96362
96363
96373
96395
96399
96409
96424
96430
96447
96453
96454
96458
96461
96468
96475
96485
96490
96512
96529
96532
96539
96549
96552
96555
96558
96563
96564
96566
96589
96597
96600
96601
96606
96608
96614
96631
96636
96640
96645
96653
96655
96662
96663
96670
96677
96683
96690
96694
96703
96709
96718
96727
96731
96738
96755
96758
96760
96761
96772
96778
96804
96808
96811
96850
96854
96862
96865
96877
96891
96894
96895
96918
96928
96941
96953
96954
96958
96972
96990
97008
97018
97019
97021
97022
97033
97036
97037
97041
97042
97052
97074
97075
97097
97120
97121
97130
97135
97140
97149
97168
97173
97174
97182
97188
97193
97202
97217
97223
97255
97264
97266
97293
97294
97297
97308
97324
97333
97336
97337
97357
97365
97387
97396
97399
97416
97425
97431
97432
97447
97454
97455
97456
97464
97489
97492
97514
97516
97527
97544
97558
97562
97570
97585
97588
97593
97599
97603
97610
97612
97621
97624
97629
97654
97658
97663
97673
97697
97702
97710
97711
97715
97717
97720
97735
97748
97749
97760
97761
97774
97778
97783
97831
97832
97842
97846
97856
97862
97874
97875
97883
97884
97891
97896
97901
97922
97932
97944
97946
97971
97972
97975
97978
97985
97996
97997
98000
98005
98008
98009
98013
98035
98056
98078
98080
98091
98096
98105
98106
98121
98122
98123
98131
98137
98154
98170
98171
98194
98195
98205
98206
98216
98218
98222
98231
98261
98262
98266
98277
98279
98307
98320
98324
98328
98336
98345
98351
98355
98359
98365
98393
98395
98396
98407
98410
98422
98445
98468
98474
98479
98521
98529
98537
98555
98562
98567
98578
98584
98602
98606
98624
98631
98632
98638
98649
98656
98661
98681
98691
98699
98703
98709
98722
98742
98757
98759
98763
98768
98769
98778
98791
98815
98817
98823
98828
98838
98841
98849
98869
98875
98882
98904
98926
98953
98984
98986
98994
99004
99026
99030
99031
99045
99049
99052
99055
99061
99078
99081
99085
99089
99091
99107
99109
99143
99167
99169
99187
99194
99214
99221
99226
99231
99239
99241
99249
99251
99253
99270
99276
99306
99311
99317
99334
99350
99358
99361
99383
99401
99418
99429
99433
99458
99465
99468
99490
99515
99523
99535
99544
99567
99572
99575
99576
99579
99581
99587
99599
99614
99630
99636
99650
99666
99668
99669
99676
99677
99687
99691
99714
99728
99731
99740
99741
99742
99754
99784
99801
99812
99813
99815
99826
99835
99837
99840
99855
99857
99859
99864
99875
99878
99891
99914
99920
99933
99938
99949
99950
99956
99958
99980
99983
99985
99990
99993
99996
