6
12
52
69
71
73
103
125
142
152
159
207
208
217
234
248
254
256
299
316
317
320
329
395
402
487
491
494
545
548
566
619
632
655
671
714
742
770
773
785
790
796
814
815
838
846
855
859
878
912
920
941
971
981
991
1006
1016
1048
1089
1090
1100
1114
1121
1144
1174
1186
1220
1225
1229
1236
1249
1290
1303
1343
1359
1365
1409
1460
1501
1517
1546
1605
1642
1660
1670
1690
1724
1796
1799
1815
1837
1848
1866
1874
1885
1892
1914
1950
1968
1973
2007
2053
2058
2060
2088
2133
2135
2137
2162
2175
2180
2181
2220
2270
2275
2300
2312
2314
2332
2346
2405
2434
2476
2481
2491
2492
2495
2501
2524
2610
2651
2660
2685
2695
2729
2732
2763
2774
2775
2776
2808
2832
2904
2907
2919
2920
2924
2933
2951
2953
2955
2958
2967
2974
2976
3040
3041
3054
3057
3061
3070
3071
3072
3090
3112
3129
3148
3156
3206
3211
3232
3233
3245
3251
3273
3296
3333
3355
3369
3371
3374
3394
3397
3410
3471
3485
3493
3528
3567
3606
3615
3635
3648
3671
3681
3697
3708
3745
3750
3776
3779
3796
3838
3893
3949
3955
3969
3972
3983
3984
3986
3987
3991
3993
4021
4089
4119
4137
4138
4144
4146
4147
4154
4161
4165
4235
4254
4262
4263
4306
4311
4328
4340
4360
4389
4398
4427
4443
4454
4456
4462
4486
4487
4489
4530
4532
4572
4583
4595
4617
4631
4659
4663
4670
4731
4741
4747
4749
4770
4773
4789
4795
4801
4830
4856
4907
4911
4917
4924
4953
4983
5047
5060
5079
5086
5091
5101
5126
5184
5190
5262
5284
5297
5298
5328
5329
5333
5335
5339
5342
5408
5441
5479
5482
5535
5547
5576
5586
5633
5638
5662
5667
5684
5689
5707
5709
5732
5760
5806
5828
5831
5838
5855
5903
5905
5920
5967
5995
6004
6055
6056
6057
6065
6067
6074
6085
6093
6118
6134
6136
6148
6173
6184
6247
6264
6272
6330
6333
6370
6378
6384
6396
6406
6410
6431
6472
6480
6503
6524
6525
6528
6569
6590
6612
6671
6679
6713
6725
6727
6728
6735
6738
6771
6783
6794
6806
6808
6811
6820
6856
6866
6872
6894
6903
6917
6918
6925
6941
6956
6969
6973
6974
6997
6999
7062
7090
7092
7099
7111
7114
7166
7183
7203
7264
7276
7281
7398
7418
7436
7438
7476
7480
7495
7516
7540
7550
7558
7560
7577
7589
7597
7598
7665
7691
7704
7712
7715
7718
7726
7731
7736
7738
7753
7771
7778
7781
7784
7817
7833
7852
7937
8002
8033
8037
8038
8082
8091
8097
8109
8143
8145
8169
8173
8179
8246
8306
8312
8363
8462
8500
8505
8521
8523
8532
8587
8685
8707
8740
8742
8769
8776
8793
8795
8800
8838
8853
8855
8889
8891
8909
8920
8932
8944
8961
8997
9067
9074
9079
9100
9104
9138
9186
9208
9210
9211
9233
9248
9250
9253
9292
9306
9344
9377
9381
9433
9457
9484
9490
9493
9520
9536
9572
9579
9620
9622
9644
9703
9739
9740
9753
9793
9799
9800
9870
9878
9885
9924
9927
9995
10006
10044
10132
10148
10154
10175
10222
10223
10234
10262
10269
10270
10332
10340
10460
10479
10503
10523
10532
10542
10570
10593
10612
10621
10641
10676
10692
10702
10759
10760
10769
10815
10828
10832
10839
10848
10851
10853
10877
10899
10900
10927
10943
10988
10989
10997
11046
11054
11065
11088
11089
11148
11155
11161
11164
11167
11175
11181
11184
11198
11218
11260
11281
11301
11317
11343
11350
11352
11358
11408
11445
11465
11471
11477
11518
11524
11542
11612
11672
11701
11734
11767
11785
11804
11812
11824
11828
11836
11854
11862
11870
11911
11915
11940
11966
11989
12002
12022
12053
12054
12058
12061
12078
12096
12113
12131
12132
12135
12145
12151
12154
12217
12219
12241
12260
12261
12262
12333
12334
12336
12371
12407
12442
12464
12490
12491
12517
12550
12596
12605
12641
12691
12699
12716
12724
12742
12755
12763
12776
12798
12804
12812
12829
12843
12912
12915
12920
12931
12980
12982
12996
13042
13064
13072
13124
13131
13168
13193
13197
13199
13206
13207
13230
13290
13327
13328
13404
13412
13441
13453
13454
13469
13528
13590
13643
13674
13750
13768
13815
13840
13850
13858
13931
13935
13942
13956
13957
13980
13992
13995
13996
14028
14054
14089
14123
14141
14151
14159
14172
14174
14201
14203
14325
14349
14380
14385
14440
14456
14484
14542
14549
14550
14551
14553
14575
14588
14593
14616
14638
14659
14667
14691
14693
14722
14758
14780
14781
14787
14818
14827
14842
14875
14898
14918
14919
14921
14923
14947
14960
14983
14997
15015
15018
15030
15047
15075
15082
15116
15119
15156
15178
15216
15258
15287
15354
15366
15375
15401
15453
15461
15530
15547
15549
15585
15593
15615
15657
15667
15677
15683
15744
15765
15770
15773
15777
15805
15806
15808
15811
15813
15847
15869
15901
15938
15982
16008
16034
16036
16056
16071
16081
16111
16127
16132
16145
16163
16170
16176
16221
16245
16249
16256
16320
16339
16370
16376
16384
16392
16395
16418
16464
16488
16512
16518
16520
16537
16545
16559
16570
16591
16594
16595
16631
16632
16655
16693
16694
16758
16794
16796
16814
16816
16831
16840
16850
16884
16889
16937
16946
16952
16959
16975
17026
17030
17042
17054
17069
17083
17126
17134
17150
17158
17184
17187
17228
17246
17255
17271
17276
17277
17282
17312
17319
17326
17382
17432
17453
17479
17509
17512
17522
17529
17531
17571
17584
17634
17637
17648
17713
17715
17723
17724
17726
17769
17785
17795
17801
17813
17836
17844
17885
17917
17929
17932
17948
17981
17987
18037
18059
18061
18073
18096
18099
18171
18172
18214
18219
18230
18232
18236
18251
18254
18255
18271
18282
18285
18297
18313
18314
18387
18440
18443
18451
18452
18471
18477
18480
18488
18503
18508
18574
18577
18584
18603
18612
18670
18673
18676
18685
18707
18714
18721
18744
18746
18792
18810
18832
18835
18842
18883
18888
18923
18928
18931
18933
18934
18973
18989
18996
19002
19014
19017
19028
19058
19071
19079
19085
19086
19130
19155
19170
19182
19188
19208
19212
19238
19252
19277
19306
19335
19338
19351
19358
19409
19419
19434
19460
19487
19498
19502
19527
19551
19552
19581
19590
19601
19604
19613
19622
19635
19638
19642
19643
19675
19689
19694
19718
19797
19798
19800
19811
19838
19854
19870
19873
19900
19903
19931
19934
19938
19939
19951
19975
20002
20003
20007
20011
20015
20032
20037
20041
20066
20071
20107
20169
20173
20193
20211
20217
20237
20241
20260
20261
20289
20330
20348
20355
20360
20387
20395
20399
20431
20440
20494
20537
20546
20561
20578
20585
20594
20659
20746
20760
20781
20783
20800
20805
20814
20815
20874
20891
20962
20971
20991
20996
21000
21053
21060
21075
21081
21088
21091
21172
21207
21214
21237
21248
21255
21264
21277
21312
21363
21375
21389
21404
21415
21419
21470
21474
21482
21485
21513
21535
21552
21557
21564
21577
21614
21709
21727
21747
21784
21802
21811
21832
21896
21984
21995
22001
22025
22063
22085
22097
22121
22134
22137
22141
22143
22146
22184
22193
22275
22294
22296
22298
22333
22338
22348
22352
22356
22366
22394
22409
22432
22448
22491
22496
22504
22509
22535
22567
22577
22594
22607
22608
22622
22647
22651
22666
22687
22689
22711
22724
22728
22736
22765
22779
22792
22799
22814
22852
22869
22915
22926
22928
22933
22936
22998
23018
23070
23084
23093
23136
23152
23181
23206
23229
23248
23257
23260
23283
23291
23297
23299
23323
23331
23338
23373
23386
23402
23433
23451
23454
23474
23479
23487
23492
23504
23540
23543
23577
23595
23641
23644
23657
23682
23688
23731
23740
23752
23814
23856
23863
23869
23879
23908
23919
23978
24012
24022
24043
24065
24084
24088
24118
24143
24160
24172
24174
24215
24230
24240
24377
24405
24422
24441
24492
24545
24549
24551
24593
24599
24621
24634
24643
24650
24679
24683
24709
24762
24833
24842
24874
24882
24886
24892
24894
24896
24914
24915
24926
24937
24953
24959
24961
24999
25058
25067
25093
25099
25161
25170
25175
25180
25190
25193
25203
25216
25230
25234
25246
25277
25291
25342
25377
25387
25394
25417
25425
25438
25466
25525
25532
25536
25551
25560
25584
25586
25587
25615
25619
25623
25659
25690
25701
25814
25837
25852
25889
25892
25895
25952
25968
26029
26044
26045
26048
26058
26070
26081
26092
26111
26120
26122
26125
26132
26144
26171
26192
26255
26281
26286
26306
26313
26331
26335
26342
26344
26354
26363
26367
26374
26376
26406
26417
26431
26469
26471
26563
26588
26602
26618
26629
26638
26674
26708
26723
26742
26785
26804
26819
26873
26882
26907
26915
26920
26940
26971
26995
27096
27097
27121
27123
27129
27131
27140
27142
27148
27157
27170
27231
27272
27275
27335
27342
27412
27414
27431
27450
27486
27506
27507
27514
27532
27568
27619
27675
27724
27767
27770
27779
27818
27822
27854
27877
27884
27888
27898
27923
27961
28000
28007
28020
28021
28035
28066
28092
28102
28105
28148
28149
28189
28191
28203
28230
28247
28281
28285
28317
28328
28355
28392
28404
28411
28414
28470
28481
28494
28557
28571
28600
28610
28612
28615
28653
28689
28708
28763
28768
28775
28786
28807
28819
28820
28831
28833
28885
28887
28898
28902
28909
28922
28927
28936
28937
28940
28969
28975
28978
28987
28994
29019
29020
29028
29029
29149
29155
29168
29199
29224
29227
29228
29342
29384
29390
29414
29415
29422
29427
29443
29509
29537
29540
29561
29567
29609
29620
29631
29664
29672
29689
29753
29757
29760
29788
29800
29805
29809
29827
29858
29860
29877
29907
29919
29925
29933
29937
29946
29950
29952
29953
29956
30016
30019
30026
30062
30076
30090
30114
30180
30199
30205
30233
30238
30251
30262
30289
30317
30335
30336
30370
30379
30391
30430
30441
30472
30493
30501
30516
30523
30524
30528
30550
30553
30554
30562
30576
30611
30644
30664
30668
30669
30692
30697
30713
30724
30734
30767
30773
30782
30785
30794
30835
30836
30837
30859
30872
30875
30888
30942
30958
31004
31035
31081
31090
31105
31113
31209
31274
31275
31289
31316
31361
31378
31402
31408
31414
31419
31448
31455
31459
31461
31470
31483
31491
31530
31534
31569
31620
31636
31661
31665
31766
31779
31805
31822
31825
31878
31932
31956
31973
31995
32049
32056
32057
32068
32084
32099
32144
32164
32168
32182
32187
32211
32221
32228
32240
32265
32276
32283
32295
32297
32322
32326
32357
32358
32399
32414
32468
32470
32485
32492
32494
32530
32535
32542
32557
32567
32579
32588
32625
32646
32657
32712
32714
32725
32816
32828
32835
32842
32861
32901
32903
32932
32935
32937
32950
32959
32983
33024
33078
33081
33091
33100
33108
33124
33132
33186
33193
33203
33277
33290
33298
33348
33349
33364
33365
33366
33381
33383
33384
33387
33388
33412
33427
33439
33440
33507
33587
33674
33687
33695
33696
33769
33785
33792
33794
33822
33828
33855
33883
33885
33896
33903
33968
33970
33992
34032
34053
34055
34083
34110
34112
34118
34122
34165
34226
34230
34289
34341
34342
34350
34373
34377
34385
34394
34417
34424
34473
34504
34506
34525
34527
34547
34552
34569
34590
34609
34625
34671
34688
34761
34770
34807
34831
34899
34922
34933
34937
34968
34985
34992
34994
35025
35118
35119
35121
35123
35127
35140
35151
35187
35211
35238
35247
35251
35254
35301
35324
35339
35369
35376
35415
35418
35448
35460
35466
35510
35539
35540
35541
35574
35631
35643
35660
35661
35673
35712
35727
35739
35767
35771
35772
35775
35783
35787
35799
35814
35817
35818
35826
35861
35899
35911
35915
35954
35963
36012
36018
36032
36051
36054
36055
36058
36106
36118
36119
36140
36141
36170
36200
36249
36250
36258
36273
36285
36323
36390
36397
36398
36413
36415
36444
36463
36533
36535
36610
36638
36639
36664
36686
36708
36714
36721
36722
36726
36762
36768
36771
36800
36808
36838
36848
36872
36904
36926
36939
36945
36956
36957
36959
36963
36999
37008
37013
37021
37058
37076
37086
37107
37120
37151
37155
37183
37189
37190
37199
37200
37203
37242
37249
37252
37289
37384
37386
37396
37409
37439
37444
37467
37517
37521
37574
37575
37612
37624
37632
37638
37645
37648
37654
37664
37688
37741
37744
37802
37811
37825
37835
37860
37861
37902
37912
37949
37955
38002
38020
38027
38028
38080
38085
38093
38094
38154
38158
38205
38227
38235
38238
38254
38264
38268
38370
38416
38437
38440
38457
38486
38532
38552
38556
38595
38601
38618
38622
38633
38645
38670
38694
38712
38721
38735
38754
38766
38767
38780
38791
38797
38798
38799
38800
38813
38818
38826
38864
38931
38947
38978
39003
39039
39115
39124
39148
39161
39171
39192
39203
39204
39206
39225
39271
39302
39313
39317
39318
39326
39340
39356
39358
39387
39421
39432
39434
39450
39477
39533
39542
39543
39544
39555
39558
39561
39562
39564
39577
39601
39625
39628
39632
39635
39648
39652
39684
39703
39720
39734
39746
39787
39788
39791
39846
39883
39892
39932
39970
39973
39975
39986
39996
40034
40046
40064
40110
40119
40122
40165
40168
40205
40209
40234
40242
40244
40264
40275
40330
40345
40352
40354
40391
40400
40401
40421
40450
40484
40524
40531
40559
40567
40569
40620
40621
40664
40668
40690
40693
40714
40729
40743
40750
40768
40773
40786
40871
40893
40900
40903
40913
40922
40928
40944
40955
40976
41014
41016
41029
41037
41056
41078
41121
41165
41174
41177
41210
41231
41240
41246
41277
41298
41325
41337
41360
41388
41398
41445
41463
41505
41519
41532
41537
41539
41595
41596
41605
41640
41680
41699
41751
41782
41791
41817
41830
41838
41847
41940
41963
41971
41992
42008
42013
42021
42029
42048
42064
42092
42102
42109
42113
42165
42168
42176
42177
42192
42214
42296
42311
42337
42357
42399
42421
42434
42464
42540
42544
42593
42597
42649
42656
42673
42680
42701
42710
42735
42772
42781
42799
42803
42831
42837
42843
42901
43028
43046
43081
43102
43105
43107
43145
43150
43157
43175
43178
43220
43225
43234
43235
43241
43275
43302
43324
43339
43343
43352
43395
43418
43421
43455
43482
43510
43545
43554
43695
43698
43739
43744
43747
43749
43759
43795
43810
43829
43852
43891
43918
43921
43929
43934
43938
43955
43956
43986
44008
44033
44034
44038
44040
44041
44054
44063
44066
44071
44101
44110
44151
44160
44165
44190
44204
44209
44214
44288
44351
44355
44390
44399
44433
44436
44460
44500
44506
44508
44522
44524
44539
44541
44572
44586
44599
44602
44633
44638
44642
44657
44680
44681
44683
44720
44738
44748
44766
44786
44791
44793
44795
44797
44812
44824
44850
44853
44862
44864
44890
44905
44912
44981
45002
45036
45037
45042
45047
45053
45054
45078
45082
45087
45090
45115
45147
45168
45189
45201
45203
45211
45258
45282
45291
45301
45322
45327
45353
45363
45380
45389
45396
45398
45400
45426
45468
45495
45512
45534
45537
45545
45553
45595
45630
45643
45653
45667
45674
45676
45700
45721
45730
45761
45793
45809
45812
45829
45871
45932
45949
45980
45990
46014
46043
46071
46093
46122
46135
46153
46174
46235
46249
46254
46265
46278
46283
46316
46334
46402
46416
46454
46461
46470
46488
46498
46499
46505
46520
46535
46541
46547
46551
46560
46602
46618
46622
46631
46652
46669
46686
46703
46710
46719
46771
46843
46850
46852
46859
46860
46885
46892
46903
46912
46913
46924
46953
46957
46967
46968
46976
46987
47006
47008
47022
47043
47067
47074
47083
47117
47129
47152
47156
47203
47211
47216
47224
47264
47275
47309
47313
47325
47332
47337
47342
47354
47366
47404
47425
47433
47573
47584
47585
47623
47643
47661
47710
47716
47734
47762
47778
47789
47797
47817
47827
47868
47869
47873
47889
47921
47942
47943
47950
47964
47973
48048
48054
48071
48128
48157
48159
48174
48176
48205
48210
48265
48297
48302
48305
48332
48339
48361
48385
48408
48417
48427
48468
48482
48485
48487
48490
48493
48570
48610
48639
48644
48660
48663
48696
48720
48723
48732
48769
48792
48812
48840
48879
48884
48899
48900
48911
48929
48938
48948
48962
48978
49025
49032
49041
49057
49098
49101
49112
49113
49138
49193
49208
49216
49234
49239
49246
49258
49263
49288
49305
49319
49334
49338
49364
49396
49407
49423
49439
49441
49471
49508
49546
49585
49615
49626
49627
49689
49693
49737
49747
49763
49779
49799
49802
49837
49845
49909
49932
49958
49964
49993
50000
50015
50016
50035
50046
50051
50056
50069
50091
50101
50116
50121
50161
50167
50205
50273
50280
50282
50288
50297
50347
50368
50395
50411
50446
50447
50453
50480
50533
50580
50589
50596
50612
50618
50620
50622
50661
50695
50697
50721
50732
50736
50738
50817
50828
50853
50862
50869
50898
50902
50906
50937
50974
50988
51001
51022
51031
51044
51048
51072
51089
51125
51140
51172
51250
51259
51263
51280
51292
51309
51310
51344
51347
51369
51413
51419
51420
51421
51429
51468
51481
51515
51519
51528
51576
51583
51584
51618
51620
51640
51646
51653
51655
51662
51672
51697
51716
51756
51782
51785
51786
51799
51801
51871
51905
51909
51915
51921
51927
51936
51971
51998
51999
52027
52051
52067
52099
52115
52123
52132
52139
52171
52173
52177
52201
52210
52234
52280
52281
52289
52291
52296
52325
52342
52349
52414
52431
52447
52449
52461
52483
52488
52508
52513
52525
52526
52582
52609
52618
52626
52627
52652
52654
52661
52673
52691
52710
52797
52802
52813
52818
52824
52874
52881
52902
52920
52925
52951
52984
53079
53094
53100
53121
53130
53138
53155
53163
53165
53205
53214
53243
53268
53272
53282
53323
53325
53356
53384
53429
53465
53470
53500
53538
53556
53572
53581
53602
53605
53622
53652
53656
53705
53727
53737
53808
53813
53827
53828
53829
53856
53906
53960
53980
54006
54014
54025
54030
54045
54062
54119
54133
54145
54152
54169
54173
54198
54219
54222
54237
54248
54262
54316
54334
54348
54350
54369
54434
54440
54522
54525
54527
54583
54596
54631
54650
54653
54655
54736
54737
54773
54779
54815
54819
54824
54839
54840
54879
54895
55090
55109
55160
55201
55209
55254
55261
55279
55286
55304
55350
55377
55381
55389
55396
55406
55407
55417
55426
55457
55471
55532
55567
55571
55586
55601
55620
55634
55641
55652
55667
55668
55716
55734
55735
55748
55766
55781
55798
55807
55812
55853
55883
55884
55912
55934
55967
55976
55984
55989
55990
56013
56018
56033
56053
56060
56065
56090
56091
56092
56095
56114
56119
56125
56149
56154
56180
56188
56195
56216
56224
56240
56255
56262
56309
56315
56316
56341
56354
56388
56442
56460
56485
56509
56529
56553
56604
56605
56616
56668
56679
56682
56683
56715
56725
56760
56767
56768
56772
56781
56783
56789
56812
56818
56834
56850
56855
56856
56858
56893
56895
56911
56950
56965
56989
57048
57054
57061
57076
57078
57110
57112
57148
57154
57182
57207
57300
57338
57420
57433
57438
57439
57446
57450
57468
57474
57558
57567
57579
57581
57588
57655
57666
57672
57702
57720
57723
57739
57752
57811
57826
57833
57875
57884
57888
57925
57947
57962
57963
57970
57977
57989
57990
58026
58076
58096
58113
58118
58121
58131
58167
58210
58229
58236
58244
58245
58246
58251
58277
58284
58311
58342
58375
58433
58454
58479
58487
58499
58506
58509
58529
58535
58562
58570
58586
58625
58640
58651
58657
58672
58677
58710
58751
58755
58756
58801
58807
58813
58830
58873
58883
58888
58889
58893
58955
58960
59001
59003
59034
59063
59066
59093
59100
59111
59119
59172
59211
59232
59251
59256
59279
59287
59296
59346
59394
59408
59415
59422
59437
59458
59469
59477
59501
59507
59514
59524
59530
59541
59553
59570
59600
59615
59626
59657
59714
59718
59737
59761
59764
59774
59818
59823
59835
59851
59892
59946
59960
60034
60036
60053
60081
60139
60152
60178
60184
60219
60221
60227
60245
60257
60265
60276
60279
60319
60330
60333
60367
60387
60389
60405
60454
60471
60487
60506
60540
60548
60552
60556
60581
60629
60639
60642
60648
60658
60663
60708
60730
60735
60745
60753
60757
60769
60782
60789
60790
60837
60875
60886
60897
60910
60914
60927
60929
60946
60956
60960
60981
60988
61007
61013
61033
61046
61054
61074
61080
61081
61086
61135
61176
61177
61197
61220
61262
61307
61320
61344
61378
61409
61436
61461
61463
61471
61483
61484
61499
61510
61534
61536
61548
61571
61582
61586
61589
61643
61644
61663
61699
61708
61711
61713
61717
61732
61735
61758
61761
61796
61857
61900
61909
61910
61971
61999
62007
62018
62019
62024
62042
62046
62068
62091
62107
62121
62125
62176
62180
62216
62231
62252
62267
62315
62324
62360
62367
62499
62510
62514
62518
62529
62564
62589
62636
62649
62664
62667
62674
62676
62677
62702
62718
62722
62730
62767
62787
62789
62805
62822
62850
62857
62862
62910
62934
62988
63003
63041
63045
63094
63096
63137
63140
63142
63146
63151
63157
63167
63198
63231
63276
63293
63313
63316
63327
63328
63336
63408
63411
63421
63428
63461
63482
63497
63531
63550
63578
63590
63604
63608
63639
63651
63655
63672
63688
63692
63697
63731
63736
63743
63746
63756
63769
63783
63795
63798
63820
63836
63838
63845
63856
63860
63877
63878
63887
63902
63920
63948
63955
63969
63984
63996
64023
64025
64027
64036
64052
64058
64071
64199
64207
64233
64266
64299
64303
64307
64315
64318
64380
64390
64400
64413
64425
64442
64486
64493
64505
64506
64513
64528
64575
64608
64623
64626
64666
64701
64726
64769
64783
64805
64827
64828
64830
64850
64889
64899
64918
64930
64947
64949
64965
64969
65004
65011
65017
65033
65063
65074
65113
65178
65302
65307
65327
65329
65336
65344
65380
65388
65392
65398
65426
65460
65470
65472
65501
65505
65511
65518
65520
65525
65578
65589
65600
65615
65617
65625
65644
65679
65708
65715
65735
65742
65758
65777
65786
65800
65802
65806
65831
65868
65891
65893
65916
65967
65973
65990
65992
66000
66122
66132
66142
66186
66257
66258
66284
66385
66438
66448
66461
66464
66465
66469
66477
66484
66517
66518
66541
66545
66564
66589
66591
66614
66650
66662
66678
66701
66706
66707
66713
66738
66756
66779
66808
66818
66866
66878
66881
66902
66950
67012
67022
67027
67030
67070
67072
67101
67108
67112
67133
67136
67138
67146
67166
67187
67189
67191
67210
67278
67298
67317
67318
67333
67342
67388
67419
67427
67443
67454
67474
67476
67499
67513
67516
67548
67560
67599
67600
67602
67632
67667
67680
67728
67732
67750
67776
67801
67804
67818
67829
67859
67864
67889
67907
67967
68003
68009
68043
68049
68071
68091
68095
68099
68110
68168
68182
68187
68207
68244
68252
68261
68291
68316
68337
68369
68381
68387
68396
68402
68431
68443
68488
68502
68580
68582
68584
68608
68650
68672
68710
68713
68727
68731
68796
68802
68827
68860
68867
68880
68905
68909
68914
68932
68948
68953
68962
68974
68975
69077
69094
69123
69128
69144
69175
69177
69219
69224
69225
69292
69326
69372
69389
69452
69455
69466
69502
69503
69504
69514
69519
69524
69528
69529
69551
69571
69580
69586
69599
69632
69677
69702
69718
69724
69772
69782
69790
69803
69831
69920
69944
69958
69959
69962
69978
69982
69998
70013
70044
70050
70054
70058
70072
70089
70128
70134
70215
70244
70247
70253
70258
70289
70335
70360
70376
70401
70433
70474
70530
70536
70580
70581
70596
70637
70638
70650
70679
70702
70721
70756
70770
70781
70820
70830
70853
70862
70870
70874
70888
70904
70917
70928
70942
70977
70988
71000
71067
71093
71097
71192
71255
71275
71280
71290
71355
71374
71401
71413
71422
71450
71463
71467
71487
71496
71515
71523
71582
71592
71603
71604
71639
71643
71649
71665
71676
71696
71705
71747
71751
71815
71837
71851
71900
71903
71966
71992
72042
72098
72148
72196
72221
72227
72269
72274
72293
72308
72313
72370
72371
72400
72484
72487
72496
72498
72519
72563
72577
72578
72593
72595
72629
72636
72648
72673
72689
72691
72712
72717
72723
72727
72757
72849
72903
72907
72935
72944
72967
72977
72985
72988
73017
73054
73063
73108
73119
73125
73132
73151
73154
73168
73214
73220
73244
73266
73279
73332
73344
73389
73402
73435
73470
73473
73496
73511
73520
73533
73534
73538
73551
73594
73599
73600
73611
73623
73648
73705
73717
73724
73746
73776
73787
73788
73794
73805
73838
73842
73843
73847
73889
73906
73913
73921
73936
73939
73960
73961
74015
74036
74043
74044
74045
74050
74070
74093
74098
74114
74179
74251
74264
74265
74305
74321
74326
74353
74368
74378
74386
74403
74426
74435
74466
74471
74492
74508
74524
74541
74547
74556
74558
74623
74629
74643
74648
74678
74704
74710
74723
74734
74736
74758
74765
74767
74773
74791
74795
74823
74828
74837
74860
74862
74863
74886
74898
74943
74960
74999
75012
75058
75104
75129
75162
75192
75208
75211
75219
75233
75277
75341
75361
75375
75382
75433
75445
75447
75455
75477
75482
75490
75492
75543
75546
75583
75604
75622
75640
75655
75705
75708
75721
75732
75746
75773
75779
75785
75787
75815
75845
75896
75899
75926
75942
75957
75979
75993
76013
76028
76055
76063
76069
76083
76095
76096
76102
76104
76152
76198
76203
76209
76215
76226
76228
76253
76280
76310
76329
76335
76375
76407
76423
76429
76432
76454
76461
76473
76498
76499
76502
76509
76530
76576
76586
76598
76626
76636
76742
76747
76811
76812
76821
76827
76877
76890
76906
76908
76933
76943
76957
76958
76962
77009
77017
77034
77042
77061
77068
77070
77098
77179
77201
77227
77236
77274
77324
77339
77357
77369
77374
77417
77432
77436
77460
77466
77470
77485
77528
77546
77568
77593
77594
77630
77671
77672
77678
77691
77701
77708
77709
77727
77730
77740
77751
77764
77768
77789
77794
77796
77810
77827
77836
77850
77855
77858
77862
77887
77907
77960
77966
77994
77997
77999
78029
78055
78091
78093
78121
78158
78198
78251
78254
78267
78330
78367
78368
78372
78380
78388
78397
78425
78431
78454
78467
78477
78498
78537
78540
78541
78544
78550
78556
78560
78588
78600
78614
78618
78665
78716
78735
78750
78751
78757
78760
78763
78787
78788
78844
78864
78913
78917
78933
78961
78971
78979
79028
79039
79062
79067
79106
79115
79128
79133
79136
79187
79243
79264
79281
79302
79318
79324
79327
79330
79371
79377
79435
79439
79450
79486
79504
79558
79575
79585
79632
79646
79653
79710
79734
79772
79777
79806
79829
79841
79895
79908
79927
79962
79966
79982
79988
80049
80069
80073
80084
80114
80125
80129
80139
80195
80231
80255
80259
80262
80266
80327
80331
80348
80370
80394
80443
80451
80457
80459
80462
80506
80513
80521
80535
80546
80555
80564
80567
80577
80595
80626
80657
80700
80724
80735
80754
80765
80770
80851
80902
80937
80951
80963
80964
80966
80979
81064
81071
81135
81156
81165
81186
81192
81215
81240
81281
81288
81299
81317
81328
81356
81372
81409
81414
81422
81481
81489
81537
81561
81575
81596
81601
81634
81636
81645
81694
81718
81722
81746
81779
81806
81838
81844
81857
81876
81880
82016
82029
82034
82043
82056
82101
82120
82123
82142
82172
82188
82218
82223
82225
82238
82241
82254
82267
82293
82297
82303
82320
82328
82357
82396
82424
82435
82446
82472
82495
82507
82529
82532
82573
82588
82602
82604
82606
82612
82613
82636
82645
82653
82663
82677
82678
82686
82716
82726
82809
82826
82862
82878
82895
82905
82918
82919
82922
82937
82952
82993
82995
83027
83035
83043
83048
83066
83073
83109
83138
83154
83166
83193
83210
83223
83230
83249
83257
83258
83268
83274
83284
83286
83300
83302
83351
83358
83387
83398
83407
83409
83415
83428
83479
83484
83497
83503
83512
83513
83528
83532
83537
83541
83638
83666
83720
83727
83760
83788
83789
83822
83826
83831
83847
83854
83863
83874
83886
83888
83889
83893
83913
83949
83955
83974
83979
83996
84040
84045
84059
84066
84077
84085
84109
84132
84146
84161
84170
84171
84194
84233
84247
84276
84285
84287
84304
84349
84353
84356
84389
84411
84489
84517
84518
84574
84586
84590
84623
84640
84644
84677
84696
84745
84800
84840
84860
84895
84915
84927
84939
84976
85025
85041
85042
85106
85116
85123
85137
85138
85142
85179
85224
85255
85270
85276
85277
85283
85306
85320
85323
85330
85334
85369
85407
85459
85462
85473
85485
85545
85548
85569
85572
85594
85602
85605
85608
85613
85615
85626
85649
85673
85693
85718
85725
85770
85775
85820
85848
85850
85863
85872
85879
85893
85902
85904
85918
85920
85974
85982
85988
86015
86082
86083
86089
86115
86125
86128
86152
86157
86165
86195
86198
86208
86269
86292
86313
86315
86345
86346
86355
86380
86390
86393
86394
86403
86422
86433
86444
86458
86476
86528
86529
86543
86592
86606
86615
86629
86655
86684
86705
86712
86727
86729
86752
86792
86799
86804
86809
86824
86836
86846
86872
86910
86912
86913
86926
86931
86939
86940
86951
86965
86987
86994
87000
87037
87068
87093
87099
87136
87144
87171
87175
87194
87196
87202
87203
87257
87269
87288
87342
87378
87380
87429
87439
87445
87458
87466
87467
87470
87487
87520
87572
87588
87607
87624
87629
87636
87659
87671
87698
87699
87700
87732
87741
87763
87784
87789
87792
87794
87861
87863
87874
87900
87914
87969
87971
87990
87994
88005
88011
88023
88031
88037
88078
88086
88088
88109
88115
88122
88127
88131
88138
88176
88184
88189
88200
88219
88235
88249
88259
88262
88292
88352
88357
88437
88447
88453
88462
88474
88476
88497
88499
88502
88506
88529
88535
88555
88558
88568
88571
88572
88630
88667
88694
88698
88702
88706
88725
88739
88749
88799
88800
88820
88831
88843
88887
88913
88948
88955
88991
88995
88998
89043
89070
89081
89085
89088
89102
89143
89192
89212
89256
89268
89297
89342
89380
89388
89476
89495
89539
89564
89580
89592
89653
89668
89710
89722
89729
89749
89802
89826
89848
89851
89877
89901
89923
89940
89965
89974
89975
90005
90021
90037
90075
90084
90103
90124
90131
90139
90178
90185
90187
90202
90250
90269
90275
90284
90312
90324
90354
90372
90373
90376
90377
90381
90408
90427
90432
90442
90456
90476
90517
90541
90542
90556
90640
90651
90659
90675
90718
90750
90757
90770
90772
90779
90856
90857
90953
90960
90973
90981
90994
91006
91024
91026
91037
91083
91094
91100
91110
91122
91133
91137
91140
91148
91172
91217
91227
91228
91251
91252
91254
91256
91303
91307
91320
91324
91326
91366
91389
91395
91421
91430
91463
91488
91497
91525
91545
91551
91619
91637
91660
91677
91683
91695
91731
91775
91828
91848
91850
91897
91901
91909
91950
91988
92017
92031
92048
92056
92083
92085
92115
92130
92194
92197
92222
92225
92241
92264
92268
92292
92307
92310
92315
92337
92341
92352
92358
92398
92404
92440
92444
92459
92461
92476
92508
92578
92595
92597
92619
92633
92650
92672
92749
92781
92788
92793
92808
92820
92822
92824
92843
92849
92856
92865
92884
92893
92896
92911
92920
92932
92937
92938
92942
92943
92953
92980
92983
92986
92991
93034
93046
93060
93072
93129
93135
93177
93185
93218
93221
93223
93260
93312
93326
93394
93409
93420
93435
93470
93477
93543
93546
93573
93579
93586
93595
93597
93611
93626
93633
93641
93652
93660
93688
93742
93771
93774
93798
93806
93824
93833
93871
93903
93946
93960
94001
94015
94050
94061
94064
94067
94077
94085
94145
94166
94172
94188
94223
94232
94255
94278
94314
94315
94329
94351
94355
94378
94396
94416
94433
94443
94462
94474
94507
94509
94580
94591
94595
94603
94615
94675
94698
94706
94722
94732
94737
94743
94752
94756
94765
94786
94802
94832
94842
94868
94872
94876
94879
94904
94934
94949
94967
94978
94995
95004
95008
95015
95082
95115
95120
95150
95186
95189
95230
95234
95276
95284
95285
95295
95300
95306
95394
95400
95402
95411
95418
95428
95456
95474
95476
95492
95501
95513
95521
95532
95571
95630
95667
95675
95718
95739
95754
95761
95762
95778
95780
95804
95813
95826
95832
95840
95868
95899
95905
95912
95941
95960
95962
95968
95977
95987
96028
96042
96049
96055
96074
96139
96143
96185
96187
96203
96209
96230
96238
96241
96277
96301
96371
96434
96484
96501
96518
96537
96545
96549
96553
96562
96563
96571
96573
96592
96601
96607
96641
96682
96712
96752
96756
96762
96769
96804
96856
96876
96885
96919
97023
97055
97068
97077
97091
97101
97146
97152
97164
97165
97166
97175
97182
97190
97195
97196
97210
97226
97252
97265
97367
97376
97393
97400
97402
97412
97418
97421
97430
97460
97472
97477
97491
97496
97508
97510
97515
97520
97521
97543
97554
97558
97568
97589
97599
97606
97682
97691
97702
97724
97727
97729
97742
97764
97797
97817
97818
97853
97880
97952
97982
97998
98005
98007
98015
98029
98037
98072
98074
98194
98212
98215
98220
98272
98276
98279
98285
98337
98345
98351
98389
98415
98421
98428
98521
98523
98578
98608
98621
98652
98667
98668
98669
98671
98720
98736
98739
98753
98754
98756
98764
98817
98819
98835
98851
98853
98889
98896
98918
98957
98974
98997
99033
99072
99085
99092
99108
99116
99122
99155
99166
99174
99230
99240
99254
99255
99366
99393
99413
99415
99420
99425
99471
99521
99528
99540
99541
99548
99575
99581
99591
99646
99674
99681
99687
99694
99799
99840
99856
99859
99870
99907
99968
99973
99981
--------
1
5
6
12
19
51
52
56
58
69
70
71
73
103
114
125
142
152
159
174
207
208
217
226
234
248
254
256
259
278
295
299
304
311
316
317
320
329
339
395
396
402
404
405
407
463
466
487
491
494
500
514
521
525
542
545
547
548
554
566
570
583
585
597
604
607
615
619
632
647
655
671
678
714
724
742
764
770
773
775
785
789
790
792
796
814
815
832
834
838
846
855
859
878
896
907
912
920
929
941
970
971
974
981
991
1006
1016
1045
1048
1069
1075
1084
1089
1090
1096
1100
1109
1111
1114
1115
1119
1121
1144
1148
1159
1160
1174
1185
1186
1206
1220
1225
1229
1236
1242
1249
1250
1274
1290
1303
1322
1340
1342
1343
1352
1354
1359
1365
1402
1406
1409
1414
1429
1432
1442
1445
1446
1460
1461
1477
1484
1501
1503
1507
1517
1524
1538
1539
1546
1555
1577
1605
1608
1628
1636
1638
1642
1646
1660
1670
1690
1696
1710
1724
1767
1771
1775
1781
1784
1796
1799
1803
1811
1815
1828
1837
1848
1866
1870
1874
1885
1892
1914
1950
1968
1973
1984
2003
2007
2025
2053
2058
2060
2063
2087
2088
2102
2111
2133
2135
2137
2157
2159
2162
2163
2175
2176
2178
2180
2181
2184
2218
2220
2225
2233
2263
2270
2275
2284
2287
2288
2293
2296
2300
2303
2312
2314
2316
2325
2332
2334
2335
2344
2346
2357
2371
2394
2405
2408
2425
2430
2434
2436
2476
2477
2480
2481
2483
2491
2492
2495
2501
2518
2524
2527
2543
2554
2565
2567
2570
2575
2589
2591
2610
2627
2630
2638
2651
2654
2660
2682
2685
2687
2695
2719
2721
2724
2729
2732
2758
2761
2763
2766
2774
2775
2776
2801
2805
2808
2814
2832
2888
2889
2903
2904
2907
2919
2920
2924
2933
2950
2951
2953
2955
2958
2965
2967
2972
2974
2976
2986
2995
2998
3040
3041
3051
3054
3057
3060
3061
3070
3071
3072
3077
3090
3094
3104
3105
3110
3112
3129
3135
3148
3152
3153
3156
3157
3160
3168
3174
3176
3195
3206
3210
3211
3214
3226
3232
3233
3235
3241
3245
3251
3256
3273
3296
3329
3333
3338
3355
3362
3367
3369
3371
3374
3391
3394
3397
3410
3411
3422
3425
3426
3466
3469
3471
3476
3485
3493
3496
3510
3514
3526
3528
3545
3557
3558
3567
3590
3606
3608
3615
3620
3633
3635
3648
3671
3679
3681
3685
3697
3708
3719
3741
3745
3750
3776
3779
3796
3832
3838
3879
3882
3893
3918
3949
3955
3963
3965
3969
3972
3983
3984
3986
3987
3991
3993
4021
4051
4056
4059
4061
4078
4085
4089
4090
4097
4101
4115
4117
4119
4122
4133
4137
4138
4141
4144
4146
4147
4148
4150
4154
4161
4165
4170
4186
4189
4207
4235
4252
4254
4262
4263
4275
4286
4296
4306
4308
4309
4311
4323
4328
4340
4345
4360
4367
4370
4389
4392
4398
4412
4427
4436
4442
4443
4454
4456
4457
4462
4486
4487
4489
4493
4496
4511
4518
4519
4524
4530
4532
4540
4550
4570
4572
4583
4588
4595
4613
4617
4620
4631
4642
4647
4654
4659
4663
4670
4678
4703
4722
4724
4730
4731
4734
4741
4747
4749
4757
4770
4772
4773
4789
4791
4795
4801
4810
4830
4838
4839
4852
4856
4876
4882
4907
4911
4912
4917
4922
4924
4936
4942
4949
4953
4964
4978
4983
4993
4999
5007
5008
5011
5028
5034
5037
5047
5048
5059
5060
5066
5068
5079
5082
5086
5091
5101
5104
5106
5110
5112
5113
5126
5128
5152
5184
5190
5262
5269
5276
5284
5297
5298
5307
5328
5329
5333
5335
5339
5342
5354
5356
5358
5360
5408
5409
5432
5438
5441
5446
5453
5467
5479
5482
5505
5522
5523
5535
5547
5576
5586
5592
5598
5619
5633
5638
5661
5662
5667
5679
5682
5684
5689
5706
5707
5709
5732
5750
5760
5770
5777
5779
5795
5806
5821
5828
5831
5837
5838
5849
5855
5871
5882
5888
5902
5903
5905
5917
5920
5921
5922
5924
5927
5955
5958
5967
5968
5980
5991
5995
6004
6025
6026
6032
6038
6041
6055
6056
6057
6060
6065
6067
6068
6074
6085
6093
6106
6118
6127
6134
6136
6140
6148
6154
6165
6173
6184
6189
6194
6199
6209
6220
6247
6259
6264
6272
6278
6307
6322
6330
6331
6333
6337
6344
6356
6370
6378
6384
6385
6387
6396
6406
6410
6431
6440
6458
6472
6478
6480
6485
6503
6507
6511
6524
6525
6528
6530
6551
6562
6569
6572
6578
6590
6612
6623
6627
6634
6643
6654
6671
6679
6688
6703
6708
6713
6723
6725
6727
6728
6735
6738
6750
6767
6771
6774
6775
6782
6783
6788
6794
6795
6799
6804
6806
6808
6811
6812
6820
6828
6856
6866
6872
6877
6879
6894
6895
6903
6917
6918
6925
6941
6943
6956
6962
6969
6973
6974
6988
6997
6999
7004
7017
7028
7041
7049
7051
7062
7080
7082
7083
7084
7088
7090
7092
7099
7101
7111
7114
7145
7152
7166
7176
7180
7183
7203
7244
7246
7258
7264
7274
7276
7281
7288
7290
7293
7294
7299
7335
7346
7348
7359
7360
7380
7394
7398
7403
7404
7418
7421
7432
7436
7438
7449
7458
7461
7465
7476
7480
7495
7502
7503
7516
7535
7540
7546
7550
7558
7560
7572
7577
7589
7597
7598
7601
7616
7618
7623
7640
7643
7649
7665
7668
7679
7691
7703
7704
7705
7706
7712
7715
7718
7726
7729
7731
7736
7738
7745
7753
7756
7771
7778
7781
7784
7794
7799
7803
7816
7817
7822
7833
7837
7840
7848
7852
7886
7900
7927
7928
7933
7937
7942
7945
7947
7985
7987
8002
8008
8033
8037
8038
8052
8082
8091
8097
8109
8127
8143
8145
8150
8154
8169
8173
8179
8199
8239
8246
8251
8264
8277
8306
8312
8315
8322
8328
8333
8363
8374
8377
8410
8418
8425
8439
8442
8445
8450
8462
8464
8473
8499
8500
8505
8516
8517
8521
8523
8532
8533
8536
8556
8561
8564
8587
8589
8595
8610
8626
8652
8669
8672
8674
8685
8689
8695
8700
8703
8707
8712
8721
8737
8740
8742
8748
8769
8776
8777
8786
8793
8795
8800
8811
8838
8839
8853
8855
8882
8889
8891
8909
8920
8931
8932
8935
8936
8944
8961
8965
8988
8997
9012
9019
9020
9051
9059
9067
9070
9074
9079
9086
9100
9104
9138
9156
9162
9177
9185
9186
9198
9208
9210
9211
9233
9236
9242
9248
9250
9253
9257
9264
9273
9292
9306
9311
9344
9354
9377
9381
9392
9397
9398
9399
9406
9429
9433
9451
9457
9460
9481
9484
9487
9490
9493
9503
9520
9536
9537
9542
9543
9548
9556
9565
9572
9579
9607
9618
9620
9622
9625
9632
9641
9642
9644
9685
9703
9717
9735
9739
9740
9748
9753
9774
9786
9790
9793
9799
9800
9819
9820
9837
9859
9870
9871
9878
9883
9885
9915
9916
9918
9923
9924
9927
9947
9995
10001
10006
10022
10044
10045
10053
10057
10062
10105
10125
10132
10136
10142
10146
10148
10154
10175
10178
10188
10198
10215
10222
10223
10229
10234
10238
10246
10262
10269
10270
10277
10285
10298
10313
10332
10338
10340
10343
10350
10354
10385
10418
10425
10439
10443
10460
10479
10482
10503
10504
10517
10523
10532
10542
10558
10570
10593
10612
10614
10620
10621
10629
10631
10634
10641
10658
10673
10676
10692
10702
10703
10723
10758
10759
10760
10769
10781
10788
10795
10815
10817
10828
10832
10834
10839
10848
10851
10853
10854
10860
10873
10877
10899
10900
10904
10906
10914
10927
10932
10943
10959
10963
10972
10984
10988
10989
10997
11001
11008
11011
11012
11028
11031
11044
11046
11054
11065
11088
11089
11099
11126
11132
11143
11148
11151
11155
11161
11163
11164
11167
11171
11175
11181
11184
11198
11217
11218
11237
11260
11275
11281
11297
11301
11317
11322
11327
11333
11342
11343
11348
11350
11352
11358
11360
11385
11386
11406
11408
11410
11412
11419
11445
11465
11468
11471
11477
11479
11518
11524
11532
11536
11542
11549
11555
11574
11597
11598
11600
11601
11603
11607
11612
11617
11629
11645
11647
11664
11672
11689
11701
11710
11734
11744
11767
11785
11792
11800
11804
11812
11819
11824
11828
11836
11837
11843
11844
11854
11862
11864
11870
11898
11899
11911
11915
11921
11930
11940
11946
11955
11962
11966
11982
11989
12002
12005
12022
12036
12047
12048
12053
12054
12058
12061
12062
12078
12080
12094
12096
12105
12113
12124
12131
12132
12135
12142
12145
12151
12154
12171
12201
12217
12219
12227
12241
12260
12261
12262
12267
12274
12278
12280
12287
12304
12307
12325
12333
12334
12336
12341
12342
12343
12344
12371
12407
12442
12462
12464
12471
12490
12491
12495
12498
12504
12517
12522
12550
12552
12596
12605
12612
12626
12639
12641
12664
12678
12691
12692
12699
12701
12710
12716
12724
12725
12742
12746
12751
12755
12758
12763
12775
12776
12778
12785
12798
12804
12812
12819
12821
12823
12829
12838
12840
12841
12843
12851
12890
12900
12912
12915
12920
12924
12931
12937
12943
12950
12980
12982
12986
12996
13011
13012
13042
13047
13059
13064
13067
13072
13078
13112
13115
13120
13124
13131
13163
13166
13168
13170
13178
13181
13192
13193
13197
13199
13206
13207
13217
13219
13230
13231
13245
13290
13327
13328
13348
13374
13376
13394
13404
13412
13419
13441
13453
13454
13467
13469
13472
13486
13493
13520
13528
13537
13540
13572
13590
13599
13602
13627
13629
13633
13637
13638
13643
13674
13682
13697
13704
13750
13768
13769
13770
13796
13804
13815
13818
13840
13850
13858
13902
13920
13928
13929
13931
13935
13942
13953
13956
13957
13975
13977
13980
13992
13995
13996
14013
14028
14031
14038
14042
14054
14061
14087
14089
14098
14107
14116
14123
14126
14128
14141
14145
14151
14158
14159
14170
14172
14174
14193
14195
14201
14203
14214
14215
14223
14266
14277
14286
14289
14291
14325
14332
14335
14345
14349
14380
14383
14385
14415
14440
14448
14456
14484
14504
14519
14539
14542
14543
14548
14549
14550
14551
14552
14553
14558
14562
14575
14588
14593
14606
14616
14618
14619
14638
14648
14656
14659
14667
14691
14693
14700
14722
14735
14739
14740
14743
14755
14758
14766
14771
14776
14780
14781
14787
14807
14814
14818
14822
14827
14840
14842
14870
14872
14875
14898
14904
14909
14914
14918
14919
14921
14923
14947
14960
14963
14968
14983
14997
15009
15011
15013
15015
15018
15030
15032
15043
15047
15050
15051
15075
15082
15092
15099
15116
15119
15150
15152
15156
15171
15173
15178
15182
15187
15203
15216
15239
15244
15247
15258
15259
15275
15287
15316
15323
15324
15333
15338
15339
15354
15366
15375
15384
15389
15401
15402
15409
15425
15453
15461
15468
15485
15493
15530
15547
15549
15564
15567
15574
15576
15585
15593
15615
15629
15632
15657
15659
15667
15677
15678
15683
15687
15693
15704
15705
15708
15744
15760
15763
15765
15770
15773
15774
15777
15790
15805
15806
15807
15808
15811
15813
15822
15836
15840
15846
15847
15866
15869
15870
15901
15916
15919
15920
15928
15937
15938
15951
15952
15971
15982
15992
16004
16008
16018
16021
16034
16036
16039
16046
16048
16050
16052
16056
16071
16077
16081
16083
16108
16111
16127
16132
16145
16150
16163
16170
16176
16191
16197
16200
16221
16230
16245
16249
16250
16255
16256
16270
16281
16288
16303
16306
16316
16320
16331
16339
16340
16350
16367
16370
16376
16384
16392
16395
16397
16413
16418
16419
16423
16435
16450
16464
16475
16481
16488
16502
16512
16518
16520
16537
16542
16545
16559
16565
16570
16581
16591
16594
16595
16631
16632
16636
16645
16650
16655
16669
16677
16680
16693
16694
16713
16720
16738
16748
16757
16758
16774
16794
16796
16804
16809
16814
16816
16831
16840
16850
16851
16884
16885
16887
16889
16894
16913
16928
16937
16946
16952
16959
16961
16975
17021
17023
17026
17030
17042
17047
17049
17054
17067
17069
17083
17092
17093
17105
17111
17126
17129
17134
17139
17150
17158
17159
17161
17162
17174
17184
17187
17194
17195
17207
17219
17228
17235
17246
17255
17271
17276
17277
17282
17295
17296
17312
17319
17325
17326
17327
17328
17361
17382
17398
17399
17413
17427
17432
17453
17463
17479
17482
17483
17491
17504
17509
17512
17522
17524
17529
17531
17547
17551
17556
17570
17571
17579
17584
17592
17618
17619
17622
17634
17637
17640
17648
17668
17676
17689
17694
17698
17706
17708
17713
17715
17723
17724
17726
17736
17769
17772
17785
17795
17801
17813
17828
17833
17836
17843
17844
17870
17885
17917
17927
17929
17932
17948
17951
17953
17981
17987
17999
18011
18030
18037
18056
18059
18061
18073
18086
18089
18096
18099
18147
18152
18171
18172
18206
18212
18213
18214
18215
18216
18219
18220
18230
18232
18236
18249
18251
18254
18255
18263
18271
18282
18285
18296
18297
18308
18313
18314
18318
18320
18332
18345
18360
18387
18416
18419
18432
18440
18443
18451
18452
18453
18465
18471
18477
18480
18488
18500
18501
18503
18508
18509
18522
18539
18549
18561
18570
18574
18577
18584
18588
18596
18603
18608
18612
18622
18646
18670
18673
18676
18685
18707
18713
18714
18721
18722
18744
18746
18748
18761
18781
18792
18796
18805
18810
18828
18832
18835
18842
18861
18872
18883
18888
18923
18928
18929
18931
18933
18934
18942
18955
18972
18973
18985
18989
18996
19002
19006
19007
19014
19016
19017
19024
19028
19034
19054
19058
19071
19079
19085
19086
19102
19111
19130
19155
19167
19170
19182
19186
19188
19208
19212
19234
19238
19252
19258
19277
19306
19308
19313
19314
19335
19338
19351
19352
19358
19379
19399
19401
19409
19418
19419
19424
19425
19434
19439
19451
19460
19478
19483
19485
19487
19498
19502
19513
19525
19527
19550
19551
19552
19581
19582
19590
19601
19604
19613
19615
19622
19635
19638
19642
19643
19659
19675
19684
19689
19694
19706
19708
19718
19750
19753
19776
19779
19783
19797
19798
19800
19808
19811
19838
19839
19847
19854
19868
19870
19871
19873
19875
19888
19900
19903
19920
19929
19931
19934
19938
19939
19946
19951
19952
19965
19975
20002
20003
20007
20011
20015
20018
20027
20032
20037
20040
20041
20063
20066
20071
20080
20082
20096
20104
20107
20132
20134
20161
20166
20169
20172
20173
20179
20183
20189
20193
20206
20211
20214
20217
20235
20237
20241
20256
20260
20261
20277
20284
20289
20293
20305
20309
20312
20322
20326
20330
20345
20346
20348
20349
20352
20355
20360
20387
20392
20395
20399
20414
20418
20428
20431
20440
20445
20448
20451
20479
20484
20487
20494
20528
20537
20541
20546
20561
20562
20563
20578
20585
20594
20620
20636
20643
20644
20648
20659
20670
20673
20675
20690
20704
20706
20732
20735
20736
20746
20754
20755
20756
20760
20766
20767
20781
20783
20786
20800
20805
20814
20815
20818
20867
20869
20871
20874
20883
20891
20923
20933
20943
20957
20962
20971
20974
20991
20996
21000
21011
21016
21020
21044
21046
21053
21060
21075
21081
21088
21091
21107
21111
21131
21132
21150
21172
21185
21206
21207
21210
21214
21221
21237
21244
21248
21253
21255
21260
21261
21264
21277
21283
21292
21294
21312
21334
21363
21375
21379
21389
21404
21408
21413
21415
21419
21425
21452
21470
21474
21480
21482
21485
21492
21497
21510
21513
21514
21519
21528
21532
21534
21535
21548
21552
21557
21564
21570
21577
21594
21602
21614
21648
21651
21672
21709
21712
21722
21727
21747
21773
21774
21784
21802
21811
21832
21896
21914
21936
21944
21946
21984
21988
21995
22001
22003
22024
22025
22042
22060
22063
22085
22091
22097
22121
22125
22134
22136
22137
22141
22143
22146
22150
22153
22184
22193
22203
22206
22215
22238
22239
22254
22275
22294
22296
22298
22300
22333
22338
22344
22348
22352
22356
22366
22389
22393
22394
22409
22432
22447
22448
22462
22473
22491
22492
22494
22496
22504
22509
22517
22519
22535
22551
22567
22577
22594
22604
22607
22608
22615
22617
22622
22627
22630
22647
22651
22665
22666
22667
22668
22687
22689
22710
22711
22724
22728
22736
22752
22757
22765
22767
22774
22779
22784
22792
22799
22808
22814
22835
22852
22854
22862
22869
22910
22915
22926
22928
22933
22936
22947
22951
22965
22998
23018
23026
23041
23062
23070
23084
23091
23093
23107
23127
23136
23149
23152
23156
23171
23181
23196
23205
23206
23220
23226
23229
23248
23257
23260
23275
23283
23291
23293
23297
23298
23299
23300
23306
23323
23327
23331
23338
23371
23373
23380
23383
23386
23393
23402
23408
23412
23419
23420
23433
23451
23454
23471
23474
23479
23487
23492
23498
23504
23510
23524
23540
23543
23545
23549
23555
23561
23566
23571
23575
23577
23595
23606
23622
23641
23644
23657
23660
23668
23682
23688
23691
23701
23710
23731
23740
23752
23781
23788
23814
23838
23852
23856
23863
23869
23876
23879
23882
23887
23904
23908
23914
23917
23919
23922
23927
23942
23960
23970
23974
23978
23981
23986
24012
24015
24022
24030
24033
24043
24051
24058
24062
24063
24065
24068
24084
24088
24094
24100
24102
24118
24143
24149
24150
24155
24160
24165
24172
24174
24198
24201
24206
24208
24215
24217
24230
24240
24281
24284
24287
24289
24290
24303
24314
24328
24377
24389
24392
24405
24422
24425
24441
24492
24514
24545
24549
24551
24577
24583
24590
24591
24593
24599
24621
24634
24643
24650
24655
24671
24679
24680
24683
24689
24694
24706
24709
24718
24720
24725
24730
24732
24738
24742
24750
24759
24762
24784
24792
24811
24813
24833
24842
24864
24874
24882
24886
24892
24894
24896
24908
24914
24915
24926
24929
24933
24934
24937
24949
24953
24959
24961
24986
24991
24994
24999
25014
25025
25058
25067
25093
25099
25118
25144
25161
25167
25168
25170
25175
25177
25179
25180
25190
25191
25193
25201
25203
25216
25230
25234
25235
25246
25253
25269
25277
25291
25305
25330
25342
25351
25364
25374
25377
25387
25390
25394
25411
25417
25425
25430
25437
25438
25454
25462
25466
25471
25481
25497
25507
25525
25527
25532
25534
25536
25538
25541
25545
25550
25551
25559
25560
25565
25567
25573
25577
25578
25584
25586
25587
25606
25607
25610
25615
25616
25619
25623
25626
25659
25670
25674
25686
25688
25690
25701
25708
25715
25725
25750
25756
25806
25814
25837
25838
25839
25852
25857
25870
25889
25892
25895
25928
25947
25952
25953
25957
25959
25968
25982
25984
25993
26014
26017
26029
26032
26044
26045
26048
26058
26070
26079
26081
26092
26111
26119
26120
26122
26125
26132
26144
26147
26159
26169
26171
26188
26192
26206
26213
26216
26234
26255
26264
26281
26283
26286
26304
26306
26313
26315
26324
26331
26335
26342
26344
26354
26363
26367
26370
26374
26376
26377
26381
26385
26397
26406
26417
26425
26426
26431
26432
26435
26461
26467
26469
26471
26482
26493
26527
26529
26544
26559
26563
26573
26582
26588
26602
26615
26618
26629
26637
26638
26641
26652
26660
26672
26674
26676
26708
26716
26723
26727
26742
26745
26756
26785
26798
26804
26819
26828
26853
26864
26865
26873
26882
26898
26903
26907
26915
26917
26920
26924
26940
26949
26971
26978
26995
27074
27088
27093
27096
27097
27108
27116
27121
27123
27128
27129
27131
27140
27142
27148
27157
27164
27165
27170
27192
27200
27231
27238
27272
27273
27275
27281
27298
27335
27338
27342
27345
27348
27363
27393
27397
27412
27414
27420
27431
27432
27450
27451
27478
27486
27494
27506
27507
27514
27532
27541
27554
27556
27559
27568
27574
27619
27630
27637
27644
27671
27675
27709
27724
27744
27756
27767
27770
27779
27780
27781
27783
27789
27818
27822
27830
27834
27839
27846
27851
27854
27877
27878
27884
27885
27888
27895
27897
27898
27906
27923
27944
27961
27968
27973
27974
27986
28000
28007
28020
28021
28035
28040
28057
28066
28072
28091
28092
28102
28105
28148
28149
28151
28152
28178
28181
28184
28189
28191
28203
28204
28217
28222
28230
28247
28261
28269
28281
28285
28314
28317
28319
28325
28327
28328
28329
28344
28346
28355
28392
28401
28404
28411
28414
28442
28461
28470
28481
28494
28499
28522
28540
28556
28557
28571
28586
28600
28610
28611
28612
28615
28624
28631
28646
28649
28653
28655
28682
28689
28708
28716
28720
28733
28738
28743
28754
28763
28768
28771
28775
28778
28786
28807
28817
28819
28820
28831
28833
28836
28838
28859
28866
28878
28885
28887
28898
28902
28909
28916
28922
28923
28927
28932
28934
28936
28937
28940
28969
28975
28978
28987
28994
29019
29020
29027
29028
29029
29034
29035
29076
29079
29114
29142
29148
29149
29155
29168
29184
29196
29199
29222
29224
29227
29228
29229
29236
29241
29242
29264
29278
29293
29334
29342
29358
29378
29384
29390
29414
29415
29417
29422
29427
29443
29454
29457
29461
29464
29472
29485
29497
29499
29509
29520
29537
29540
29552
29561
29567
29568
29570
29571
29609
29620
29624
29631
29641
29664
29672
29674
29683
29688
29689
29690
29691
29692
29711
29724
29732
29740
29741
29753
29757
29760
29763
29774
29788
29791
29797
29800
29805
29809
29826
29827
29858
29860
29867
29877
29907
29919
29925
29927
29930
29933
29937
29946
29950
29952
29953
29956
29977
29979
30005
30016
30019
30025
30026
30029
30041
30062
30076
30090
30092
30114
30168
30170
30180
30194
30199
30205
30218
30233
30238
30244
30251
30255
30259
30262
30264
30278
30289
30317
30324
30331
30335
30336
30360
30363
30370
30379
30388
30389
30391
30398
30414
30418
30424
30430
30441
30447
30448
30464
30468
30471
30472
30478
30492
30493
30498
30501
30516
30523
30524
30528
30538
30550
30553
30554
30562
30571
30576
30602
30611
30613
30625
30626
30644
30664
30668
30669
30692
30695
30697
30701
30712
30713
30724
30734
30742
30767
30771
30773
30782
30785
30794
30798
30803
30829
30835
30836
30837
30843
30856
30859
30866
30872
30875
30887
30888
30905
30912
30942
30944
30949
30958
30970
30983
30988
30998
31004
31035
31052
31081
31090
31097
31105
31113
31116
31117
31118
31127
31130
31131
31145
31150
31151
31158
31168
31173
31175
31186
31201
31209
31211
31218
31228
31240
31244
31250
31253
31274
31275
31280
31289
31316
31338
31361
31367
31373
31378
31394
31402
31408
31414
31419
31427
31430
31434
31448
31455
31459
31461
31465
31470
31483
31491
31516
31528
31530
31534
31552
31569
31573
31581
31583
31604
31620
31636
31657
31661
31665
31688
31711
31717
31741
31742
31749
31766
31770
31775
31778
31779
31792
31794
31805
31822
31825
31833
31844
31848
31849
31857
31869
31871
31878
31879
31882
31932
31953
31956
31963
31971
31973
31995
32032
32049
32056
32057
32068
32076
32083
32084
32099
32100
32101
32144
32156
32157
32160
32164
32168
32176
32182
32187
32190
32195
32211
32215
32221
32228
32230
32240
32246
32247
32258
32260
32265
32276
32283
32286
32295
32297
32321
32322
32326
32357
32358
32365
32370
32395
32397
32399
32414
32417
32420
32427
32441
32465
32466
32467
32468
32470
32485
32488
32492
32494
32499
32500
32508
32515
32518
32530
32535
32542
32549
32557
32567
32579
32581
32582
32588
32596
32606
32625
32629
32646
32650
32657
32661
32674
32679
32693
32712
32714
32725
32736
32745
32762
32778
32812
32816
32817
32818
32828
32835
32842
32861
32878
32896
32901
32903
32917
32921
32930
32932
32935
32937
32950
32957
32959
32968
32969
32972
32983
32986
32989
33024
33054
33055
33062
33063
33075
33078
33081
33087
33091
33093
33100
33108
33116
33124
33126
33132
33134
33156
33176
33179
33186
33192
33193
33195
33203
33248
33277
33282
33283
33290
33292
33298
33303
33311
33329
33332
33348
33349
33355
33364
33365
33366
33381
33383
33384
33387
33388
33412
33427
33439
33440
33470
33488
33507
33529
33530
33531
33544
33556
33560
33576
33587
33596
33602
33614
33616
33674
33685
33687
33695
33696
33704
33709
33746
33749
33769
33785
33792
33794
33799
33803
33822
33828
33850
33852
33855
33883
33885
33894
33896
33903
33921
33922
33929
33940
33949
33962
33968
33970
33976
33981
33992
33997
34002
34017
34018
34032
34053
34055
34083
34097
34110
34112
34116
34118
34122
34135
34148
34159
34160
34165
34195
34217
34226
34229
34230
34237
34245
34271
34287
34289
34290
34325
34341
34342
34350
34371
34373
34375
34377
34379
34385
34389
34394
34396
34417
34424
34432
34447
34448
34463
34473
34493
34504
34506
34516
34525
34527
34547
34552
34554
34566
34569
34580
34585
34590
34595
34596
34608
34609
34625
34645
34659
34671
34676
34688
34713
34726
34740
34743
34757
34761
34768
34770
34782
34794
34797
34807
34810
34820
34831
34834
34843
34848
34860
34862
34868
34880
34884
34899
34922
34933
34937
34951
34968
34969
34972
34979
34985
34992
34994
35007
35009
35025
35044
35064
35088
35089
35098
35101
35118
35119
35121
35123
35127
35129
35140
35147
35151
35154
35156
35166
35180
35187
35197
35204
35206
35211
35223
35238
35241
35247
35251
35254
35263
35273
35284
35301
35323
35324
35329
35339
35363
35369
35376
35392
35415
35418
35428
35448
35455
35460
35466
35467
35473
35510
35519
35522
35537
35539
35540
35541
35565
35570
35574
35576
35578
35592
35595
35596
35631
35639
35643
35648
35660
35661
35663
35673
35676
35678
35691
35698
35712
35713
35727
35739
35761
35767
35771
35772
35775
35783
35787
35799
35800
35814
35815
35817
35818
35826
35843
35861
35889
35899
35911
35915
35917
35927
35930
35948
35954
35963
35985
36012
36018
36026
36029
36032
36051
36054
36055
36058
36059
36065
36080
36102
36106
36116
36118
36119
36137
36140
36141
36156
36170
36183
36200
36240
36245
36249
36250
36258
36273
36285
36293
36297
36323
36335
36375
36377
36386
36390
36392
36397
36398
36413
36415
36432
36444
36463
36475
36481
36482
36500
36515
36533
36535
36536
36545
36558
36580
36585
36594
36604
36610
36613
36623
36625
36638
36639
36640
36644
36657
36664
36670
36686
36697
36700
36704
36708
36714
36716
36719
36721
36722
36726
36747
36762
36768
36771
36783
36797
36800
36808
36826
36830
36835
36838
36848
36872
36899
36904
36913
36926
36935
36938
36939
36945
36955
36956
36957
36959
36963
36980
36985
36999
37008
37009
37013
37021
37037
37041
37058
37061
37075
37076
37084
37086
37089
37090
37094
37107
37115
37117
37120
37150
37151
37153
37155
37158
37183
37189
37190
37199
37200
37203
37228
37242
37246
37249
37251
37252
37264
37289
37363
37378
37379
37384
37386
37391
37396
37409
37437
37439
37444
37446
37451
37456
37459
37467
37477
37490
37502
37512
37517
37521
37539
37553
37574
37575
37595
37598
37599
37612
37616
37624
37627
37632
37638
37645
37648
37649
37654
37658
37664
37670
37674
37688
37724
37741
37744
37759
37764
37765
37786
37802
37811
37816
37824
37825
37835
37853
37860
37861
37875
37881
37885
37895
37902
37912
37935
37949
37955
37956
37976
38000
38002
38020
38022
38027
38028
38035
38048
38050
38063
38072
38080
38085
38093
38094
38109
38110
38144
38154
38158
38161
38165
38181
38199
38205
38206
38222
38224
38227
38235
38238
38243
38246
38254
38264
38265
38267
38268
38273
38275
38283
38293
38321
38335
38349
38366
38370
38374
38378
38410
38416
38430
38437
38438
38439
38440
38446
38457
38470
38476
38486
38495
38532
38534
38552
38555
38556
38586
38595
38601
38618
38622
38633
38645
38666
38670
38679
38694
38712
38721
38726
38735
38745
38750
38754
38757
38761
38764
38766
38767
38771
38780
38785
38791
38792
38797
38798
38799
38800
38804
38813
38815
38818
38826
38833
38839
38841
38845
38862
38864
38912
38914
38928
38931
38939
38947
38973
38978
38990
39003
39026
39028
39033
39034
39039
39066
39099
39115
39118
39119
39122
39124
39137
39148
39160
39161
39171
39174
39190
39192
39195
39203
39204
39206
39207
39217
39223
39225
39271
39297
39299
39301
39302
39303
39313
39317
39318
39326
39331
39336
39340
39342
39343
39356
39358
39371
39387
39394
39397
39399
39400
39409
39411
39421
39432
39434
39450
39452
39462
39468
39477
39525
39526
39533
39542
39543
39544
39548
39555
39558
39561
39562
39564
39568
39569
39573
39577
39578
39601
39602
39622
39625
39628
39630
39632
39635
39644
39648
39652
39653
39675
39684
39691
39703
39720
39734
39746
39755
39766
39787
39788
39791
39814
39815
39830
39831
39841
39846
39854
39876
39883
39889
39892
39894
39932
39935
39960
39970
39973
39975
39978
39986
39996
40010
40019
40025
40029
40034
40046
40048
40062
40064
40094
40110
40117
40118
40119
40122
40124
40165
40168
40170
40182
40188
40190
40205
40209
40212
40234
40235
40242
40244
40253
40259
40264
40275
40285
40300
40330
40340
40345
40349
40351
40352
40354
40357
40379
40391
40393
40400
40401
40421
40450
40484
40502
40509
40511
40524
40531
40545
40559
40567
40569
40571
40572
40593
40596
40620
40621
40643
40649
40664
40668
40672
40690
40693
40703
40705
40714
40721
40728
40729
40733
40743
40748
40750
40768
40773
40786
40790
40807
40813
40818
40829
40836
40841
40861
40865
40871
40893
40899
40900
40902
40903
40912
40913
40922
40928
40931
40934
40944
40946
40948
40955
40972
40976
40982
40985
40993
40994
40995
41003
41014
41016
41023
41027
41029
41037
41041
41043
41044
41046
41047
41056
41078
41079
41086
41093
41102
41121
41126
41161
41165
41174
41177
41184
41192
41201
41208
41210
41226
41227
41231
41239
41240
41246
41252
41256
41269
41277
41279
41282
41285
41295
41298
41307
41309
41325
41333
41336
41337
41347
41351
41354
41358
41360
41388
41391
41398
41400
41445
41449
41458
41463
41475
41498
41505
41517
41518
41519
41529
41532
41537
41539
41548
41554
41574
41577
41579
41586
41588
41595
41596
41599
41605
41620
41640
41644
41668
41674
41680
41699
41705
41714
41715
41731
41732
41741
41751
41755
41782
41784
41791
41817
41827
41830
41838
41847
41856
41860
41866
41879
41897
41918
41932
41936
41940
41958
41963
41968
41971
41974
41992
42008
42013
42016
42021
42029
42042
42046
42048
42064
42082
42092
42102
42109
42113
42131
42139
42165
42168
42176
42177
42192
42202
42214
42230
42240
42247
42269
42279
42296
42311
42315
42319
42327
42329
42337
42340
42346
42356
42357
42367
42383
42391
42399
42404
42409
42410
42417
42421
42434
42441
42448
42464
42477
42493
42508
42517
42540
42544
42569
42570
42584
42592
42593
42595
42597
42603
42608
42629
42632
42634
42639
42649
42652
42656
42667
42673
42674
42680
42701
42710
42735
42736
42738
42741
42751
42772
42775
42777
42781
42799
42803
42830
42831
42837
42843
42874
42901
42904
42910
42912
42943
42961
42963
42992
43028
43046
43063
43081
43089
43102
43105
43107
43128
43145
43150
43157
43175
43178
43198
43205
43220
43225
43234
43235
43238
43241
43251
43275
43289
43292
43302
43315
43317
43324
43325
43339
43342
43343
43352
43359
43377
43385
43392
43395
43402
43409
43415
43418
43421
43438
43440
43455
43470
43479
43482
43493
43495
43496
43510
43511
43530
43545
43554
43555
43565
43582
43597
43598
43599
43625
43648
43652
43659
43668
43695
43698
43711
43716
43731
43739
43744
43746
43747
43749
43750
43759
43762
43783
43795
43808
43810
43829
43833
43838
43852
43854
43869
43888
43891
43900
43906
43918
43921
43929
43934
43937
43938
43941
43946
43952
43955
43956
43961
43973
43976
43985
43986
43992
44008
44009
44020
44033
44034
44038
44040
44041
44054
44063
44066
44071
44101
44110
44118
44121
44128
44131
44137
44148
44151
44160
44165
44184
44190
44204
44205
44207
44209
44214
44223
44237
44254
44267
44270
44275
44276
44283
44288
44295
44351
44355
44374
44390
44399
44401
44410
44412
44432
44433
44436
44456
44460
44467
44473
44477
44493
44500
44503
44506
44508
44522
44524
44536
44539
44541
44569
44572
44586
44598
44599
44602
44605
44628
44633
44638
44642
44646
44657
44663
44680
44681
44683
44708
44720
44726
44727
44731
44738
44740
44748
44766
44780
44786
44791
44793
44795
44797
44801
44809
44812
44822
44824
44843
44846
44850
44853
44862
44864
44878
44883
44890
44905
44912
44921
44931
44945
44954
44971
44981
45002
45006
45014
45036
45037
45042
45047
45053
45054
45077
45078
45080
45082
45087
45090
45101
45102
45108
45115
45142
45147
45168
45189
45201
45203
45211
45232
45258
45262
45282
45291
45294
45296
45301
45304
45306
45322
45327
45344
45348
45353
45363
45369
45380
45389
45396
45398
45400
45411
45418
45420
45426
45436
45439
45441
45468
45495
45512
45534
45537
45542
45544
45545
45553
45578
45579
45595
45610
45630
45641
45643
45652
45653
45658
45667
45671
45674
45676
45700
45711
45718
45721
45726
45730
45734
45740
45743
45746
45761
45771
45793
45809
45812
45815
45827
45829
45837
45852
45863
45865
45871
45875
45880
45906
45907
45913
45920
45932
45949
45954
45969
45980
45990
46014
46030
46043
46056
46064
46067
46069
46071
46093
46122
46135
46153
46159
46171
46174
46193
46215
46224
46229
46230
46235
46241
46249
46254
46265
46275
46278
46283
46284
46288
46302
46305
46308
46316
46323
46334
46353
46359
46360
46367
46383
46400
46402
46406
46416
46436
46452
46454
46461
46470
46479
46488
46498
46499
46500
46505
46516
46520
46526
46535
46540
46541
46542
46547
46551
46556
46560
46561
46588
46593
46601
46602
46615
46618
46622
46623
46627
46631
46634
46652
46667
46668
46669
46686
46703
46710
46711
46719
46724
46742
46744
46771
46800
46820
46843
46850
46852
46859
46860
46864
46871
46875
46882
46885
46892
46903
46912
46913
46924
46953
46957
46967
46968
46976
46987
47006
47007
47008
47009
47022
47043
47054
47055
47058
47067
47074
47080
47081
47083
47088
47099
47117
47129
47144
47146
47152
47156
47175
47185
47186
47193
47203
47209
47211
47216
47224
47230
47245
47249
47250
47255
47264
47275
47288
47309
47313
47325
47332
47335
47337
47342
47345
47348
47354
47356
47366
47367
47379
47384
47404
47405
47407
47425
47433
47439
47460
47471
47483
47484
47505
47513
47521
47531
47553
47569
47573
47584
47585
47590
47603
47617
47623
47626
47632
47643
47648
47661
47673
47684
47699
47704
47710
47714
47716
47724
47728
47734
47737
47746
47757
47762
47778
47789
47797
47817
47820
47827
47843
47861
47862
47863
47868
47869
47873
47880
47889
47921
47937
47942
47943
47950
47954
47955
47961
47964
47965
47973
47979
47991
47997
48016
48017
48039
48045
48048
48050
48054
48071
48073
48086
48128
48129
48134
48157
48159
48174
48176
48205
48208
48210
48217
48226
48227
48237
48240
48248
48256
48265
48282
48292
48297
48302
48304
48305
48332
48339
48350
48353
48356
48361
48375
48377
48385
48389
48398
48401
48407
48408
48417
48427
48443
48460
48464
48468
48479
48482
48485
48487
48490
48492
48493
48511
48517
48519
48525
48530
48541
48546
48555
48566
48569
48570
48573
48601
48603
48610
48614
48623
48631
48639
48640
48644
48656
48660
48663
48696
48701
48707
48712
48720
48723
48729
48732
48741
48745
48753
48769
48792
48800
48812
48815
48824
48825
48836
48840
48848
48862
48863
48879
48884
48888
48889
48892
48895
48899
48900
48911
48918
48929
48936
48938
48947
48948
48954
48962
48969
48978
49002
49008
49020
49025
49032
49034
49035
49041
49057
49065
49075
49090
49098
49101
49110
49112
49113
49138
49143
49147
49150
49175
49185
49186
49193
49196
49207
49208
49216
49229
49234
49235
49239
49246
49258
49263
49264
49288
49305
49319
49325
49334
49338
49364
49385
49396
49407
49423
49426
49439
49441
49442
49457
49462
49469
49471
49508
49532
49540
49544
49546
49574
49585
49590
49601
49615
49626
49627
49628
49634
49638
49640
49673
49689
49692
49693
49715
49725
49737
49747
49763
49765
49766
49778
49779
49797
49799
49802
49837
49845
49848
49852
49903
49909
49918
49932
49939
49940
49958
49964
49967
49978
49993
50000
50007
50015
50016
50021
50033
50035
50042
50046
50051
50056
50060
50069
50072
50078
50091
50101
50104
50116
50119
50121
50140
50145
50146
50161
50167
50177
50205
50224
50228
50266
50273
50280
50282
50288
50295
50297
50347
50350
50368
50382
50384
50395
50404
50411
50424
50426
50436
50438
50446
50447
50453
50455
50472
50480
50485
50486
50521
50525
50533
50554
50580
50584
50589
50590
50592
50596
50612
50618
50620
50622
50652
50661
50695
50697
50721
50732
50736
50738
50773
50812
50817
50827
50828
50835
50849
50853
50862
50869
50898
50902
50906
50910
50922
50933
50937
50952
50971
50974
50988
51001
51009
51022
51024
51031
51044
51048
51063
51064
51072
51083
51089
51096
51099
51118
51125
51140
51150
51172
51193
51194
51208
51215
51223
51231
51239
51250
51259
51263
51267
51280
51281
51292
51293
51301
51309
51310
51338
51343
51344
51347
51349
51356
51369
51413
51419
51420
51421
51429
51468
51481
51484
51488
51497
51499
51510
51515
51519
51524
51528
51531
51534
51570
51572
51574
51576
51581
51583
51584
51604
51618
51620
51634
51640
51645
51646
51648
51653
51655
51662
51665
51666
51672
51681
51697
51711
51716
51756
51767
51782
51785
51786
51788
51799
51801
51853
51871
51905
51909
51915
51921
51922
51927
51936
51948
51956
51961
51971
51988
51998
51999
52024
52027
52037
52043
52049
52051
52060
52067
52072
52099
52111
52115
52123
52132
52137
52138
52139
52151
52171
52173
52177
52179
52201
52210
52218
52219
52222
52231
52234
52267
52280
52281
52289
52291
52296
52303
52321
52325
52342
52349
52404
52414
52431
52445
52447
52449
52461
52483
52485
52488
52508
52513
52525
52526
52527
52535
52582
52585
52609
52618
52626
52627
52633
52643
52651
52652
52654
52660
52661
52673
52691
52695
52706
52710
52716
52721
52736
52738
52783
52789
52797
52799
52802
52806
52813
52818
52824
52828
52874
52881
52885
52898
52900
52902
52909
52920
52925
52951
52957
52961
52980
52984
52997
53004
53040
53069
53077
53079
53087
53092
53094
53097
53100
53116
53121
53130
53138
53152
53155
53163
53165
53168
53205
53214
53221
53235
53243
53248
53251
53254
53256
53268
53271
53272
53282
53295
53303
53319
53323
53325
53328
53338
53353
53356
53365
53382
53384
53386
53392
53399
53408
53413
53420
53429
53465
53470
53474
53490
53500
53520
53533
53538
53548
53556
53569
53572
53574
53576
53581
53584
53593
53602
53605
53622
53634
53641
53647
53648
53652
53653
53656
53672
53675
53697
53700
53704
53705
53712
53719
53727
53737
53753
53759
53762
53774
53808
53813
53816
53818
53827
53828
53829
53834
53842
53851
53856
53864
53871
53876
53880
53891
53905
53906
53908
53919
53938
53939
53949
53954
53960
53965
53966
53975
53980
53988
53993
53999
54006
54014
54019
54025
54030
54033
54045
54062
54070
54075
54076
54078
54080
54103
54119
54122
54133
54145
54150
54152
54156
54160
54161
54162
54169
54173
54191
54198
54200
54209
54211
54219
54222
54237
54248
54257
54262
54287
54292
54293
54294
54314
54316
54323
54334
54339
54348
54350
54369
54370
54376
54395
54403
54427
54434
54440
54451
54475
54488
54489
54499
54504
54522
54525
54527
54552
54557
54571
54583
54596
54599
54606
54614
54631
54650
54653
54655
54682
54708
54721
54735
54736
54737
54746
54751
54773
54779
54786
54787
54815
54819
54824
54829
54839
54840
54851
54879
54885
54895
54912
54923
54934
54964
54973
54984
55005
55017
55022
55040
55066
55067
55068
55073
55090
55104
55109
55132
55139
55160
55174
55188
55201
55204
55209
55243
55254
55261
55279
55286
55297
55304
55343
55350
55357
55358
55377
55381
55389
55396
55406
55407
55417
55426
55439
55457
55459
55462
55463
55471
55516
55529
55532
55536
55557
55567
55571
55586
55587
55597
55601
55606
55608
55620
55624
55632
55634
55640
55641
55644
55647
55652
55654
55658
55659
55667
55668
55672
55675
55693
55713
55716
55734
55735
55748
55757
55761
55766
55781
55798
55807
55812
55853
55860
55883
55884
55892
55894
55907
55912
55914
55926
55934
55958
55964
55967
55976
55984
55989
55990
55994
56002
56013
56018
56024
56032
56033
56034
56036
56053
56060
56065
56074
56079
56090
56091
56092
56094
56095
56108
56114
56119
56125
56128
56149
56151
56154
56157
56173
56180
56188
56195
56203
56216
56222
56224
56230
56240
56251
56255
56262
56309
56315
56316
56333
56339
56341
56348
56350
56354
56365
56368
56376
56388
56407
56421
56426
56442
56445
56459
56460
56474
56478
56485
56496
56509
56524
56529
56543
56553
56556
56565
56575
56604
56605
56606
56608
56612
56616
56624
56645
56666
56668
56673
56676
56677
56679
56682
56683
56715
56722
56725
56729
56734
56760
56767
56768
56772
56778
56781
56783
56786
56789
56812
56817
56818
56821
56826
56834
56838
56850
56855
56856
56858
56870
56872
56893
56894
56895
56899
56911
56916
56918
56922
56926
56932
56950
56959
56965
56981
56989
56996
57035
57048
57054
57055
57061
57076
57078
57110
57112
57119
57122
57124
57144
57148
57151
57154
57167
57178
57181
57182
57191
57199
57207
57227
57247
57265
57297
57300
57316
57336
57338
57351
57358
57373
57385
57390
57410
57420
57426
57428
57433
57438
57439
57446
57450
57457
57468
57474
57476
57486
57487
57538
57543
57547
57558
57567
57579
57581
57588
57603
57619
57634
57638
57655
57659
57666
57672
57673
57702
57720
57723
57730
57739
57752
57773
57789
57811
57826
57833
57853
57857
57859
57865
57875
57884
57888
57891
57899
57903
57925
57927
57935
57947
57962
57963
57969
57970
57971
57974
57976
57977
57981
57982
57989
57990
58007
58015
58026
58076
58096
58105
58113
58116
58118
58119
58121
58131
58133
58147
58167
58210
58229
58230
58236
58240
58241
58244
58245
58246
58251
58277
58284
58303
58305
58307
58311
58342
58375
58377
58398
58421
58433
58434
58439
58449
58452
58454
58479
58484
58487
58499
58506
58507
58509
58521
58522
58529
58535
58555
58561
58562
58564
58570
58571
58586
58595
58616
58625
58631
58633
58640
58647
58651
58657
58660
58672
58677
58679
58684
58687
58691
58710
58716
58738
58749
58751
58755
58756
58784
58801
58803
58807
58813
58830
58858
58873
58883
58884
58888
58889
58890
58893
58898
58903
58912
58926
58946
58955
58960
58967
58977
59001
59003
59021
59022
59030
59034
59049
59059
59063
59066
59089
59093
59094
59097
59100
59106
59111
59119
59142
59143
59147
59151
59172
59186
59195
59211
59212
59225
59232
59240
59241
59251
59256
59268
59278
59279
59281
59287
59296
59328
59338
59346
59354
59385
59390
59394
59408
59415
59422
59437
59458
59466
59469
59477
59498
59501
59507
59512
59514
59521
59524
59530
59541
59551
59553
59558
59561
59567
59570
59575
59583
59600
59604
59615
59620
59626
59628
59657
59672
59676
59714
59718
59724
59725
59737
59757
59759
59761
59764
59774
59792
59803
59812
59818
59823
59835
59851
59861
59892
59901
59943
59946
59960
59971
60006
60034
60036
60039
60048
60053
60054
60059
60068
60069
60081
60139
60140
60144
60152
60178
60184
60193
60219
60221
60227
60233
60245
60252
60257
60258
60265
60276
60279
60284
60289
60292
60319
60323
60330
60333
60344
60352
60365
60367
60373
60374
60376
60382
60387
60388
60389
60391
60405
60407
60443
60454
60471
60478
60487
60500
60502
60505
60506
60521
60540
60548
60552
60556
60575
60581
60615
60629
60638
60639
60642
60648
60656
60658
60663
60693
60707
60708
60730
60735
60738
60745
60753
60757
60761
60765
60769
60779
60782
60789
60790
60805
60806
60814
60830
60837
60846
60865
60875
60886
60897
60910
60914
60927
60929
60946
60956
60959
60960
60981
60988
60998
61003
61004
61007
61011
61013
61028
61033
61036
61044
61046
61054
61071
61074
61080
61081
61086
61107
61108
61120
61121
61123
61135
61142
61145
61166
61176
61177
61197
61203
61218
61220
61246
61262
61276
61285
61288
61307
61320
61344
61378
61409
61417
61435
61436
61447
61448
61450
61461
61463
61471
61483
61484
61488
61499
61507
61509
61510
61512
61534
61536
61548
61557
61568
61571
61582
61586
61589
61592
61594
61597
61643
61644
61663
61683
61686
61687
61690
61699
61701
61708
61709
61711
61713
61717
61728
61732
61735
61743
61744
61748
61758
61761
61790
61796
61806
61813
61820
61849
61857
61864
61874
61900
61909
61910
61925
61935
61937
61943
61955
61964
61971
61987
61999
62002
62007
62018
62019
62022
62024
62034
62042
62046
62051
62061
62068
62072
62079
62091
62107
62121
62125
62135
62156
62175
62176
62180
62189
62216
62231
62237
62250
62252
62263
62267
62280
62297
62304
62315
62324
62333
62334
62335
62360
62367
62379
62382
62385
62401
62408
62411
62417
62433
62442
62443
62448
62450
62459
62461
62464
62474
62479
62499
62503
62505
62510
62512
62514
62518
62523
62527
62529
62543
62562
62564
62589
62620
62626
62636
62640
62643
62649
62652
62655
62661
62664
62667
62674
62676
62677
62692
62698
62702
62718
62722
62730
62739
62767
62781
62787
62789
62805
62822
62850
62857
62861
62862
62869
62878
62897
62901
62910
62925
62928
62934
62945
62947
62956
62964
62976
62988
63003
63015
63021
63036
63041
63045
63053
63055
63071
63094
63096
63104
63115
63120
63137
63140
63142
63146
63149
63151
63157
63167
63177
63193
63194
63196
63198
63201
63204
63205
63223
63231
63233
63242
63276
63280
63284
63293
63313
63316
63320
63327
63328
63336
63353
63373
63394
63405
63408
63411
63421
63428
63430
63439
63443
63461
63482
63489
63497
63498
63505
63518
63531
63540
63543
63547
63550
63568
63575
63578
63590
63598
63604
63608
63631
63639
63651
63655
63672
63673
63688
63691
63692
63693
63697
63707
63709
63724
63726
63731
63735
63736
63743
63746
63756
63769
63783
63785
63795
63798
63820
63826
63836
63838
63845
63856
63857
63860
63877
63878
63880
63887
63889
63902
63912
63920
63925
63929
63941
63948
63955
63969
63971
63984
63996
64002
64023
64025
64027
64036
64052
64058
64068
64071
64076
64097
64101
64126
64129
64136
64139
64140
64158
64160
64168
64183
64190
64196
64199
64207
64219
64231
64233
64237
64245
64258
64259
64266
64267
64273
64295
64299
64303
64307
64315
64318
64331
64335
64347
64355
64373
64380
64383
64386
64390
64392
64400
64403
64413
64425
64435
64442
64444
64448
64463
64465
64479
64482
64486
64493
64505
64506
64513
64528
64530
64557
64575
64607
64608
64623
64624
64626
64641
64650
64657
64666
64680
64681
64694
64701
64706
64718
64726
64750
64769
64783
64805
64809
64813
64814
64827
64828
64830
64834
64846
64850
64851
64889
64890
64891
64899
64907
64911
64918
64930
64943
64947
64949
64953
64965
64969
64978
64987
64989
64993
65004
65011
65017
65033
65060
65063
65074
65075
65084
65092
65113
65128
65138
65153
65178
65187
65202
65265
65280
65300
65302
65303
65307
65327
65329
65334
65336
65344
65351
65353
65380
65388
65389
65392
65393
65398
65400
65401
65402
65407
65419
65426
65434
65460
65470
65472
65485
65501
65503
65505
65510
65511
65518
65520
65525
65532
65554
65578
65589
65600
65615
65617
65625
65633
65642
65644
65651
65656
65664
65678
65679
65691
65708
65715
65726
65735
65742
65758
65761
65771
65772
65777
65786
65798
65800
65802
65806
65811
65831
65838
65850
65863
65868
65871
65891
65893
65912
65916
65947
65959
65967
65968
65973
65978
65990
65992
66000
66028
66038
66043
66062
66069
66073
66088
66122
66130
66132
66137
66142
66146
66171
66181
66186
66198
66219
66227
66252
66255
66257
66258
66284
66286
66323
66344
66345
66350
66365
66378
66385
66391
66399
66420
66425
66438
66439
66448
66461
66464
66465
66469
66477
66484
66486
66505
66517
66518
66519
66541
66542
66545
66564
66589
66591
66597
66601
66614
66619
66650
66656
66662
66678
66688
66701
66706
66707
66713
66721
66738
66753
66756
66757
66760
66773
66776
66779
66808
66818
66833
66866
66878
66881
66882
66902
66920
66937
66950
66963
66964
66983
66988
66989
67012
67022
67027
67030
67050
67070
67072
67086
67090
67094
67101
67108
67112
67133
67136
67138
67146
67152
67156
67166
67172
67184
67187
67189
67191
67194
67196
67200
67210
67213
67225
67265
67267
67278
67298
67307
67317
67318
67333
67334
67342
67345
67348
67352
67358
67379
67388
67413
67416
67419
67427
67435
67436
67443
67454
67473
67474
67476
67499
67505
67513
67516
67535
67548
67552
67559
67560
67568
67569
67599
67600
67602
67621
67623
67632
67667
67675
67680
67728
67732
67746
67750
67764
67768
67774
67776
67777
67784
67796
67801
67804
67815
67816
67818
67829
67842
67859
67864
67887
67889
67901
67907
67921
67962
67966
67967
67978
67990
67993
68003
68009
68021
68043
68049
68050
68066
68071
68091
68095
68099
68110
68117
68132
68158
68165
68168
68182
68187
68194
68203
68207
68228
68231
68232
68244
68252
68256
68259
68261
68276
68283
68290
68291
68297
68304
68312
68316
68333
68337
68358
68369
68375
68379
68381
68387
68396
68398
68399
68402
68403
68431
68443
68444
68454
68470
68481
68488
68502
68508
68518
68525
68540
68541
68546
68555
68573
68580
68582
68584
68606
68608
68620
68625
68640
68647
68650
68656
68667
68672
68695
68704
68708
68710
68712
68713
68726
68727
68731
68740
68759
68766
68767
68780
68796
68799
68802
68808
68821
68827
68829
68852
68860
68867
68869
68876
68879
68880
68904
68905
68909
68914
68925
68932
68935
68945
68948
68953
68956
68958
68962
68974
68975
68987
69002
69012
69022
69025
69062
69065
69077
69086
69094
69123
69128
69144
69175
69177
69178
69181
69219
69224
69225
69244
69253
69258
69261
69273
69275
69292
69296
69300
69301
69310
69319
69326
69331
69336
69340
69358
69368
69372
69380
69389
69409
69411
69435
69452
69455
69461
69466
69498
69500
69502
69503
69504
69514
69519
69522
69524
69526
69528
69529
69550
69551
69554
69571
69580
69586
69591
69599
69615
69622
69632
69658
69665
69667
69677
69702
69712
69718
69724
69742
69749
69750
69756
69772
69775
69782
69790
69801
69803
69828
69831
69842
69850
69863
69918
69920
69941
69944
69948
69958
69959
69961
69962
69978
69982
69998
70013
70028
70029
70035
70044
70050
70053
70054
70058
70072
70085
70089
70092
70095
70110
70128
70132
70134
70159
70165
70175
70196
70215
70222
70225
70244
70247
70253
70258
70269
70280
70281
70289
70334
70335
70352
70360
70376
70397
70399
70401
70423
70427
70433
70469
70473
70474
70512
70522
70523
70529
70530
70536
70539
70580
70581
70591
70592
70596
70597
70613
70630
70632
70637
70638
70650
70679
70694
70702
70708
70709
70716
70721
70735
70740
70756
70767
70770
70781
70820
70830
70832
70841
70853
70856
70862
70870
70874
70884
70885
70888
70904
70917
70928
70932
70937
70940
70942
70963
70972
70977
70988
71000
71020
71063
71067
71078
71085
71090
71093
71097
71099
71100
71102
71118
71120
71138
71180
71183
71192
71194
71199
71204
71229
71239
71247
71253
71255
71260
71266
71269
71275
71278
71280
71290
71300
71332
71335
71338
71355
71374
71375
71378
71394
71401
71406
71413
71422
71450
71463
71467
71469
71475
71476
71487
71496
71515
71523
71560
71571
71582
71591
71592
71596
71603
71604
71608
71639
71640
71641
71642
71643
71648
71649
71651
71665
71674
71676
71692
71696
71705
71711
71715
71721
71746
71747
71751
71752
71761
71786
71815
71835
71837
71842
71847
71851
71854
71882
71884
71888
71900
71903
71914
71917
71936
71959
71966
71980
71990
71992
71997
72011
72031
72037
72040
72042
72045
72050
72052
72073
72086
72092
72098
72104
72110
72125
72129
72141
72145
72148
72151
72196
72221
72222
72227
72239
72258
72269
72274
72277
72290
72293
72308
72313
72316
72328
72343
72362
72370
72371
72381
72393
72400
72404
72408
72422
72449
72457
72462
72479
72484
72487
72496
72498
72502
72517
72519
72536
72563
72570
72577
72578
72593
72595
72614
72618
72629
72636
72648
72649
72658
72670
72673
72686
72689
72691
72699
72701
72712
72716
72717
72718
72723
72727
72730
72757
72763
72779
72783
72787
72849
72864
72903
72904
72907
72909
72928
72935
72944
72957
72959
72967
72973
72975
72977
72985
72988
72996
72997
73001
73017
73019
73054
73061
73063
73064
73069
73086
73088
73093
73106
73108
73119
73121
73125
73126
73132
73138
73151
73154
73168
73172
73176
73214
73220
73225
73233
73244
73266
73279
73285
73289
73299
73332
73344
73354
73362
73389
73390
73398
73402
73413
73426
73435
73445
73470
73471
73473
73487
73496
73501
73511
73514
73520
73533
73534
73538
73542
73551
73554
73561
73565
73594
73599
73600
73606
73611
73623
73648
73669
73675
73700
73705
73717
73722
73723
73724
73745
73746
73757
73763
73771
73772
73776
73780
73781
73786
73787
73788
73791
73794
73805
73838
73842
73843
73847
73855
73873
73889
73890
73891
73906
73911
73913
73916
73921
73935
73936
73939
73942
73952
73955
73960
73961
73970
73978
73997
74011
74015
74036
74037
74043
74044
74045
74048
74050
74064
74070
74081
74093
74098
74112
74114
74118
74124
74126
74179
74189
74226
74251
74264
74265
74271
74275
74276
74284
74285
74305
74308
74321
74323
74326
74347
74353
74366
74368
74370
74378
74386
74402
74403
74426
74435
74440
74455
74466
74471
74492
74496
74497
74500
74507
74508
74524
74540
74541
74547
74556
74558
74589
74615
74619
74623
74629
74643
74648
74658
74668
74678
74694
74696
74702
74704
74705
74710
74723
74734
74736
74740
74750
74758
74765
74767
74773
74791
74795
74799
74803
74823
74828
74837
74859
74860
74862
74863
74878
74886
74894
74898
74906
74928
74930
74933
74941
74943
74945
74947
74957
74960
74961
74975
74980
74999
75004
75005
75012
75037
75046
75047
75058
75072
75093
75097
75104
75112
75123
75129
75152
75162
75175
75192
75200
75208
75211
75219
75233
75269
75277
75278
75287
75297
75333
75340
75341
75347
75361
75375
75381
75382
75386
75399
75415
75430
75433
75435
75442
75444
75445
75447
75455
75465
75477
75482
75490
75492
75508
75517
75518
75528
75543
75546
75563
75577
75583
75585
75595
75604
75615
75622
75639
75640
75655
75659
75663
75672
75689
75700
75705
75708
75717
75721
75732
75746
75753
75764
75769
75773
75774
75779
75783
75785
75787
75793
75815
75830
75833
75845
75867
75874
75876
75888
75896
75899
75926
75933
75939
75942
75957
75971
75975
75979
75993
75995
76006
76013
76028
76036
76038
76041
76055
76063
76069
76072
76073
76083
76091
76094
76095
76096
76102
76104
76140
76142
76152
76184
76198
76203
76209
76214
76215
76226
76228
76232
76241
76248
76253
76278
76280
76290
76310
76315
76317
76326
76329
76335
76352
76355
76359
76361
76367
76375
76389
76407
76423
76429
76432
76443
76449
76454
76461
76473
76478
76498
76499
76500
76501
76502
76503
76509
76530
76543
76550
76576
76583
76586
76593
76598
76611
76618
76623
76626
76636
76658
76660
76675
76685
76725
76742
76747
76750
76751
76762
76792
76811
76812
76813
76821
76827
76847
76855
76871
76877
76890
76906
76908
76930
76933
76937
76940
76942
76943
76950
76953
76956
76957
76958
76962
76964
76965
76986
76988
77009
77017
77023
77031
77034
77035
77042
77056
77061
77066
77068
77070
77091
77095
77098
77099
77110
77112
77143
77152
77155
77179
77183
77192
77198
77201
77222
77227
77236
77237
77252
77266
77274
77276
77302
77306
77316
77324
77328
77339
77357
77369
77374
77391
77401
77402
77417
77432
77436
77460
77466
77470
77485
77490
77497
77503
77504
77509
77513
77517
77528
77546
77559
77560
77568
77581
77582
77593
77594
77600
77622
77624
77626
77630
77641
77643
77646
77652
77664
77671
77672
77678
77688
77691
77701
77708
77709
77727
77730
77739
77740
77748
77751
77764
77766
77768
77779
77789
77794
77796
77798
77810
77814
77815
77824
77826
77827
77836
77850
77855
77858
77861
77862
77887
77890
77907
77923
77929
77933
77946
77960
77966
77971
77974
77991
77994
77997
77999
78018
78029
78041
78043
78048
78052
78055
78087
78091
78093
78121
78123
78124
78145
78153
78155
78158
78193
78196
78198
78227
78230
78242
78251
78252
78254
78267
78285
78311
78320
78327
78330
78335
78339
78342
78361
78367
78368
78372
78380
78388
78394
78397
78401
78412
78424
78425
78427
78431
78448
78454
78460
78467
78477
78498
78511
78513
78516
78533
78534
78537
78540
78541
78544
78550
78556
78560
78561
78588
78595
78600
78614
78618
78633
78655
78665
78679
78684
78700
78715
78716
78735
78750
78751
78752
78753
78757
78758
78760
78763
78765
78777
78786
78787
78788
78791
78821
78844
78862
78864
78871
78891
78913
78917
78933
78945
78955
78961
78971
78979
78980
78997
78998
79001
79028
79039
79055
79062
79067
79080
79082
79106
79109
79115
79120
79124
79128
79133
79136
79138
79139
79151
79162
79165
79187
79243
79247
79259
79264
79281
79289
79298
79300
79302
79304
79317
79318
79324
79327
79328
79330
79341
79371
79376
79377
79381
79401
79403
79419
79421
79435
79439
79450
79459
79462
79466
79471
79478
79486
79490
79504
79541
79558
79568
79575
79585
79628
79632
79646
79653
79664
79672
79673
79683
79691
79693
79706
79710
79713
79716
79734
79739
79741
79753
79767
79772
79777
79778
79782
79806
79811
79821
79829
79840
79841
79854
79871
79895
79898
79908
79927
79934
79942
79957
79958
79962
79966
79967
79970
79982
79983
79988
79996
80003
80023
80040
80049
80061
80069
80072
80073
80079
80081
80084
80095
80097
80114
80123
80125
80129
80139
80161
80165
80173
80186
80188
80195
80198
80224
80230
80231
80255
80259
80262
80266
80293
80304
80312
80323
80327
80331
80345
80347
80348
80366
80370
80386
80388
80394
80398
80418
80419
80424
80443
80451
80457
80459
80462
80467
80478
80486
80488
80506
80507
80513
80521
80535
80541
80542
80543
80546
80555
80564
80567
80570
80577
80582
80595
80620
80626
80640
80649
80657
80672
80674
80684
80694
80700
80701
80713
80719
80721
80724
80727
80729
80735
80754
80765
80768
80770
80776
80789
80802
80821
80836
80841
80848
80850
80851
80882
80902
80911
80921
80937
80948
80951
80963
80964
80966
80979
81021
81034
81056
81060
81064
81071
81072
81073
81075
81078
81098
81124
81135
81137
81156
81160
81165
81186
81192
81206
81209
81215
81240
81268
81281
81288
81293
81299
81306
81317
81328
81334
81356
81359
81372
81373
81377
81379
81399
81406
81408
81409
81412
81414
81421
81422
81424
81443
81447
81481
81489
81502
81537
81539
81540
81546
81561
81566
81571
81575
81578
81583
81586
81596
81601
81609
81634
81636
81645
81647
81665
81694
81709
81718
81722
81727
81745
81746
81753
81755
81768
81779
81781
81792
81800
81806
81814
81816
81827
81831
81838
81844
81845
81857
81862
81869
81876
81880
81899
81916
81923
81925
81968
81974
81977
81985
81991
81996
82012
82016
82021
82029
82034
82043
82046
82056
82064
82065
82072
82101
82120
82123
82142
82159
82160
82166
82172
82188
82202
82207
82209
82218
82223
82225
82235
82238
82241
82254
82267
82283
82293
82297
82303
82316
82319
82320
82328
82329
82333
82335
82357
82391
82396
82420
82424
82435
82443
82444
82446
82472
82475
82486
82495
82507
82529
82532
82541
82549
82571
82573
82588
82602
82604
82606
82612
82613
82614
82618
82620
82626
82636
82644
82645
82651
82652
82653
82660
82663
82677
82678
82680
82686
82689
82692
82702
82708
82716
82717
82726
82752
82769
82781
82809
82815
82826
82862
82878
82888
82892
82895
82896
82899
82905
82912
82918
82919
82922
82937
82944
82952
82960
82966
82993
82995
83012
83027
83035
83041
83043
83048
83050
83066
83070
83073
83074
83091
83109
83129
83138
83154
83166
83193
83200
83207
83210
83223
83230
83243
83249
83252
83257
83258
83268
83270
83274
83284
83285
83286
83288
83295
83300
83302
83317
83350
83351
83358
83387
83398
83403
83407
83409
83415
83423
83424
83428
83452
83461
83463
83478
83479
83484
83490
83497
83500
83503
83512
83513
83515
83517
83528
83529
83532
83537
83541
83550
83589
83601
83607
83625
83638
83639
83666
83672
83675
83696
83697
83699
83710
83720
83724
83727
83731
83748
83759
83760
83768
83788
83789
83822
83824
83825
83826
83831
83847
83854
83863
83874
83886
83888
83889
83893
83902
83911
83913
83924
83928
83949
83955
83960
83974
83979
83983
83989
83994
83996
84015
84028
84029
84030
84040
84045
84047
84051
84059
84065
84066
84077
84084
84085
84087
84088
84102
84109
84111
84132
84145
84146
84161
84170
84171
84173
84194
84215
84233
84234
84247
84255
84262
84276
84285
84287
84304
84309
84332
84345
84349
84353
84356
84360
84365
84375
84376
84383
84389
84406
84411
84417
84429
84468
84489
84517
84518
84563
84574
84581
84586
84589
84590
84614
84619
84623
84638
84640
84644
84677
84696
84706
84707
84716
84734
84743
84745
84768
84775
84776
84785
84800
84814
84818
84827
84840
84842
84860
84874
84895
84915
84922
84927
84939
84940
84943
84945
84954
84960
84976
84985
84990
85025
85026
85041
85042
85061
85066
85071
85084
85087
85094
85106
85116
85123
85137
85138
85142
85163
85179
85181
85192
85202
85224
85230
85245
85255
85257
85262
85264
85268
85270
85276
85277
85281
85283
85306
85320
85323
85330
85333
85334
85338
85369
85372
85387
85397
85407
85423
85425
85450
85459
85462
85463
85473
85478
85485
85513
85533
85539
85545
85548
85569
85570
85572
85574
85588
85594
85602
85605
85608
85610
85613
85615
85626
85630
85632
85648
85649
85673
85681
85693
85717
85718
85725
85738
85741
85744
85770
85775
85781
85782
85820
85824
85826
85832
85843
85848
85850
85863
85872
85875
85879
85892
85893
85902
85904
85918
85920
85925
85944
85957
85965
85974
85976
85982
85985
85988
86015
86030
86034
86045
86051
86058
86079
86082
86083
86089
86096
86115
86116
86121
86125
86128
86152
86157
86158
86165
86168
86181
86195
86198
86208
86264
86266
86269
86285
86292
86313
86315
86332
86337
86345
86346
86355
86366
86378
86380
86390
86393
86394
86403
86422
86428
86433
86444
86452
86458
86462
86476
86490
86493
86500
86512
86526
86528
86529
86543
86545
86574
86577
86582
86592
86606
86610
86615
86629
86631
86655
86661
86684
86700
86701
86705
86709
86712
86727
86729
86752
86792
86799
86804
86805
86809
86818
86824
86833
86836
86843
86846
86871
86872
86886
86910
86912
86913
86917
86926
86931
86939
86940
86950
86951
86953
86964
86965
86979
86983
86987
86994
87000
87003
87037
87041
87044
87054
87062
87065
87068
87069
87074
87080
87090
87092
87093
87099
87107
87120
87126
87134
87136
87144
87147
87152
87165
87171
87175
87194
87196
87202
87203
87208
87213
87242
87243
87246
87248
87251
87252
87257
87269
87288
87290
87306
87342
87351
87352
87378
87380
87401
87402
87411
87429
87439
87445
87457
87458
87466
87467
87470
87477
87484
87485
87487
87512
87520
87526
87540
87552
87572
87580
87582
87585
87588
87607
87612
87624
87629
87636
87657
87659
87662
87671
87688
87691
87698
87699
87700
87724
87728
87732
87734
87735
87737
87741
87751
87752
87757
87763
87784
87789
87792
87794
87802
87816
87819
87821
87822
87834
87846
87861
87863
87874
87881
87900
87908
87914
87951
87956
87966
87969
87971
87990
87994
88005
88011
88016
88023
88031
88037
88038
88078
88082
88086
88088
88089
88092
88097
88098
88104
88109
88114
88115
88119
88122
88127
88131
88138
88163
88168
88169
88171
88176
88184
88186
88189
88193
88200
88201
88205
88210
88219
88235
88249
88259
88262
88281
88292
88331
88352
88354
88357
88361
88364
88367
88372
88379
88412
88414
88418
88437
88441
88447
88453
88455
88461
88462
88474
88476
88488
88497
88499
88502
88506
88507
88516
88529
88535
88549
88553
88555
88558
88562
88568
88571
88572
88589
88610
88617
88630
88645
88658
88667
88680
88694
88698
88701
88702
88704
88706
88715
88717
88725
88733
88739
88749
88756
88776
88796
88799
88800
88802
88820
88831
88834
88838
88843
88844
88846
88857
88860
88887
88897
88913
88922
88930
88932
88944
88948
88950
88952
88955
88959
88975
88988
88991
88995
88996
88998
89019
89043
89050
89066
89067
89070
89081
89085
89086
89088
89098
89102
89142
89143
89144
89147
89176
89180
89183
89192
89212
89213
89243
89248
89256
89268
89297
89342
89364
89370
89380
89381
89388
89427
89445
89459
89461
89463
89466
89476
89484
89495
89498
89506
89518
89539
89551
89564
89569
89580
89582
89588
89592
89595
89599
89601
89630
89653
89662
89668
89670
89674
89675
89698
89703
89704
89710
89715
89722
89729
89745
89749
89758
89780
89785
89802
89812
89826
89838
89843
89848
89851
89853
89864
89877
89901
89916
89923
89940
89951
89965
89974
89975
89984
89985
89987
90005
90021
90026
90030
90037
90060
90068
90075
90081
90084
90090
90103
90119
90124
90126
90131
90135
90139
90145
90152
90154
90170
90178
90185
90187
90196
90202
90217
90218
90233
90239
90250
90258
90269
90275
90284
90285
90295
90304
90312
90324
90333
90336
90354
90370
90371
90372
90373
90375
90376
90377
90381
90400
90403
90408
90415
90422
90427
90432
90437
90439
90442
90449
90456
90471
90476
90517
90530
90541
90542
90556
90570
90572
90582
90584
90607
90616
90622
90630
90640
90648
90651
90654
90659
90664
90670
90672
90675
90686
90718
90723
90737
90750
90757
90770
90772
90779
90799
90803
90808
90810
90821
90824
90840
90845
90848
90856
90857
90877
90890
90907
90913
90940
90952
90953
90960
90973
90981
90986
90994
91006
91018
91024
91026
91031
91037
91083
91094
91100
91110
91117
91122
91133
91135
91137
91140
91142
91148
91151
91172
91178
91180
91183
91185
91217
91227
91228
91237
91238
91251
91252
91254
91256
91264
91278
91281
91288
91303
91307
91320
91324
91326
91334
91345
91347
91366
91376
91383
91389
91395
91421
91430
91463
91488
91490
91497
91501
91514
91525
91538
91545
91548
91551
91572
91574
91577
91619
91635
91636
91637
91642
91657
91660
91677
91683
91695
91731
91733
91747
91753
91767
91775
91781
91792
91793
91799
91806
91816
91828
91846
91848
91850
91859
91867
91886
91893
91897
91901
91909
91950
91964
91974
91988
92007
92012
92017
92026
92028
92031
92048
92051
92056
92083
92084
92085
92094
92097
92112
92115
92119
92126
92130
92157
92173
92189
92194
92197
92199
92200
92206
92222
92225
92228
92241
92248
92251
92264
92268
92278
92289
92292
92303
92307
92310
92315
92337
92341
92347
92352
92358
92373
92387
92390
92398
92404
92433
92440
92443
92444
92451
92459
92461
92463
92476
92478
92479
92487
92488
92490
92494
92508
92560
92563
92569
92571
92578
92595
92597
92602
92619
92628
92633
92650
92651
92672
92718
92740
92743
92749
92763
92781
92788
92790
92793
92798
92808
92813
92818
92820
92822
92824
92843
92845
92849
92856
92865
92867
92869
92884
92893
92896
92911
92920
92931
92932
92937
92938
92942
92943
92953
92960
92972
92976
92980
92983
92986
92991
92998
93005
93008
93014
93015
93031
93032
93034
93037
93046
93058
93060
93061
93064
93072
93076
93085
93119
93129
93135
93138
93148
93164
93174
93177
93183
93185
93200
93201
93216
93218
93221
93223
93227
93233
93260
93273
93297
93303
93312
93323
93324
93326
93353
93394
93409
93410
93418
93420
93435
93470
93477
93480
93506
93516
93543
93545
93546
93548
93573
93577
93578
93579
93584
93586
93595
93596
93597
93611
93616
93626
93628
93633
93641
93645
93652
93654
93660
93688
93693
93694
93705
93720
93738
93742
93760
93761
93771
93774
93777
93788
93798
93806
93812
93824
93830
93833
93861
93862
93867
93871
93893
93903
93908
93938
93941
93946
93960
93972
93980
93981
93985
93987
93988
94001
94003
94008
94015
94039
94049
94050
94061
94064
94067
94077
94085
94098
94102
94127
94131
94132
94145
94146
94148
94163
94166
94169
94172
94176
94188
94196
94207
94209
94219
94223
94228
94232
94247
94249
94255
94261
94265
94277
94278
94283
94294
94299
94310
94313
94314
94315
94320
94325
94329
94338
94351
94354
94355
94361
94366
94369
94378
94392
94396
94404
94410
94416
94426
94433
94441
94443
94454
94462
94474
94498
94501
94507
94509
94521
94544
94580
94590
94591
94595
94597
94603
94615
94636
94646
94657
94660
94675
94696
94698
94700
94704
94706
94712
94722
94726
94732
94737
94743
94752
94755
94756
94759
94765
94766
94767
94786
94799
94802
94811
94832
94842
94868
94869
94872
94876
94879
94880
94885
94904
94923
94931
94934
94935
94949
94963
94967
94973
94978
94980
94981
94995
94998
95004
95008
95015
95029
95041
95043
95046
95060
95063
95081
95082
95104
95105
95115
95120
95123
95127
95150
95165
95180
95186
95189
95199
95230
95234
95276
95284
95285
95295
95300
95306
95335
95371
95378
95394
95400
95402
95407
95411
95418
95422
95428
95456
95460
95471
95472
95474
95476
95477
95492
95494
95499
95501
95508
95513
95518
95519
95521
95522
95532
95563
95571
95575
95590
95593
95613
95630
95639
95648
95650
95658
95667
95671
95675
95678
95682
95718
95739
95741
95751
95754
95756
95761
95762
95770
95775
95778
95780
95804
95813
95826
95832
95840
95868
95869
95893
95899
95905
95907
95908
95909
95912
95927
95941
95952
95960
95962
95968
95974
95977
95987
95991
95995
96010
96016
96028
96029
96030
96036
96042
96043
96044
96048
96049
96055
96071
96074
96075
96139
96143
96146
96171
96185
96187
96198
96203
96208
96209
96221
96230
96236
96237
96238
96241
96248
96277
96279
96287
96301
96306
96320
96340
96371
96382
96395
96424
96428
96434
96484
96485
96486
96501
96508
96518
96537
96545
96549
96553
96562
96563
96571
96573
96589
96592
96601
96607
96608
96613
96617
96641
96643
96682
96688
96712
96720
96731
96752
96754
96756
96762
96769
96796
96800
96804
96810
96819
96847
96851
96856
96868
96876
96879
96885
96893
96897
96900
96919
96923
96928
96936
96942
96954
96961
96965
96969
96982
96998
97002
97018
97023
97043
97046
97055
97068
97069
97077
97088
97091
97095
97101
97113
97116
97123
97138
97146
97152
97164
97165
97166
97172
97175
97182
97190
97195
97196
97202
97210
97226
97231
97244
97251
97252
97265
97270
97305
97315
97350
97361
97367
97370
97376
97387
97393
97394
97395
97400
97402
97406
97412
97416
97418
97421
97428
97430
97431
97450
97460
97472
97477
97478
97482
97491
97496
97508
97510
97515
97520
97521
97533
97543
97554
97558
97568
97575
97587
97589
97591
97593
97599
97606
97627
97669
97677
97682
97691
97702
97724
97725
97727
97728
97729
97742
97757
97764
97780
97797
97806
97815
97817
97818
97819
97821
97848
97853
97854
97861
97872
97880
97910
97928
97947
97950
97952
97960
97964
97965
97969
97982
97998
98005
98007
98015
98029
98031
98037
98072
98074
98086
98105
98117
98136
98147
98151
98164
98172
98174
98194
98212
98214
98215
98220
98250
98272
98275
98276
98279
98285
98292
98337
98345
98351
98360
98378
98388
98389
98408
98415
98416
98421
98426
98428
98437
98439
98465
98492
98503
98521
98523
98531
98551
98555
98558
98564
98566
98570
98578
98590
98608
98611
98621
98634
98652
98655
98665
98667
98668
98669
98671
98672
98682
98706
98716
98717
98720
98736
98739
98753
98754
98756
98764
98766
98780
98781
98786
98817
98819
98820
98835
98841
98851
98853
98855
98870
98872
98873
98882
98883
98889
98891
98896
98899
98902
98911
98917
98918
98927
98957
98965
98970
98974
98979
98997
99024
99033
99041
99047
99056
99067
99069
99072
99075
99085
99086
99092
99108
99116
99122
99147
99155
99166
99174
99182
99208
99209
99230
99240
99246
99252
99254
99255
99261
99275
99291
99303
99313
99327
99333
99341
99351
99366
99373
99393
99405
99413
99415
99420
99425
99443
99457
99465
99471
99476
99481
99488
99518
99519
99521
99528
99540
99541
99542
99543
99548
99556
99575
99581
99584
99591
99606
99624
99627
99631
99634
99646
99659
99670
99674
99675
99680
99681
99682
99686
99687
99694
99697
99700
99714
99717
99732
99736
99743
99787
99789
99799
99831
99840
99856
99859
99870
99874
99880
99882
99907
99925
99940
99944
99968
99973
99981
99983
99994
