1100001515
1500020309
0900021902
0200141515
1500030912
1200041911
1101051518
1800141300
0001051702
0202000613
1300010418
1800170117
1700040602
0202021110
1000080008
0800030311
1101081709
0900150212
1200071711
1101150017
1700071004
0400091706
0600160004
0401020905
0500050903
0300091808
0800110219
1900111713
1300041017
1700150501
0100021403
0301011601
0100131503
0302021702
0202081412
1200080519
1901021819
1901040211
1101161112
1200190508
0801020604
0401070509
0901120512
1201090201
0100141012
1201090418
1801021407
0700081303
0302021705
0501000210
1000081610
1001171300
0002171315
1500061805
0501030407
0700181013
1300180002
0202180514
1400011615
1501091218
1801151515
1501101710
1002111913
1301031107
0701101315
1501171700
0003070907
0701130117
1701001912
1201141112
1202001905
0501151302
0203031412
1202020013
1301081703
0302041910
1003010617
1701060106
0601020018
1802020317
1702001702
0203060405
0502111109
0901120800
0004071502
0203080818
1802180704
0401080806
0601021206
0601150005
0502140416
1600080207
0701150904
0402011715
1502001003
0302071211
1102040111
1102101109
0901170803
0302151809
0902071810
1003011617
1702021018
1803010114
1401010714
1401140106
0601161711
1102111402
0204050909
0902101718
1804001405
0502160200
0004111801
0101020302
0204051213
1302041009
0902171209
0903071118
1804060400
0005001912
1202111409
0904000407
0701151409
0904020007
0702030206
0602000715
1502061715
1502161908
0801051201
0101021117
1702131406
0602151608
0801081218
1804080311
1103011301
0101080406
0602170318
1804090515
1503081310
1003011915
1503090106
0602171610
1003021904
0402051511
1103011812
1203111011
1103051110
1003091906
0604050103
0302190012
1203190009
0904191906
0604190517
1702160514
1402081009
0905080210
1003151913
1302111601
0101111708
0801171007
0704181213
1304180417
1702171008
0802011602
0205050105
0503110206
0605010513
1305001717
1703021802
0205090714
1402121413
1305021517
1703030713
1305141412
1204081318
1804100209
0905101003
0303070014
1403020607
0705001300
0006051705
0503130317
1703051611
1103101008
0802080412
1204170105
0504040605
0504080204
0402120806
0605050804
0402130807
0705160915
1503090917
1703111800
0006091813
1306041108
0802140209
0905101803
0303070204
0403050906
0605081702
0205101706
0605101712
1204171002
0205130300
0006151714
1403080014
1403141912
1204190403
0303091919
1901051613
1306141916
1600190518
1804190910
1004161503
0303111201
0102010602
0205130905
0504090907
0706020812
1205051013
1306150209
0906010317
1703181815
1504030212
1205141909
0906070113
1306171900
0007021300
0007021811
1103121400
0007121105
0505090608
0803041409
0906171307
0706031419
1901070318
1805001400
0007130018
1805021206
0605111715
1504111402
0205170412
1206030913
1307111117
1704031809
0906190005
0505190016
1602041814
1403150805
0506010912
1206140417
1704031813
1308000103
0304080619
1903020519
1903130202
0206051210
1004170009
0907041504
0403170318
1805051203
0304090203
0304131414
1404140400
0007141310
1006011105
0506030911
1103131502
0206141317
1705080718
1806020602
0206181409
0907070019
1903181315
1505150308
0803080302
0207051402
0207051519
1904151117
1705081613
1308050318
1806051615
1506000814
1405031109
0907091319
1905040817
1706170012
1206140816
1602151903
0305001510
1006091913
1309010419
1905061508
0803191011
1103171907
0706161009
0907120911
1104031903
0305050217
1706191506
0606021809
0907121112
1206190012
1207121508
0804150202
0208021807
0708021111
1105041614
1405150914
1405160414
1405191617
1708050710
1007101003
0305071801
0102101905
0506081604
0405030013
1309041513
1309191406
0606081013
1310011716
1603061901
0102130310
1007141002
0208021903
0305121619
1905081508
0805060113
1310130409
0907170100
0007141502
0208140802
0209150207
0708130907
0708170218
1806091116
1603080104
0405131005
0506100017
1708110209
0908130818
1809091912
1207151708
0805080716
1603151807
0709001905
0506120302
0209151106
0606171016
1603161115
1506090418
1809141403
0305130816
1604121207
0709020203
0308050419
1906020911
1106020308
0805190605
0506171302
0209180613
1311071705
0507111312
1207180013
1311160200
0007151713
1312131515
1506141805
0507171612
1208161513
1312140712
1208171616
1605111408
0806080101
0102161511
1106061405
0508030707
0709130406
0608020515
1507051105
0508051214
1406060408
0806081302
0210050418
1810021803
0308121105
0508051317
1708151413
1313010007
0710170119
1906101803
0308171500
0008000100
0008061807
0712041411
1106150905
0508141008
0807030803
0308190311
1106151219
1907040501
0102180519
1907140608
0809060406
0608110304
0405191214
1406071203
0309010904
0406151814
1406091819
1908160914
1406181617
1709000609
0908150109
0908191606
0609050816
1605181916
1607031414
1407090907
0713001306
0610100115
1508071708
0809091810
1007160215
1508080318
1810030604
0406160400
0008191118
1810060417
1709140308
0809131300
0010080819
1909050102
0210070605
0508160303
0309130108
0809140018
1810121108
0810051207
0713060904
0407160707
0713141715
1509050704
0407170213
1313040204
0407180015
1509051610
1007190102
0210080917
1710110601
0102180613
1314111711
1106171517
1711000704
0408000807
0714071002
0210130404
0408090601
0103041018
1811010619
1909050903
0309170614
1407101104
0408091312
1209020001
0103080003
0310030610
1008041309
0909071014
1407171310
1008130400
0010150404
0409061917
1711171808
0810060418
1811060218
1811080711
1107010108
0812051515
1509181906
0610150810
1010090015
1510001717
1712000411
1107040417
1712101205
0509031906
0611021216
1607060916
1607061313
1314190215
1510050217
1713070106
0611080911
1107151901
0103130819
1910061201
0103151606
0611090103
0310061713
1315021801
0104071907
0714151912
1209050104
0409120714
1408090508
0813020202
0210181000
0010180411
1107160403
0310100018
1811121401
0105070214
1408161216
1607140904
0409121614
1409131603
0311060412
1209120019
1911050314
1409171706
0612000212
1210070201
0105110512
1210070406
0612131007
0714181701
0106001703
0311090714
1410030701
0106010705
0509061502
0211020708
0813041303
0311130215
1510050904
0410021306
0612131601
0106021012
1210180104
0411020709
0910131902
0211060905
0509160005
0509180110
1010101214
1410050010
1010110110
1010191717
1713111101
0107030316
1608121003
0312020014
1410071508
0813080212
1210180206
0612140813
1315031015
1510060511
1108000511
1108020816
1608141316
1609130508
0813110417
1714080205
0510061905
0510091711
1108061719
1911071717
1714081608
0813161711
1108151611
1108170702
0211090315
1510161015
1510180118
1811151811
1109141716
1611091318
1811170204
0413001309
0910151411
1110100500
0011041107
0715111009
0910191202
0211151311
1110150409
0911001106
0613031303
0312060011
1110181912
1210190819
1912011417
1714101505
0510181914
1410161303
0312061808
0814030703
0312181912
1211081115
1511050210
1011060910
1012031116
1611191803
0313041006
0613120209
0911080305
0511121319
1912020301
0107101014
1410180716
1612040610
1013020709
0912071218
1811170700
0011140816
1612051612
1211121712
1212101415
1511081202
0212040219
1912021901
0108180104
0413090502
0212161007
0715121906
0613131504
0413100111
1111000804
0413110115
1511181704
0414161309
0912141712
1212130217
1714130612
1213041811
1111010805
0511181509
0912150810
1014140306
0613160105
0513050607
0716070517
1714151819
1912071906
0614020016
1612120715
1512051908
0814040605
0513111616
1612160918
1812180215
1513110314
1410181707
0716100602
0213060908
0814061816
1613031405
0514011319
1912110911
1111021701
0108191712
1213050510
1015021003
0313100715
1513120508
0814140914
1411020907
0717000104
0414170716
1613040803
0313111717
1715090016
1613150206
0614050002
0214001013
1315041204
0415011819
1912151708
0814160000
0012110501
0110021710
1015021912
1213090612
1215001714
1411021604
0415020309
0912181108
0814171002
0214050608
0815180814
1412141114
1413020119
1913041017
1716031719
1913041605
0514021414
1413071915
1514021801
0110071712
1215111204
0415041704
0415060011
1111031516
1613150817
1716051011
1111041418
1813010703
0313160211
1111041709
0912191106
0615040507
0717010312
1215120114
1413080019
1913070215
1514140211
1111080909
0914151109
0914151202
0215011211
1111140408
0816071902
0215120611
1112001715
1514161500
0012121018
1813071111
1112071201
0110101811
1112100816
1613180313
1315080407
0717140710
1015081415
1514180811
1113010318
1813190818
1814060015
1514190905
0514121109
0914161111
1113110007
0718000218
1814090013
1315151314
1414151218
1814140301
0111000419
1913071805
0515030200
0012151411
1114050608
0816090417
1716081111
1114141812
1215130705
0515131600
0012180709
0914191014
1415131518
1815010713
1316010312
1215150106
0615061317
1716081403
0314051604
0415131918
1815040603
0314161915
1515171917
1717041606
0615090319
1913170713
1316080719
1914030317
1717100810
1015100902
0215180415
1516090903
0315060213
1316090005
0515180106
0615171202
0216110916
1614131702
0216160413
1317191901
0111010007
0718031303
0315151303
0316091708
0816091015
1516110800
0014010411
1115031205
0516001001
0112030700
0014110910
1015111318
1815041714
1415151815
1516130815
1517011911
1115050415
1517021319
1914050310
1016091306
0616081217
1717130603
0316121916
1614151815
1517130112
1216160408
0816091212
1216170006
0617061918
1815070505
0516110817
1718000216
1614191500
0014121009
0916020805
0518020312
1217021912
1217061118
1815140005
0518040112
1217140511
1115080001
0112081708
0816101519
1916040705
0518120802
0216180602
0217000701
0112160517
1718071018
1815161909
0916030216
1615001517
1718141009
0917161706
0617080812
1218040918
1815171005
0518180307
0718061316
1615051819
1916131318
1816010806
0617160202
0217110900
0015090911
1115110301
0112181607
0718160700
0015121914
1416071511
1117060709
0917191319
1916141713
1318060519
1916191417
1719050104
0415191003
0316181212
1218091912
1219000605
0519000711
1117061817
1719051211
1117070214
1416080815
1517140915
1517160804
0416001807
0718180001
0113101003
0317030616
1616000300
0016090416
1616030418
1816060002
0217140104
0416060115
1517170604
0416180006
0618030212
1219011108
0816151012
1219040918
1816181008
0817070002
0217140915
1518021010
1016140116
1616061118
1816191803
0317060910
1016171618
1817091500
0018020510
1017101415
1518090716
1616070909
0918021204
0418090213
1318160402
0218110509
0918141909
0919001603
0317080516
1616141615
1518170503
0317140306
0618161500
0018030600
0018040513
1318170002
0219001015
1519011214
1416140011
1118060914
1416181518
1817180914
1416191503
0317191705
0519031105
0519060715
1519050708
0817071711
1118071500
0018140308
0818071004
0418190508
0818121100
0018181919
1917030718
1818060300
0019091908
0818161104
0419031416
1616191512
1219091218
1818070218
1818161607
0719080218
1819041518
1819071308
0819041001
0114140210
1017120502
0219060902
0219061907
0719110815
1519090606
0618181213
1319090319
1917120601
0114160601
0117061801
0117101918
1819111005
0519090209
0919071606
0618190214
1417020510
1017161110
1018120818
1819170810
1018150401
0118191505
0519140319
1919180206
0619031010
1019031306
0619100414
1417161912
1219101708
0819160011
1118080307
0719181911
1118121211
1118180507
0719171708
0819070315
1519160506
0619110613
1319161006
0619130712
1219180514
1418130503
0318090703
0319100003
0319191510
1019171918
1819180905
