1400170309
0900020805
0501030609
0900030213
1301130419
1900101913
1301130705
0501041711
1100000004
0400051307
0700100211
1100180218
1800080212
1200041906
0600111703
0300121606
0600190315
1500020004
0401000905
0501051506
0601070608
0800141010
1000190308
0801021705
0501121515
1500061811
1101080715
1500090402
0201030702
0203000415
1500161311
1101130214
1400170318
1800091201
0100001718
1801020314
1400190903
0300140218
1801111302
0203060713
1302090507
0700190219
1901000417
1700031809
0901041702
0204161010
1001101617
1700121403
0300140812
1200141200
0000110012
1201021918
1801131107
0701080407
0701141101
0100101119
1901171017
1700141411
1101161907
0701151412
1201170409
0901051403
0301091813
1303020804
0401171504
0402040411
1102071013
1303060007
0702051717
1701021605
0501170416
1600070707
0702140706
0601080103
0301101207
0703010201
0100160503
0301110704
0402081903
0301131902
0205161118
1801151112
1203000212
1203140007
0703010714
1401050014
1402030117
1701071307
0703091405
0502020102
0206011710
1002080219
1902000814
1402151612
1203181913
1304001712
1203190713
1304011918
1801181602
0206051010
1003111001
0102090716
1601020414
1402181619
1902020005
0502040702
0206100012
1204000212
1204021614
1403051805
0502080114
1404130509
0901110612
1204110618
1804001917
1701180306
0601120908
0802100713
1304111613
1306010512
1204160111
1102100313
1306060801
0102180803
0301191701
0103160802
0206141717
1702060403
0302130504
0403010810
1004021615
1501121219
1903021710
1004101504
0403031911
1102181318
1804081017
1702061508
0802120101
0104090600
0001060907
0704031116
1602120009
0901141210
1004101816
1602150607
0704080408
0802121609
0901141212
1204170602
0206160719
1903050214
1404130710
1004120516
1602151603
0302151403
0302170000
0001190805
0502101103
0303021806
0601121116
1602161806
0601131901
0104110209
0903000119
1903141010
1004181907
0704150105
0503031201
0104111016
1602191918
1804121305
0504040814
1404181717
1702081914
1404191207
0704181416
1603001613
1306140609
0903101507
0705080808
0802131904
0403120605
0504100416
1603161709
0904130409
0905041503
0303131111
1103040015
1501160606
0603021902
0207080419
1904190712
1205000606
0603071914
1405020918
1804170812
1205060014
1405080415
1502100818
1805150104
0403150919
1905160515
1502180007
0706041007
0706050219
1906081310
1005110209
0906001211
1103191918
1806131418
1807000719
1906160004
0404041703
0303190818
1807041919
1906191806
0603150315
1503001704
0404041718
1807171101
0105041304
0404120300
0002061613
1306141515
1503100114
1405121914
1405141906
0603180209
0906040718
1807180406
0604000414
1406051119
1907101609
0906061910
1006000813
1306171512
1205100108
0803010709
0907031812
1205111617
1702131613
1306190307
0708031212
1205150703
0304041805
0504120009
0907141317
1703100108
0803161109
0908011906
0604121908
0804061817
1704141800
0002090919
1907121015
1503161807
0708070601
0105090016
1604091306
0605020615
1504130006
0606060518
1807191014
1406071303
0304160104
0404150613
1307020703
0305010217
1705020107
0709011900
0003031602
0207180006
0606091810
1007190118
1808020501
0105171511
1104161709
0908161500
0003141905
0505061003
0305031502
0208040203
0305120901
0106061107
0709101916
1605051912
1206000319
1907160905
0505130214
1406100509
0909030015
1504191112
1206031717
1705091110
1007190817
1706110211
1105060706
0606150212
1206090412
1207011907
0709191101
0107061917
1707001504
0404161214
1406191800
0004060304
0404181611
1105110401
0107090510
1008041511
1105150807
0710090915
1504191906
0606161402
0208070106
0607051608
0805120009
0909110311
1106000517
1707150400
0004151616
1606001103
0305140900
0006031905
0506060005
0506131903
0305190303
0306190019
1909180104
0405030803
0307040501
0107130308
0806021006
0607121918
1808030913
1307050404
0405101104
0405191517
1708141714
1407051210
1008110313
1307160515
1506140913
1307191318
1808110618
1808120101
0107160109
0909150618
1809031010
1008170712
1207090203
0307061103
0307090604
0406030816
1606071703
0307130413
1308001908
0806180706
0607191401
0107171611
1106071417
1709040710
1009011906
0608080108
0807080913
1309020311
1107170704
0406061409
0910110018
1809050508
0807150203
0308130114
1407160506
0610031819
1909191000
0006061703
0308161805
0506171001
0108060909
0911011113
1309151618
1809071104
0406161917
1709050309
0911031300
0006160914
1408061616
1606171509
0911040506
0610041712
1208121103
0309001611
1108131101
0108181304
0407020012
1208121718
1810021401
0109010600
0006181719
1911040016
1606191104
0407061808
0808080617
1709080102
0208080717
1709131917
1710021103
0309021514
1408111517
1710140004
0407090018
1810100119
1911080917
1710180411
1110010001
0109041411
1110130015
1507021307
0710181801
0109151704
0407131900
0007100100
0009000411
1110150619
1911161702
0209020211
1112001402
0209031508
0808090602
0209100206
0610171711
1112071806
0611000705
0507021504
0407171306
0611021201
0109160507
0711071109
0911041501
0109171415
1507100300
0009160401
0111010505
0508001501
0111031118
1810171717
1711020800
0010010317
1711120600
0010050703
0309051312
1208141616
1607010019
1911181802
0209131419
1912071714
1408130216
1607131715
1507180315
1508000905
0509151914
1409020104
0407171708
0808131512
1208160506
0611141110
1009050416
1608120105
0509160404
0408031709
0911120808
0808181204
0408091514
1409041815
1508111109
0911121010
1010060103
0309111613
1309161819
1912151104
0409010919
1913111803
0309131002
0209160112
1208161202
0209180614
1409061510
1011131311
1112091317
1711180102
0210031310
1012131014
1410030913
1310040510
1013000910
1013030314
1410070810
1013100302
0210070110
1013141405
0510101306
0612131417
1712141907
0711081817
1713050215
1509050105
0510130901
0111160616
1608190300
0010190613
1311091001
0111191508
0808191718
1811151817
1713051719
1913120712
1208190012
1209090708
0808191905
0510160104
0409030108
0809051704
0409030700
0011121606
0612181605
0510180415
1509171803
0309191301
0112080804
0409070303
0310041115
1509190403
0310061002
0212071719
1913121815
1510050405
0511031315
1510050709
0911121705
0511121114
1410120002
0212110206
0612190307
0711111206
0613011719
1913150202
0212121705
0512111016
1609020203
0310151104
0409101212
1209091705
0512141815
1510050910
1013151502
0212131012
1209110415
1510051312
1209151100
0011171104
0409170503
0311090513
1312000712
1210100218
1812101812
1211111212
1211141814
1410171104
0410001808
0809141712
1212010502
0213130014
1411030814
1411050501
0112161313
1312001415
1510190005
0512191112
1212040208
0809171517
1713160709
0911171417
1714000117
1714010718
1812110416
1609070610
1013181418
1812130619
1913160208
0810001502
0215000200
0012080911
1112160002
0215001608
0810060918
1813070504
0410030701
0113121612
1212051112
1212160416
1609190418
1813081809
0912070607
0711170719
1914020906
0613030519
1914140214
1412091203
0311110701
0113181214
1413000908
0810170809
0912110108
0811021101
0114070604
0410181502
0215020102
0215050308
0813071807
0712011314
1413121500
0013011408
0813131713
1312040617
1714130911
1112181510
1014021414
1413171004
0411001708
0814021106
0613131502
0216031202
0216080105
0514051103
0311130716
1610010508
0814141507
0712051605
0514080711
1113140403
0311131609
0912170505
0514160200
0013040309
0913031204
0411170210
1015050109
0913100703
0311161606
0613180401
0114100115
1511020110
1015150811
1113160903
0311171001
0114141315
1512141916
1610121215
1512160204
0412040313
1312051505
0514181616
1611010917
1714191603
0312091913
1312140803
0312191815
1513190813
1313030909
0913161214
1414000210
1016070618
1813170204
0412041409
0914030707
0712121817
1715020209
0914071414
1414080804
0412050611
1114110214
1414100816
1611141107
0712190208
0814180214
1414140700
0013050108
0814181916
1611170818
1814031103
0313021118
1814110108
0815010504
0412160408
0815080414
1414151108
0816041513
1313101913
1313110415
1514040305
0515081910
1016100704
0413091919
1915021110
1016111614
1415051816
1611181010
1016120707
0713171903
0313101519
1915141011
1115121914
1415100413
1313121415
1514051000
0013180604
0413121717
1717011911
1115161912
1212190418
1814190412
1213040406
0615020217
1717030310
1017071609
0914131216
1612110504
0413160204
0413161307
0714180111
1117000919
1916131715
1514111919
1917061011
1117090411
1117180004
0413171502
0216081119
1917090117
1717031105
0515101008
0816051802
0216130001
0114160017
1717050514
1416050700
0014070211
1117190512
1213061206
0615111813
1313150212
1213091717
1717100302
0216130803
0313190916
1612121401
0114181517
1717170508
0817090703
0314070313
1314060108
0817121702
0216161914
1416180505
0516031309
0914151714
1417011408
0818010416
1612190305
0516081818
1815041709
0915011909
0915090318
1816121009
0915180708
0818060712
1213100404
0413181804
0414051805
0516121704
0414060507
0715030502
0217031319
1917131415
1514191716
1613080211
1118001201
0115000514
1417030612
1214011913
1314061601
0115031904
0414081018
1816190809
0916050519
1917181605
0517020706
0616011800
0014111504
0414111605
0517111015
1515151304
0415000501
0115141903
0314100705
0518060302
0218031612
1214031405
0518111510
1017121913
1315011003
0315081906
0617001102
0218051213
1315011301
0115151514
1417051700
0014170800
0015111513
1315080105
0518130800
0015170918
1817091317
1718000610
1018011409
0916061100
0015181202
0218090304
0415011306
0617171109
0916091501
0116061604
0416051707
0715130610
1018020516
1614100803
0315131114
1418020704
0416061304
0416120208
0818080700
0016011102
0218100312
1214191900
0016171601
0116080301
0116090004
0417041811
1118050607
0716001101
0116091601
0116131903
0315141400
0017041109
0916180609
0917091403
0316130303
0316160116
1614190005
0518150102
0219030811
1118060009
0917161411
1118141802
0219051004
0417101702
0219091710
1018131906
0618010215
1516040016
1615010902
0219130909
0918020907
0716060509
0918171600
0017061701
0116141714
1418031315
1516041104
0417161418
1818091303
0317031204
0418091903
0317051404
0418101019
1918041612
1215130115
1516180412
1216170609
0918190112
1216181009
0919041007
0716070104
0418101414
1418150509
0919061916
1615020719
1918141319
1919040306
0618090715
1517120601
0117021305
0518171900
0017080800
0017111104
0418131511
1118170913
1315101418
1818150116
1616151010
1018191815
1517160212
1217001117
1718010215
1518040107
0716170800
0017161312
1217170119
1919080117
1718030700
0017181114
1418160904
0418141219
1919110918
1818150215
1518051107
0717061801
0117130501
0117160708
0818170107
0717150515
1518120415
1519041805
0519001615
1519051408
0819000618
1818191306
0619050107
0718181014
1418180214
1419091901
0118130808
0819000905
0519101608
0819010513
1316030208
0819090416
1617030904
0419011104
0419091308
0819181400
0018091705
0519191609
0919110709
0919100100
0018100701
0118160708
0819191503
0317191412
1218051202
0219141500
0019011119
1919121113
1318001400
0019021512
1218120301
0119031414
1419101203
0318150119
1919170903
0318161903
0319080413
1319000804
0419151714
1419110817
1718111116
1618091707
0719091801
0119161612
1218191916
1619040418
1819110001
0119191803
0319081517
1719051311
1119031117
1719051817
1719130516
1619071516
1619110010
1019130003
0319171214
1419121810
1019030616
1619150718
1819191201
0119190312
1219130812
1219171602
