1900031110
1000191605
0500080604
0400091206
0600040914
1400021915
1500030717
1700030713
1300001307
0700091913
1300080207
0700161603
0300081305
0500081009
0900020507
0701141517
1700050113
1300130511
1100081903
0300101208
0800000907
0702000705
0500090610
1001100400
0000001103
0300140311
1100100904
0402031705
0500131011
1100101601
0100030905
0500160505
0501021506
0600151007
0702141602
0200011702
0200021818
1800061707
0703011813
1300160918
1802000819
1900040700
0000181305
0501080610
1002041906
0600161015
1500110112
1200000617
1700080314
1400090001
0100161001
0101031109
0901140907
0703041807
0703141615
1500171105
0501120308
0800021411
1101111718
1802090612
1200011106
0601020703
0300180511
1101150705
0501140917
1700080614
1400131211
1102150205
0502000204
0402120701
0101031818
1802101505
0502010510
1002051818
1802110019
1900070315
1501000817
1700151713
1301151712
1200041315
1501041206
0601041219
1902060207
0704030507
0704040607
0704071612
1200190103
0301011608
0800060902
0200051417
1701021112
1201090318
1802130102
0201010903
0302160202
0201061205
0502061207
0704111303
0302160506
0601091518
1802151800
0001000912
1201091413
1302151307
0705011903
0303000114
1400170016
1600051211
1103040206
0601140505
0502190012
1201141210
1002060202
0201100810
1003160707
0705030217
1701021200
0001170202
0202060909
0901151917
1702001519
1902071403
0303060801
0101090600
0001171210
1003191810
1004010202
0202121400
0002000809
0901160304
0402171319
1902121219
1902131406
0601181619
1903050319
1903070910
1004021503
0303181205
0503091904
0405010017
1702061019
1903091906
0602011415
1501081400
0003091005
0504050401
0103031708
0800080904
0405100902
0202130009
0901191113
1303030306
0602030412
1202001009
0902010415
1502011610
1004031918
1803010419
1903151717
1702071417
1702110601
0103100509
0902050505
0504090901
0104001113
1305131912
1202081409
0902141515
1502150419
1904021202
0202171700
0003131318
1803040610
1004041805
0504170201
0104041207
0706031315
1502160602
0203060015
1503030602
0203070001
0104090706
0602040200
0003150212
1202190606
0602101515
1503050809
0903050815
1503061716
1600110111
1103040514
1401101811
1104090319
1904080710
1004091210
1004151600
0003151007
0706121806
0603010609
0903120606
0603140511
1106040016
1600130708
0801171708
0802041312
1203041103
0304141114
1402040906
0603151614
1402130105
0505040519
1904141306
0605010002
0203150508
0802070518
1803160109
0904050309
0904111905
0505131510
1005080406
0605090718
1803180601
0104140607
0706141308
0802150703
0304141815
1503071409
0904180116
1601031303
0304191307
0707081003
0305031806
0605170412
1203041919
1905030600
0003160918
1804010411
1106041105
0505180602
0204121414
1403030204
0405110616
1601071008
0803100611
1106091211
1106110218
1804110919
1905051012
1203081119
1906030803
0305040900
0004001714
1403111315
1504040106
0606021502
0204171701
0104150303
0305170209
0904190619
1906170517
1702111201
0104170515
1504151502
0205101515
1504180118
1805190200
0004010607
0707081912
1205051712
1205080511
1106181519
1907111613
1305161118
1806090809
0905101317
1703010400
0004140406
0607121716
1601171915
1506190612
1205091316
1603000611
1107060018
1807000509
0906011411
1107061914
1404110111
1107120619
1907191503
0305171817
1703160512
1206050511
1108051911
1108080017
1704071812
1206051313
1305180609
0906120908
0803120405
0506050903
0306150917
1704111201
0105001300
0004141902
0205171312
1207191911
1108081000
0005120018
1807071310
1005111515
1507001811
1108141406
0607150008
0803131512
1208000710
1006111814
1405051107
0708011015
1507021303
0307131904
0406161805
0506121317
1705160316
1603041618
1807100613
1306161318
1807110313
1307070017
1705171215
1507080515
1507081201
0105130719
1909140512
1208010705
0506191905
0507011905
0507020210
1006140708
0804161114
1405131607
0708011204
0406171219
1909160201
0106010411
1108151303
0308071918
1807121201
0106040516
1603100009
0906190308
0805100305
0507080505
0507090818
1807140803
0309010711
1109060916
1603151611
1109100017
1706011616
1603170402
0205171707
0708140710
1007051015
1508030207
0708161712
1208081212
1209080816
1603171010
1007141019
1910020609
0908061106
0607181008
0806031812
1209111110
1008090910
1008100515
1508050106
0609001614
1405190015
1508080919
1910091109
0908140702
0206040712
1210011713
1307190603
0309061606
0609020019
1910101612
1210121403
0309141513
1308040912
1211031609
0909050413
1308100203
0310021419
1911040314
1406141602
0206161606
0609080019
1911191007
0709041707
0709121003
0310080412
1211040206
0609110417
1706060805
0507141716
1604001618
1807151113
1308111705
0507151500
0006010303
0310150706
0611020510
1008120504
0407071115
1508091601
0106071407
0710081312
1211121510
1009040517
1706070708
0806040814
1406160408
0806141316
1605051605
0507170918
1807171405
0508100211
1109131013
1308170402
0207061616
1605080800
0006080507
0710161008
0806170008
0807021314
1407160605
0508131703
0311001002
0207090001
0107001200
0006180609
0909110308
0807061202
0208151214
1407170901
0107001409
0909170305
0508191810
1010000712
1212071201
0107040407
0711010616
1606121011
1109141616
1609080909
0909171711
1109141801
0107101419
1912040301
0107120000
0007140815
1508170807
0711050015
1509101607
0712120917
1706141019
1912091318
1808161408
0808051209
0910021415
1510180808
0808060512
1212121907
0712160605
0509011802
0209000811
1109151009
0910071800
0008101802
0209091115
1510191309
0910100413
1310111902
0209100609
0910191715
1511030701
0108150315
1511181503
0311121709
0911010905
0509110009
0911041605
0510020417
1707100512
1212180507
0713041705
0510021609
0911051510
1010140800
0008140317
1708131902
0209111902
0209120314
1408100302
0210010517
1708190519
1912170101
0109171017
1709131610
1011030210
1011091910
1011110515
1512021113
1310171812
1213130307
0713051611
1109190305
0510030515
1512040209
0911161511
1110001914
1408191114
1409000412
1213190501
0110020202
0210061807
0713111710
1012020610
1012141918
1809120203
0311150202
0210110102
0211121104
0407140813
1311001414
1409031407
0713181100
0008151817
1709161605
0510110001
0111020718
1810051210
1012160517
1710150801
0111060618
1810140209
0911180100
0008181110
1013021113
1311100101
0111061108
0809030006
0611030915
1513080801
0111130913
1311111011
1110151409
0912160204
0407151408
0809051005
0510161212
1214071513
1311160209
0913030412
1214120516
1609090615
1514010315
1514041619
1912190301
0112051911
1111050604
0408010718
1811051908
0811190115
1514070202
0211190712
1215181906
0611100015
1514130616
1609121506
0612161217
1710190817
1711000806
0612180200
0008191318
1811081605
0510171104
0408050508
0811191806
0613061219
1913021011
1111141100
0009021718
1811091905
0511021519
1913101315
1514170718
1811111307
0714020011
1111160318
1811131209
0913090513
1313051118
1811161405
0511160706
0613090705
0511170903
0311181106
0613171715
1515120003
0312070814
1409151716
1609170505
0512031115
1515121907
0714061804
0408121515
1515190007
0715020302
0212030011
1112111618
1811170410
1013071705
0512040016
1610121914
1410101711
1112161311
1112181616
1610130016
1611071903
0312101016
1611081510
1013110214
1411020003
0314010401
0112141309
0913120515
1515191005
0512050217
1711180104
0408171814
1411090505
0512120200
0009060608
0813030513
1313090108
0813040100
0010031701
0112181915
1517001415
1517040314
1411110106
0615011219
1913110515
1517070605
0512131416
1612041500
0010120204
0408181905
0513051417
1712081719
1913140108
0813101400
0011140710
1013151201
0113000613
1314041705
0513060519
1913170407
0715070706
0616101715
1517071500
0012170619
1914121102
0212150905
0513121510
1014051410
1014071218
1811170505
0513140913
1314051815
1517181910
1014131008
0814061401
0113060819
1915051711
1113071007
0716120003
0314030814
1411120908
0814061714
1411160505
0514021318
1811181914
1412110318
1812081108
0814130904
0409050413
1314100518
1812181603
0314190910
1014131019
1916051703
0314191900
0013011117
1712101516
1612130703
0315011701
0113101612
1216121003
0317081618
1812181908
0814150009
0913131900
0013051512
1216141011
1114000716
1612140114
1413130106
0616120205
0514110306
0616130207
0716130400
0013081114
1414010011
1114041811
1114110508
0815040006
0617011610
1015070708
0815080006
0617060115
1518010301
0113110619
1916131614
1414061611
1114151004
0409160009
0915051505
0515141106
0617071704
0410041406
0617181204
0410041903
0317120213
1314101114
1414081805
0515170906
0618051613
1314111318
1813190016
1615011310
1016040915
1518060417
1714031107
0716181918
1814071405
0515171801
0113190013
1314181211
1114160204
0410161701
0114121702
0213100714
1414090704
0412020808
0815150208
0815150212
1216141116
1615041714
1414120115
1518120018
1814081216
1615111918
1814120007
0717071614
1414140916
1615191601
0115101810
1016041203
0317130217
1714131209
0915111717
1715160804
0412191814
1415020816
1616030809
0915170316
1616040617
1716060404
0413020501
0115140119
1917090504
0413160210
1016120814
1415041918
1814140806
0618110701
0115191209
0915190900
0013131205
0515181918
1814141306
0618121004
0414021716
1617071605
0516010514
1415150818
1815030405
0517190200
0013140309
0916051214
1415170000
0013140314
1416061000
0013150201
0116021617
1716101014
1416130000
0013180001
0117141610
1016161406
0619000212
1217030212
1217090913
1316050313
1316050707
0717080705
0518140413
1316140410
1016181709
0916110208
0815160614
1416141807
0717091608
0816191708
0817111607
0717101019
1917090809
0917071102
0214150913
1316151614
1416191403
0317171609
0918010316
1617090815
1519091313
1317001304
0414120313
1317070118
1815061001
0117160509
0918051404
0414120710
1017040706
0619001010
1017051413
1317141404
0416060510
1017060308
0817190113
1318031410
1017090801
0117170510
1017091512
1217151017
1716121504
0417010110
1017111709
0918080211
1114160905
0518141717
1717070401
0118131801
0119001518
1816071000
0014011402
0214191812
1218110717
1717071611
1115081102
0215000406
0619040812
1218171904
0417010812
1219011300
0015180702
0215141204
0417101017
1717170102
0216021311
1116030911
1117100003
0318000513
1318051416
1617150514
1416191903
0318121409
0918140605
0519010505
0519021207
0718041417
1718110017
1719180610
1018010810
1018030306
0619090910
1018041112
1219091103
0318191815
1519121403
0319010005
0519041100
0016091114
1417071016
1618171514
1417090902
0216091514
1417191119
1917101014
1418031002
0216100707
0719101802
0217130800
0017030605
0519080502
0218040314
1418061108
0817190810
1018061302
0218070119
1918121104
0417151712
1219091510
1018170808
0818100419
1918130602
0218081107
0719111316
1619121001
0119051601
0119161108
0818130119
1918161400
0019070814
1419001711
1117100502
0219001214
1419001909
0919050711
1117130818
1816190410
1019010218
1817010004
0417160018
1817190709
0919151719
1919031711
1117140111
1118161808
0819021318
1818080013
1319070918
1819140703
0319070411
1119120911
1119171114
1419080904
0418080008
0819031510
1019150609
0919171909
0919161211
1119171316
1619151812
1219111812
1219121308
0819041714
1419141400
0019111802
0219080814
1419170207
0719171007
0719121713
1319110705
0519130800
0019120004
0418140803
0319090619
1919081904
0418180008
0819070415
1519180611
1119190312
1219150708
0819110512
1219140601
0119190410
