1800040415
1500090703
0300111308
0800021905
0500020414
1400101814
1400161207
0700021515
1500110405
0500050419
1900040613
1301000614
1401071817
1700171712
1201001003
0300150902
0200051408
0800081107
0700041514
1401100612
1201041211
1100091004
0400061514
1401140211
1100091518
1800081002
0200121518
1800130002
0201031912
1201110308
0800160517
1701070004
0400061717
1701131505
0500051411
1100101306
0600040417
1701161203
0302001218
1801000008
0801010816
1600071709
0902071608
0801171618
1801040907
0700060902
0201181814
1401141911
1100130009
0902131719
1900100815
1500121700
0001081117
1702070010
1000141202
0202060607
0700090912
1201131605
0500100711
1100130016
1600100114
1401160300
0001100015
1500141818
1801091606
0600091118
1803081611
1100190811
1101050814
1402030803
0302111005
0501030112
1202000705
0501080413
1301021811
1101141714
1402160308
0802171215
1500181719
1901070816
1600161319
1901081018
1804010605
0501110506
0601011705
0502100117
1702101815
1501010016
1601000418
1804011105
0502140803
0302170005
0502141018
1804030513
1301031410
1000151504
0400170012
1202060513
1301130418
1804111616
1601061515
1501081111
1101160400
0001180217
1702160002
0202160913
1301150204
0401071805
0503000612
1202171111
1101191904
0401160702
0203021100
0002070805
0503001104
0401180317
1702171311
1102030602
0203041600
0002130213
1301171417
1703100519
1901140310
1000170201
0101011815
1501090315
1501140603
0303020913
1302030708
0803031314
1403031212
1202171206
0601060209
0903011900
0002131814
1403171414
1403171703
0303190403
0304020310
1001061004
0402001010
1001080114
1404120118
1804180019
1901191102
0203090419
1903190706
0601091616
1601190505
0503131105
0503131118
1804181501
0101091117
1704041815
1503010511
1102031319
1904050918
1805021104
0402021318
1806001208
0803100808
0803100816
1602010105
0503161515
1503030702
0203121514
1404121902
0203140113
1302061119
1904071205
0504000614
1404131900
0003050613
1302100503
0304071402
0204101813
1302160610
1001080909
0903061208
0803151608
0804031704
0402050317
1705001712
1203020801
0104030512
1203021018
1806030612
1203031602
0204110507
0700181710
1002110100
0003171501
0104031012
1204000112
1204100012
1204120719
1904101611
1102050208
0804060108
0804081508
0804181714
1404171106
0601110403
0304081815
1503041214
1405001209
0903070505
0504050517
1705030117
1705171302
0205060604
0402150503
0304091519
1904110000
0004051018
1806050619
1904131103
0304171601
0104051916
1602011803
0305021714
1405160012
1205110310
1002161209
0904051702
0205070103
0305030702
0205070512
1205120311
1102121314
1406000410
1002191717
1706011005
0504080819
1905091503
0305101414
1406030800
0004130705
0504110818
1806131604
0403001513
1303000301
0104071912
1205131116
1602021808
0805010404
0403091817
1706110008
0805061805
0504141207
0701001308
0805101614
1406170412
1205191912
1206030004
0403120917
1706190119
1905151315
1504051701
0104101316
1602091207
0701001409
0904071107
0701040114
1407001709
0905111210
1003000804
0403130619
1906000711
1103000619
1906020018
1806141419
1906020106
0601131618
1807071213
1303011110
1003031916
1603050100
0005010009
0906031005
0504171411
1103180501
0106171713
1303041113
1303160019
1906170105
0506011503
0305111606
0603080614
1407191310
1003051017
1706191605
0506020603
0305160908
0806120906
0603100111
1103190908
0807071806
0603111817
1707071205
0506070603
0305180718
1807081500
0005180419
1907001314
1408131203
0307071015
1504070311
1104001508
0808031206
0604000201
0107020015
1504090911
1104021506
0604120213
1306100805
0506140802
0205080109
0906031010
1003090011
1104060215
1504110214
1408160903
0307080308
0808051613
1309021713
1309110313
1309130207
0701051504
0403160015
1504130912
1206031509
0906060016
1603091412
1206060705
0506171805
0507130018
1807160402
0206081711
1105051602
0208021812
1206110010
1003111218
1807181014
1409030818
1808021907
0701151318
1808130519
1907120409
0906151018
1809051310
1003131708
0808131400
0006090709
0907040713
1310000014
1409071508
0809060510
1005041412
1206140319
1907190918
1810020018
1810060714
1409180003
0307110413
1310010407
0702100603
0307180206
0604151408
0810000606
0604190612
1207121205
0508091814
1409180816
1604021900
0006091314
1410140519
1908010503
0309000409
0907071104
0404010504
0404080216
1604030506
0605010011
1105110708
0810001419
1908020017
1707180015
1504150711
1105141610
1005121907
0703051509
0907131519
1908040701
0107170005
0508150212
1207141717
1708031105
0509030908
0810031708
0810160316
1605050216
1606020011
1106071906
0605091801
0107181012
1207171104
0405021509
0908010414
1411060703
0309141404
0405050105
0509041013
1310160116
1606081817
1708131817
1708141614
1411061104
0405081705
0509050216
1606141912
1207181606
0605181504
0405110612
1208030007
0703080110
1006100610
1006171507
0704141513
1311070302
0208070402
0209050510
1007101505
0509091511
1106090107
0704171816
1607000317
1708161409
0908040604
0405111410
1007141508
0811040210
1007150311
1106171215
1505110003
0310020410
1007161119
1908050213
1311170302
0210041906
0608020006
0608101307
0705190012
1208171402
0210140012
1210020304
0405170204
0406001202
0210171709
0908081312
1210080014
1411070701
0108151214
1411191716
1607030510
1007161205
0510020005
0510041718
1810090109
0909081202
0211160905
0510061617
1709010402
0212031300
0006171216
1607101614
1412081503
0310160414
1413091407
0706001910
1008000002
0212061706
0608120519
1908060500
0007090215
1505130508
0811040217
1709150001
0111011501
0111020417
1710021714
1413101204
0406061215
1506031018
1810150617
1710030411
1107030508
0811070316
1608110614
1413150712
1210130105
0510100017
1711021512
1210171815
1506080711
1107110911
1107150314
1414131600
0007191203
0311011419
1908090200
0008070105
0510121417
1711071002
0212191811
1108011015
1506130610
1008020006
0608140316
1608160209
0909150911
1108100307
0706040205
0510151014
1415051617
1711081312
1211040116
1609001616
1609021319
1908111002
0213071716
1609160103
0311150312
1211091211
1108150404
0406070215
1506151719
1908140819
1908180904
0407121711
1108180511
1108181919
1909001606
0608181411
1108191711
1109191511
1110021606
0609080416
1609190511
1110061214
1415061704
0410050611
1111011912
1211131004
0410070600
0008071718
1811041316
1610021903
0312020000
0008120705
0511010818
1811071504
0410130015
1506161602
0213090512
1211151716
1610030307
0706081013
1311171700
0009030511
1111130715
1506191506
0610021608
0811131312
1212061602
0213091701
0111070418
1811081602
0213110211
1111190912
1212140718
1811191111
1112100619
1909070609
0909161817
1711110709
0909180510
1008081415
1507120413
1312120305
0511080610
1008161314
1415151704
0410131505
0511091619
1909080407
0706081415
1507141406
0610041211
1112140105
0511130813
1312170114
1415181003
0312091319
1909100212
1213020913
1313060019
1910101504
0410140504
0410181604
0411160210
1009050101
0111130916
1610070512
1213090208
0811140717
1711150405
0511150900
0009081513
1313131412
1214080918
1812131317
1712061810
1009120701
0112101601
0112150603
0312091600
0010101803
0313041111
1112140904
0411161405
0511181517
1712130603
0313071204
0412040408
0811151812
1214101719
1911120617
1713090803
0313091317
1713091814
1415191912
1214131219
1912101411
1113001818
1813081615
1507171717
1714031801
0113041219
1912121210
1010181118
1813120715
1509010111
1113020401
0114021007
0706121419
1912151513
1313151906
0610140211
1113060510
1011070218
1813160013
1314010007
0707000614
1416141400
0011020107
0707021611
1113080918
1814080703
0313150815
1509130511
1113111012
1215040100
0011020404
0412071719
1912180007
0707130806
0610181911
1113121311
1113180908
0811191800
0012040106
0611080116
1610180101
0114070713
1314091002
0213150406
0611090118
1815021201
0114170211
1114031912
1215040117
1714061613
1314151107
0707180505
0514061406
0613151117
1715090019
1913050715
1512090110
1011101502
0214050014
1416190804
0412110006
0613190202
0214050907
0708080500
0012151114
1417001708
0812091218
1815041105
0514070809
0910110119
1913051907
0709061515
1512171510
1011120617
1716020300
0013021911
1114080300
0013061814
1417040705
0514091005
0514100207
0709130314
1417140405
0515121007
0710151517
1716131506
0614001411
1114120206
0614030719
1913120414
1417180706
0616060219
1914100307
0710180216
1610181717
1716141004
0413041205
0515131912
1215041004
0413091403
0314091711
1114130413
1315071205
0515151810
1012011704
0413141409
0912181813
1315131213
1317040203
0314091903
0315031110
1012100608
0812150700
0013121114
1418001404
0413190018
1815120814
1418050605
0516071216
1611131515
1512180212
1215131000
0013180402
0214131817
1716170110
1013021306
0616061516
1612011314
1418151604
0414041508
0812151511
1115010205
0516111708
0813090704
0415020413
1317060006
0616101107
0711041501
0116160118
1815180001
0116181407
0712051511
1115161300
0016110416
1612071619
1914111708
0813141009
0913030315
1513010106
0617050401
0116191203
0315080314
1419001917
1717130008
0814151104
0415021611
1115180207
0712170013
1317190207
0712171502
0215011103
0315180003
0316020812
1215170204
0415111019
1914150702
0215061215
1513100519
1915091518
1815191010
1013121115
1515021804
0415121502
0215150517
1718161014
1419020516
1613040016
1613070808
0814180215
1516030011
1116030711
1116070616
1613131207
0714020607
0714091610
1013141208
0814191810
1014001819
1916020315
1516031906
0617181802
0216000019
1916021616
1614071805
0516120817
1718170908
0815181512
1215190612
1216050903
0316051309
0914091618
1816090711
1116080518
1816141107
0715031604
0415180619
1916100618
1817040502
0217000011
1117060318
1817080610
1014021812
1216051002
0217010019
1917100216
1614190415
1516061110
1014050401
0118041604
0417051006
0618051904
0417191905
0517130603
0317110611
1117081704
0418170802
0217010207
0715161616
1615051613
1318001802
0217061814
1419020603
0317150319
1917111105
0517180805
0519090412
1217090207
0716010810
1014110417
1718180816
1615081101
0118080718
1817141713
1318061400
0017051919
1918071509
0915091212
1217110500
0017071212
1217171114
1419031718
1818021900
0017120212
1217180519
1918090315
1516151010
1014151702
0217090212
1218041118
1818071000
0017160006
0618101502
0217150018
1818181513
1318130916
1615121309
0915171315
1516160017
1719051910
1015060804
0419121805
0519150709
0916171110
1015111711
1117190000
0018111602
0217160615
1516161310
1015150601
0119081216
1616060910
1016070702
0217190415
1517101612
1218160908
0816020300
0018170708
0816140909
0917001115
1518070103
0317170811
1117190518
1818181908
0816141207
0716041908
0817150416
1617040904
0419130318
1819000904
0419150508
0817190502
0218071704
0419181811
1118010000
0018190908
0817191413
1318150008
0818080808
0819001816
1617070718
1819020606
0619090419
1919000711
1118021401
0119171817
1719170102
0218141516
1617191000
0019030811
1118040612
1219000612
1218170507
0716090311
1119110318
1819060511
1119121108
0819060416
1618031110
1018021414
1419070009
0917020918
1819080419
1919021702
0219170615
1518081010
1018071003
0318080805
0519181218
1819100513
1318191803
0318151319
1919030108
0819101013
1319151216
1618101316
1618111908
0819181908
0819130519
1919051516
1619111519
1919191313
1319171100
0019101013
1319051806
0619151207
0718061407
0719070114
