1400140910
1000040409
0900010705
0500060202
0200120304
0400081012
1200160208
0800011007
0700011502
0200141315
1500010202
0200170610
1000150819
1900161808
0800061600
0000111503
0300020001
0100120708
0800121003
0300110609
0900041102
0201100711
1100090911
1100150308
0800130709
0900060411
1101121500
0001110414
1402020303
0300120315
1500111712
1201141200
0001150704
0401070512
1202050105
0500080004
0401191210
1000151307
0700121507
0700141300
0003000307
0701020816
1600020618
1800020512
1202161004
0402021319
1900181604
0402040019
1901000903
0300181401
0100171508
0800141410
1001090414
1402021208
0800181801
0100181213
1300150216
1600020713
1301080407
0701031608
0801120618
1800111102
0201140008
0801130209
0900080310
1002051605
0500090112
1203011612
1203030005
0500110611
1102110011
1103011719
1901100607
0701120313
1301110713
1303071903
0301100411
1103070801
0101001513
1303130311
1104031017
1700030118
1800111313
1303191505
0500180902
0202010304
0402081912
1203031006
0600161511
1104091009
0900150108
0801190402
0202071211
1104171303
0301111901
0101020217
1700050008
0802020005
0500180916
1601030708
0802151913
1304160819
1901170603
0301161606
0601000508
0803031614
1402070902
0203020317
1700100215
1500150707
0701141215
1500191510
1002151703
0302041107
0701141318
1800130217
1700151507
0701161008
0803090719
1901170910
1002171818
1800190614
1402081518
1801050900
0003001310
1003170317
1700160000
0003100318
1801091507
0701190010
1004121618
1801111109
0901120411
1105051213
1304191401
0101041710
1004191503
0303001402
0203031605
0500191500
0003111413
1305101103
0303011919
1902051909
0901131712
1203041112
1203101715
1501161505
0501120912
1203180801
0101120309
0902020414
1402130917
1700161401
0102060916
1601050106
0601081211
1105151219
1902160309
0902031118
1803001012
1204170602
0203101309
0902110907
0701191608
0803101413
1305110416
1601070614
1402141812
1205001219
1903061906
0601091611
1105190910
1005181414
1403041211
1106071903
0303131305
0501190208
0804000108
0804040211
1106141912
1205080202
0203130411
1106151700
0005050105
0502051616
1602040611
1107020912
1205080609
0903060808
0804090417
1701091006
0602140607
0702051602
0204031715
1502010103
0304131501
0103000704
0402121711
1107041617
1701110108
0804130414
1403130202
0204120407
0702060016
1602170306
0602170210
1006090300
0005130109
0903100915
1502170701
0103011814
1404041307
0702171308
0804161816
1604100816
1604110115
1503030214
1404161203
0304161409
0903140718
1803001105
0502061613
1306111117
1702041214
1405061715
1503030414
1405081807
0702171518
1803021202
0204141612
1206011202
0204190403
0304181112
1206060207
0702180015
1503150315
1504080214
1405181805
0502140217
1702180304
0402150012
1206120110
1007090109
0903180317
1704000401
0103071406
0603011717
1704130206
0603070903
0305060010
1007090110
1007160813
1306180316
1604130817
1704140916
1604131604
0404091408
0805010103
0305090810
1007190804
0404110718
1803030717
1705020701
0103160701
0104020808
0805120002
0205000118
1803191602
0205010018
1804001414
1406040806
0603120407
0702181518
1804111408
0805130501
0104111315
1504090601
0105161002
0206120401
0105181615
1505011314
1406091901
0105191316
1605111019
1904010301
0106020804
0406101109
0904101104
0406170802
0206150015
1505070700
0005160908
0806001219
1904011810
1008140808
0806010500
0006070711
1107050105
0503020705
0503020815
1506141801
0106031919
1904071600
0006090415
1506151505
0503081304
0406190607
0703000611
1107050114
1406131108
0806111604
0407171408
0806140612
1206171018
1805031603
0305110618
1805140506
0604001613
1307031216
1605140807
0703041618
1805190315
1507040205
0503090702
0207090811
1107080916
1605151900
0006121410
1008151707
0703170618
1806050507
0704120710
1009001717
1705071517
1706130812
1207021317
1706150115
1507051218
1806050913
1307141717
1706170305
0503120111
1107140913
1308121408
0807021119
1904120006
0605060716
1606011005
0504011513
1308140103
0305121500
0006151101
0106121313
1308141105
0504120612
1207070000
0007070007
0704191613
1309031404
0408051914
1406141507
0705090109
0904111212
1208061113
1310060409
0905050718
1806080102
0207121914
1407021914
1407061005
0505081201
0107020917
1707170508
0807040402
0207151608
0807191116
1606060019
1904170001
0107060316
1606061501
0107080600
0007131007
0705131302
0207171615
1507061404
0408180513
1310130007
0705151202
0208031808
0808101711
1108010419
1904170002
0208121712
1209000910
1009041808
0808140914
1407171811
1108120611
1108150616
1606080112
1209060018
1807011412
1209071819
1905011401
0108011113
1310141301
0108070718
1807031814
1408020911
1109020512
1210140107
0706011802
0209041018
1807160118
1808040002
0209171209
0905071701
0108181306
0605081500
0009060703
0305130303
0306031902
0210061710
1009101216
1606161401
0109041818
1808160214
1408040702
0210170605
0506021816
1607011105
0506090714
1408041515
1507101009
0906011306
0605100607
0706160418
1809141710
1010130602
0211181907
0706191004
0409000204
0409081202
0212060614
1408080518
1809171100
0009181001
0109060706
0605150012
1210140506
0605160707
0707031312
1210151102
0212120815
1507131307
0707041906
0605170619
1905020704
0411100301
0109170403
0306050207
0707090107
0707100701
0110061614
1410081209
0906080802
0212131604
0412040318
1810081001
0110110408
0809021502
0213060101
0110120916
1607041017
1708020803
0307041612
1210190818
1811121507
0707191709
0907091613
1310180814
1410161919
1905150902
0213101407
0708061005
0507000909
0907130818
1812010912
1211010305
0507010915
1507160319
1905190507
0708100309
0908091310
1011041608
0809121306
0605191419
1906161406
0607031110
1012170614
1411061205
0507111103
0307071805
0507131511
1109161208
0809160216
1607131805
0508071206
0607080812
1211050801
0110131307
0708121005
0508130718
1813021403
0307131900
0010021111
1110041314
1412011006
0609050305
0508160003
0308020808
0809190206
0609130605
0508190004
0412080908
0809191311
1111020303
0308161107
0708150312
1211090501
0111020402
0213110214
1412020619
1906181502
0213121619
1907000205
0509001900
0010100800
0011020516
1607190114
1412181206
0609131212
1211151806
0609140014
1413050816
1608071014
1413101701
0112060408
0810120210
1013080200
0011031217
1708040417
1708080805
0509071018
1813121802
0213130903
0308181600
0011031504
0412191807
0708190319
1907071017
1708110615
1508070901
0112090407
0709150901
0112131616
1609000303
0309011303
0309020801
0113091109
0909040315
1508160616
1609020200
0011100507
0709170716
1609060008
0811061910
1013160608
0811101303
0309111407
0709190404
0413111016
1610010514
1413150817
1709080010
1014121109
0910021409
0910140211
1111020308
0811151704
0414041817
1709091216
1610051417
1710000700
0011160904
0415030706
0609140803
0310011105
0509091708
0811180116
1610131202
0213191319
1907120904
0415061212
1211161208
0812120600
0012170501
0113140618
1813160711
1111110008
0812180114
1414030713
1310191905
0509181103
0314050502
0214060005
0510041517
1710050616
1611130808
0812190413
1311191014
1415001501
0114080711
1112031606
0609150719
1908041017
1710091901
0114120503
0314090115
1509020800
0013130812
1213051914
1415080511
1112110815
1509041119
1908100618
1814020303
0314180805
0511050317
1710141300
0013141015
1510081019
1909050015
1510150818
1814021105
0511150607
0710011700
0014081816
1612010805
0511171315
1511030407
0710170810
1014160000
0014180718
1814031911
1112190305
0512010319
1909051100
0015031407
0711031708
0813030405
0512120517
1711110302
0215160601
0114151404
0415091805
0513130103
0314181412
1213121515
1512020404
0415151406
0611090818
1814160808
0813130718
1814190418
1815001414
1416040308
0814060203
0315011702
0216001110
1015111812
1214041900
0015041516
1612020705
0514030316
1612121408
0814081102
0216051301
0115080004
0416151804
0417000517
1711150611
1113071919
1909121903
0316121905
0514061714
1416091003
0316131113
1312061412
1214100611
1113101617
1712041914
1416150901
0116030601
0116150811
1113111601
0116180213
1313020205
0514101718
1815030502
0216080102
0216160008
0814130707
0712151319
1909130416
1612190405
0514150808
0815041906
0611130113
1313100206
0612071706
0613091812
1214131512
1216050019
1909171307
0712171401
0117040207
0712171604
0417031309
0910190512
1216081018
1815130016
1613121515
1513101617
1712071805
0514151815
1513161212
1216161519
1910031205
0514161010
1015150714
1417091309
0911071216
1613131108
0815170705
0514170907
0713071211
1113161200
0016101918
1816000704
0417110811
1113190812
1216161613
1313121709
0911140317
1712150316
1613190601
0117040315
1514110509
0911160807
0713191804
0418081501
0117051514
1418180015
1514131211
1114130900
0016181809
0912180200
0016190118
1816041615
1515021909
0912190704
0418121204
0418141608
0815180700
0017060205
0515011708
0816110904
0418151309
0913030108
0817020005
0515030107
0714001807
0714020200
0017091806
0614090104
0418180603
0317030109
0913180403
0317131619
1910091204
0418191515
1515080313
1313191307
0714161710
1017090003
0317141405
0515031406
0615090719
1910140719
1911080219
1911081812
1216170115
1515181605
0515061018
1816060518
1817001805
0515071408
0817041810
1017101205
0515091607
0715030811
1114190608
0817070800
0017120717
1713180408
0817121400
0018000710
1017130708
0817191719
1912001217
1714131211
1115160208
0818090009
0914081102
0216180209
0915030819
1913151711
1116121107
0715100813
1314190918
1817120607
0716021019
1913181011
1116121217
1715021113
1315041106
0615170717
1715110306
0615181609
0915041801
0117080116
1614060702
0217010709
0915061315
1516050018
1817170415
1516101014
1419080312
1217010815
1516111310
1017130918
1817180811
1118010511
1118020016
1614101218
1817191613
1315110919
1913190515
1516140218
1818180011
1118091307
0716030409
0915080016
1614180206
0616121600
0018071215
1516141409
0915091605
0516010211
1118110712
1217011705
0516131805
0517050016
1615180709
0915140311
1118130602
0217130802
0218020115
1516181900
0018181101
0117181803
0318041816
1616011807
0716041308
0818100906
0617000307
0716080216
1616130416
1616181709
0915181014
1419080515
1518090218
1819000214
1419150209
0916020509
0916141712
1217040115
1518091511
1118131308
0818160916
1617120709
0917071303
0318081810
1018121905
0517100619
1915010413
1315140309
0917121801
0118020918
1819041715
1518160412
1217041907
0716101513
1316101716
1617140704
0419021211
1118180201
0119010403
0318120303
0318150710
1019001510
1019050504
0419060610
1019140605
0518040311
1119001405
0518051307
0716101916
1618070001
0119091515
1519001818
1819071017
1715111700
0019090309
0917180407
0718070107
0719001215
1519011616
1618080316
1618120207
0719011012
1217051008
0819020908
0819040910
1019170409
0918030002
0218181618
1819130006
0617091019
1915160711
1119050312
1217081105
0518061510
1019180219
1915161504
0419110401
0119181306
0618161619
1915180305
0519011808
0819150817
1717001319
1916070205
0519111307
0719030713
1316110114
1419181705
0519150217
1717101806
0619060807
0719171016
1618171811
1119150611
1119160715
1519081308
0819181708
0819170503
0318171119
1917070304
0419141709
0919120412
1218071619
1918061113
1316131719
1918110003
0319030702
0219040913
1318170300
0019190400
0019140015
1519131503
0319111616
1619151805
0519151509
0919141813
1318170303
0319101319
1917090907
