0000130219
1900060210
1000000502
0200091402
0200101513
1300120108
0800011402
0201170408
0800040911
1100000615
1500060206
0600171609
0900091515
1500060418
1800170118
1800191410
1000071616
1600070911
1100090703
0300101309
0900130416
1601040710
1001110101
0100160318
1801010916
1601081512
1200001600
0000131714
1400031211
1100121316
1601101319
1900110506
0601060501
0102161606
0601161412
1200031118
1801031414
1400160116
1601120103
0300160116
1602030918
1801161306
0602000209
0901030512
1200041305
0500011212
1200080014
1400161214
1401030713
1300131105
0500071405
0500120308
0800140100
0000151907
0700171113
1300190012
1200121602
0202110219
1902090206
0603191800
0001111114
1401031714
1401070411
1101010709
0901030909
0902031818
1802070112
1200130106
0605081505
0500130013
1301031502
0202151214
1401081514
1401110200
0003000016
1602041907
0701031312
1200131209
0902140418
1803011812
1201031104
0400190203
0300161416
1602080214
1401151309
0903101601
0103021310
1001111316
1603001010
1001180508
0800160312
1202000217
1700130814
1402010417
1702041910
1002010712
1202161401
0103071705
0501080402
0203050410
1002070300
0003011001
0103081508
0801031408
0801070718
1804040702
0203110008
0801091008
0803060417
1703070219
1902131418
1804090917
1703101613
1301061112
1203021103
0300170314
1402030717
1704141111
1101011204
0401001704
0401121708
0803110002
0204081402
0204181301
0104051713
1301180112
1203040116
1603001519
1904010605
0501080409
0904010610
1002100715
1500190806
0606071803
0301001715
1501130600
0003060610
1002120206
0606110312
1203041711
1101011416
1603091118
1804111006
0606120711
1101140918
1804120316
1603091201
0104080902
0205090918
1804160412
1203171911
1102121609
0904140016
1603170813
1302101317
1705010311
1102171908
0803131903
0301051710
1003091102
0205180016
1605010003
0301131010
1004161216
1605021806
0606141705
0501081405
0501120611
1103041906
0606150306
0606191811
1103041908
0803160106
0607131707
0702001309
0905040009
0905060711
1103111905
0502030919
1905180609
0905120418
1804170900
0003131618
1805041912
1204040905
0503161819
1906121113
1302101914
1402041415
1501180218
1805071505
0503180104
0401181917
1705051212
1205011314
1403081002
0206021509
0905151801
0104170512
1205040600
0003150900
0003181915
1501180313
1303150302
0207001014
1404060214
1405031115
1502090203
0302110614
1405031201
0106051207
0702060018
1805100718
1805160112
1206050307
0703000002
0207110304
0402000716
1605081816
1605120018
1806000301
0106131809
0906101300
0003191711
1104011900
0004070014
1405071400
0004181207
0704031905
0504020909
0906101905
0504110008
0803160411
1104061413
1304021603
0302131113
1304030713
1304051110
1005090507
0704161913
1304070101
0107040701
0107100511
1104071404
0402061700
0005020518
1807160304
0402081207
0705001003
0302150704
0403171511
1104150805
0504160600
0005021518
1807160500
0005021903
0303040009
0906160011
1105070602
0208031518
1807190213
1304090616
1605191013
1304170210
1005171510
1005181705
0504181107
0706031312
1206050517
1705090410
1006001303
0303060116
1607040003
0303111409
0908050809
0908080316
1607040407
0707010405
0504190419
1907051511
1105161311
1105181703
0303150212
1206180908
0803171508
0804170710
1006060009
0908091015
1502091908
0805001509
0908120103
0304060018
1808021201
0107130502
0208071114
1405171909
0908160903
0304090010
1006171016
1607190006
0607151619
1908000004
0405030302
0208071203
0304090219
1908010604
0405040500
0005041604
0405071319
1908061103
0304170300
0006031001
0108061608
0805040901
0108070913
1304181717
1705150801
0108101906
0608001617
1706121400
0006130115
1502100611
1106050618
1808051113
1305150817
1707020718
1808071800
0006171614
1406041211
1106070207
0707081312
1207101404
0405121516
1608030219
1908100015
1503141704
0405140618
1808121503
0305000216
1608041513
1307080903
0305000315
1504190809
0909000600
0007051213
1307181812
1208080615
1505071813
1308071916
1608090306
0608010915
1505151105
0505130307
0707141408
0805070909
0909030611
1106081404
0407170105
0505160705
0506081914
1406091813
1308080507
0707170404
0407180306
0608110813
1308121515
1506031310
1006180503
0305090300
0008161403
0306080215
1507171500
0009121702
0208111614
1407080505
0506121700
0010081503
0307010703
0307071903
0307171703
0307191002
0208121704
0407180515
1508001110
1007001611
1107070313
1309070917
1707050301
0109001307
0708121402
0208191818
1808151812
1208131210
1007050414
1407191018
1808180110
1007111500
0011100618
1809090111
1107071700
0011131208
0805111102
0209010400
0012071919
1908100101
0109031311
1107080303
0308080505
0507040114
1408020013
1309090108
0806000714
1408021308
0806031414
1408071018
1809110316
1609051002
0209161109
0910030609
0910111305
0507121606
0608141803
0308100306
0608181410
1007150309
0910140712
1208181408
0806051312
1209000813
1309101811
1108170110
1008150806
0609180610
1009010011
1109121116
1609071307
0708171318
1810031011
1109160513
1309111903
0309080412
1209011115
1508101010
1009060301
0109071708
0807061102
0210081512
1209021403
0309110308
0807071205
0508071008
0808091204
0408060012
1209051807
0709071816
1609160104
0408191618
1810140009
0910150514
1408090405
0508120706
0610181102
0210141504
0409011918
1810151602
0210170409
0910170509
0910170612
1209111115
1510011913
1310080715
1510060818
1810180809
0911120906
0611101611
1110020703
0309180413
1310121403
0310031205
0509050806
0611141612
1210030701
0109140103
0310110304
0409150907
0709141319
1908191606
0611191714
1408181513
1310181418
1811031404
0409161501
0109140708
0809111619
1909160105
0509081900
0012101310
1009110511
1110161818
1811071502
0211071217
1707121910
1010020310
1010070807
0710130807
0711091913
1311011719
1909191015
1510121904
0409161702
0211080906
0612000707
0711111318
1811120810
1010100614
1409041312
1210070104
0410010112
1210081509
0912070410
1012020419
1910021303
0310111912
1210100404
0410121411
1110190913
1311121903
0310120610
1012030300
0012190315
1510140718
1811190304
0411020400
0012191201
0110120019
1910150310
1012090910
1013030211
1111051109
0912190919
1910171203
0310171607
0711141216
1609171812
1211030118
1811190919
1911020610
1013091506
0612050511
1111091913
1311141306
0612111113
1311151306
0612160910
1013100713
1312071109
0913011413
1312170206
0613161603
0310191718
1812051617
1708110108
0809150405
0509110115
1511131202
0212091119
1912011503
0311001709
0913060213
1313070704
0411090212
1211030414
1409090810
1013111203
0311141917
1709021904
0411090803
0311160512
1211100219
1912040608
0810091418
1812071411
1111101613
1313170505
0509171501
0110120706
0613161817
1709041105
0510011207
0712011704
0411091808
0810191516
1610091202
0213081000
0013011700
0013030414
1410090808
0812041004
0411100015
1511131309
0913101614
1410121612
1211151015
1511140917
1710021103
0312090703
0312130806
0614031501
0111020015
1511171404
0411111615
1512060017
1710030314
1411011215
1512130308
0812101507
0714130809
0913130016
1611020816
1611090318
1812101309
0913140316
1613021719
1914010412
1211160504
0411120706
0614141109
0913181714
1411050100
0013031006
0615130611
1111121415
1512160017
1711021301
0111041816
1613181006
0616101704
0411171615
1512191812
1211180100
0013070519
1914070713
1314121018
1812171717
1711140500
0013130719
1914081518
1813110713
1314131509
0913190513
1315060401
0111190717
1711150910
1015010600
0014031009
0914071315
1513001005
0510050611
1111140515
1513110212
1211181018
1813130715
1513130618
1813151503
0313071919
1914150911
1111190814
1411070505
0510051208
0813120114
1412080607
0714140008
0814130602
0213130300
0014081802
0214040800
0015011404
0411180013
1315080506
0616101913
1315080817
1711151311
1112051516
1614100802
0214151917
1711160601
0112051003
0313100301
0112061817
1712101208
0814160506
0616120913
1315111413
1315141408
0814161801
0112061913
1315181617
1712101709
0914161404
0412140806
0616161300
0015051101
0112170818
1814021215
1513170310
1015020212
1212020218
1814051503
0313161911
1112061017
1713010903
0313170907
0714160203
0315041516
1615021011
1113020700
0015091917
1713170401
0113170012
1212081914
1412121211
1113100304
0412181906
0617091900
0016010614
1412161915
1514071003
0315130719
1914160413
1316000217
1714101617
1714131215
1514091907
0715041908
0814170905
0510080103
0316001605
0510120211
1113170901
0114081305
0510170516
1615070001
0114081712
1213010905
0511031503
0316031201
0115000812
1213040717
1715011301
0115080312
1213121105
0513061409
0915020801
0115100519
1915130904
0413011919
1915171903
0316040402
0215030111
1114110801
0115141301
0115150505
0513091208
0815060103
0316171401
0115160118
1814081519
1916031915
1514100208
0815090919
1916141713
1316020214
1413151507
0715180103
0317010612
1213130416
1615101710
1015061705
0513091618
1814191804
0413071017
1715100202
0215081010
1015081109
0916170416
1616161210
1015110703
0317141213
1316041318
1815050810
1016000110
1016011114
1413170002
0215141615
1515161313
1316110417
1715120602
0216071711
1114180708
0816031117
1715180617
1716060301
0116140808
0816040106
0617100415
1516160403
0317190716
1617011304
0413120500
0016071704
0413150302
0216100413
1316110901
0117061813
1317140114
1414181318
1815080603
0317191304
0414021219
1916170412
1214191912
1215031115
1517000105
0513120007
0715190204
0415031104
0416000901
0117070213
1318000618
1816091605
0513160710
1017151504
0416040916
1617060418
1816131513
1318160700
0018040313
1319001014
1414191003
0318001812
1215040509
0916191817
1717080015
1517001411
1115040305
0513161816
1617071417
1717121509
0917080312
1215080101
0117070218
1817010805
0513180003
0318031411
1115040911
1116001000
0018131802
0216100612
1215100905
0514141413
1319030511
1116100317
1718030615
1517080801
0118121802
0217041718
1817021600
0018180717
1718101310
1018031610
1018150216
1617131803
0318040511
1116170115
1517150511
1117041406
0618071518
1817091514
1415070100
0018191611
1117121603
0318041604
0416180411
1118051901
0118190914
1415091412
1215120315
1517181109
0917130008
0816090310
1018180512
1216011408
0817020209
0917170908
0817141010
1019081409
0918121210
1019100711
1118111402
0217080517
1718110016
1618001012
1216051218
1817111619
1918071609
0919061118
1817140711
1118141000
0019170604
0417021618
1817151712
1216161009
0919071207
0716051512
1217170602
0217100003
0319011901
0119030317
1718181519
1918131002
0217101301
0119100902
0217190516
1618030015
1518130418
1818021812
1218060312
1218181618
1818041904
0417050112
1219050810
1019111513
1319101312
1219130401
0119111705
0515070516
1618090902
0218021802
0218050511
1118150904
0417120018
1819011116
1619050407
0716171907
0717021215
1519071108
0817180808
0818121519
1918190508
0819001605
0515180904
0417140408
0819041302
0218091904
0418071706
0618091306
0619070611
1118171309
0919090100
0019180311
1119160914
1416141803
0319021201
0119111914
1417070214
1417140815
1519130307
0717141614
1419110202
0218100905
0516030812
1219131805
0517061916
1619091807
0718061604
0418151014
1419170507
0718070117
1719101405
0519070810
1019120316
1619111102
0218131302
0219080416
1619151813
1319140318
1819110302
0219180507
0718150007
0718161612
1219140809
0919171802
0219190902
0219090703
0319101503
0319130719
1919140005
0517090504
0419010714
1416041000
