1800000418
1800011007
0700040405
0500060314
1400171008
0800041413
1300071717
1700011219
1900011918
1800020708
0800111701
0100021111
1100041217
1700081211
1100190604
0400021616
1600071417
1700091001
0100130007
0700041117
1700111508
0800131318
1800050212
1200061201
0100131312
1200101216
1600091612
1201131412
1202010209
0900120704
0401000117
1701050305
0500161310
1000051714
1401070408
0800140914
1401080503
0300100207
0700050000
0000180417
1701061509
0900160418
1800141515
1500051905
0500181816
1601100604
0401020501
0100131716
1602000617
1701090208
0801011500
0001031500
0001061516
1602031019
1900050818
1801140505
0502110317
1701181200
0001151609
0900170004
0401130112
1202081507
0700181015
1500080407
0701091106
0600061506
0600080305
0503031109
0901121107
0702040713
1301040914
1401150508
0801030018
1801150608
0801161602
0200020713
1301050602
0200041909
0901171312
1202110015
1500081301
0100161309
0902031502
0200090806
0600140704
0401131515
1500150705
0505121515
1501040516
1602060904
0401131808
0801180218
1802081608
0802040613
1301060615
1501061414
1402000519
1900121216
1603161211
1102070905
0505130004
0402131416
1604170708
0802111811
1102100210
1001011108
0802140209
0902061301
0100190503
0300170704
0403081203
0301030613
1301161816
1605011009
0902100918
1802110311
1102170216
1605021701
0101071515
1501191411
1103061012
1203000713
1301171907
0703000808
0802151317
1702000409
0902101314
1402100212
1204000210
1001120004
0403081814
1402180201
0102161600
0002040909
0903061201
0102170504
0403120704
0403141806
0601160107
0703181019
1901180012
1204001604
0403150609
0903070803
0301131513
1302080209
0903081113
1302091010
1001160603
0302030509
0903150417
1702060910
1001191118
1802141912
1204051111
1103061109
0904061318
1802181000
0002090806
0601170104
0404010707
0704081705
0506000901
0103001202
0200091507
0704171210
1005060006
0601180308
0803001919
1902070614
1403041109
0904190311
1104080312
1204090308
0803010015
1502080910
1006041300
0003111811
1104160916
1605040310
1006081712
1204120600
0004121901
0103071811
1105021602
0202020114
1403171315
1502121012
1204131317
1702121304
0404011514
1404120219
1902071018
1803040212
1205020118
1803060310
1006101707
0705020504
0405120414
1404141601
0103150702
0202130614
1404170309
0905150910
1006171514
1406151102
0202190003
0303110512
1205050915
1502150015
1505020319
1902131201
0103181406
0602000608
0803040601
0104030909
0906021318
1803090706
0602021304
0405150813
1302191418
1803111905
0506030604
0405151312
1206010700
0004130117
1703111601
0104050716
1605100502
0203081217
1703171000
0004140718
1803170219
1902151809
0906060303
0304171303
0305051819
1903151314
1407011117
1705001603
0305111808
0803051708
0803071605
0507000403
0305171316
1605101411
1105041116
1606051314
1407061800
0005080408
0803131903
0306000719
1904051002
0204000812
1206130013
1303010106
0602050115
1505061712
1207051709
0907021406
0602091402
0204010816
1606110317
1705091305
0507030205
0507061609
0908050415
1505120202
0204040915
1505140707
0705051010
1007001618
1803181009
0908091309
0908101512
1207100811
1105051512
1207121412
1208031406
0602111913
1303080116
1606120819
1904101002
0204041810
1007130914
1407180406
0602140911
1105111809
0908190304
0405161104
0405190709
0909021017
1705101606
0603021404
0406161602
0204061702
0204100017
1705170909
0909120314
1408061308
0805040813
1304101907
0705061312
1208101306
0604001018
1804090710
1008010303
0306040609
0909171404
0408040814
1408090806
0604030209
0910011812
1208101419
1904120502
0205001201
0104060718
1804171906
0604130516
1608011809
0910110519
1904160404
0408090411
1106090502
0205051315
1505171812
1208130103
0306090501
0104090119
1904170706
0604191903
0307051809
0910151019
1905051018
1805090602
0206000409
0911001813
1304140600
0005181603
0307070412
1209021701
0104151611
1106091918
1805141300
0006060303
0307131412
1209191513
1304141309
0911041410
1008051412
1210050304
0408100416
1608161407
0706160512
1210070710
1008150515
1506021301
0105020514
1408151007
0706161704
0408160913
1305030818
1805161908
0805180105
0507080200
0007091604
0408170609
0911071501
0106101209
0911121506
0605041905
0508000719
1905171103
0308020106
0605141006
0605150810
1008161109
0912091407
0707071002
0206001715
1507010907
0707090305
0508181013
1305111514
1409170401
0106111019
1907030909
0912151018
1805180101
0106120401
0107000401
0107150505
0509000414
1410091816
1609120718
1806000115
1507081402
0206060002
0206170514
1411031314
1411050702
0206180803
0308190610
1008191607
0707100204
0409091713
1305140914
1412081103
0309170415
1507191416
1610080408
0806040905
0512060713
1306041504
0409150810
1009141404
0410011808
0806071119
1908091406
0606010600
0008010807
0707101904
0410050116
1611081614
1412090806
0606050616
1611131402
0206190817
1706040916
1612050816
1612101609
0912161809
0913171518
1806000910
1010030709
0913171806
0606050803
0310041301
0107191904
0410061603
0310071115
1508071818
1806170900
0008080513
1306061218
1807020408
0806080516
1612151706
0606161501
0108090212
1211100013
1307020306
0607041403
0311000818
1807081804
0411050013
1307101101
0109021508
0807020304
0411120402
0206190901
0109051219
1908171208
0807040500
0009071212
1211170500
0010181602
0207010110
1010050716
1613001611
1106151108
0807060102
0208030908
0808070016
1614041015
1508111510
1010111114
1412101011
1108051916
1614081200
0011051218
1807141205
0512071602
0208110900
0011100708
0808180207
0708020208
0809030113
1307190107
0708061017
1706080707
0709061204
0411171817
1706100119
1909011610
1010150104
0411180307
0709071706
0607101313
1309040305
0512090319
1909031105
0512111301
0109060302
0208120413
1310001405
0513000717
1706120119
1909161104
0412151309
0914001218
1807141315
1508130706
0609020612
1211171312
1211190301
0110051210
1011061003
0311040012
1212001513
1310011707
0709151502
0208190100
0011130811
1109051406
0609021518
1807191319
1909161506
0609090803
0311141510
1011061607
0710021601
0110080518
1808030012
1212001912
1212091812
1212160617
1706180618
1808180916
1614110613
1310031104
0412170815
1509160318
1809111212
1212190003
0312061001
0110131617
1707100704
0413000217
1707131315
1509171904
0413000912
1213020012
1213031116
1614121801
0110141402
0209001711
1109151816
1614171403
0312180401
0111001708
0809110014
1412111809
0914020514
1413041604
0413080713
1310170412
1213041806
0609170812
1213130315
1511060413
1311020418
1809140311
1109191708
0810130906
0610170015
1511120706
0610170613
1311140306
0610171719
1910131117
1708100216
1614190801
0111031412
1214050412
1214081219
1911040413
1311160813
1311171502
0209090808
0810151915
1512100418
1809150807
0710101818
1810130512
1214181403
0312181312
1215131700
0011141213
1312021002
0210111201
0111171819
1911120108
0811040306
0611031807
0710111317
1708180803
0313010007
0710130702
0210120704
0413091909
0914140612
1216081818
1812061009
0914150019
1912091600
0011150218
1812070302
0211090807
0710131010
1012081305
0513071805
0514000714
1413191508
0811041804
0413160208
0811121304
0414101505
0514061614
1414010711
1110070905
0514090907
0711050507
0712081014
1414111214
1415060010
1013140309
0915010008
0812040001
0112071610
1013171707
0712110317
1709111811
1110191918
1812151517
1709151311
1111040710
1014191109
0915021409
0915030508
0812131801
0112080607
0713071519
1912190706
0611051900
0011191909
0915031609
0915050518
1813000914
1415080300
0014020008
0813010116
1615040715
1512100816
1615061308
0813010308
0815021203
0313151107
0713120106
0611080919
1913021318
1813061816
1615161102
0211110000
0015050216
1616010309
0915140602
0211160114
1415111902
0212090804
0415010103
0313160110
1015030212
1216091709
0915140806
0612030402
0212091106
0612120605
0514120701
0112091518
1813131007
0713181402
0212190002
0213160913
1312040606
0612141915
1513040719
1913021905
0514131803
0314030715
1513101903
0315041012
1216110619
1913030008
0815061916
1616120106
0613051307
0714161607
0715101619
1913061016
1616160610
1015090906
0613120901
0112100801
0112180502
0214001715
1513110813
1313070318
1813151812
1217181616
1617041907
0715191503
0315140719
1913081103
0315191818
1814000714
1415121817
1709171101
0113110611
1111141409
0915160015
1513111210
1015110705
0515151311
1112000017
1710040018
1814061314
1415131209
0916020707
0716041301
0113121803
0316011306
0613121916
1617050108
0816000913
1313090611
1114071700
0015161516
1617090101
0113140411
1114111102
0214191515
1513151511
1114161813
1313131015
1513190405
0515161906
0615180600
0016040701
0114001717
1710050204
0415151811
1114161814
1416110411
1114190903
0316020418
1815031200
0016041408
0816001717
1710140502
0215001406
0616010404
0416110413
1313150314
1417010300
0017070200
0017091609
0916030412
1218150208
0816051101
0114160406
0616040917
1711000802
0215100406
0616090201
0114191117
1711090615
1514070709
0916051018
1815061313
1314090519
1913101615
1514121011
1115020117
1711191508
0816130711
1115091301
0115061505
0515161910
1015170319
1913190309
0916061406
0617110417
1713121813
1314111212
1219040819
1913191904
0416130911
1115191314
1417041719
1914090000
0017140503
0316071307
0716100413
1314191507
0716101203
0316181308
0817030714
1418070417
1714111103
0317010911
1116031619
1914101808
0817061018
1816121717
1715171014
1418121718
1817031918
1817120019
1914171115
1514191119
1915011012
1219041509
0916111511
1116051400
0018121818
1817181804
0416190201
0115150203
0317131811
1116131818
1818000618
1818061918
1818070008
0817140704
0416190602
0215111417
1716001715
1515050215
1515071207
0716131404
0417050707
0717051314
1418170316
1617110813
1315140918
1818120708
0817170217
1716100004
0417131415
1515190819
1915070007
0717091902
0215111612
1219100201
0115180918
1818140712
1219111304
0418120503
0317141209
0916161603
0318030708
0818030115
1516000509
0917011517
1716191810
1016010303
0318181201
0116050305
0516141110
1016090208
0819010905
0517090300
0018180506
0618110002
0215161819
1915120813
1316090917
1717071504
0418140616
1618070804
0418151902
0215180117
1717110516
1618130803
0319070106
0618121813
1316131215
1516150403
0319080203
0319110305
0517161114
1419111401
0116121302
0216001611
1117111805
0518071010
1017171207
0717111011
1117181706
0618140513
1316151104
0419020219
1915180112
1219141915
1518080402
0216031707
0718010109
0917020106
0618141018
1819041506
0619010015
1518151505
0518150103
0319121302
0216040602
0216150911
1119151109
0917021606
0619030313
1317140505
0519041316
1619101502
0217070317
1717121414
1419160209
0917100214
1419191516
1619120315
1519020102
0217111211
1119180616
1619120510
1018001700
0018181609
0917161309
0918051901
0117031413
1318091516
1619181612
1219161917
1717161509
0919111506
0619070603
0319170719
1915180505
0519061009
0919141001
0117070202
0217150202
0218020713
1318160505
0519120619
1916191317
1718051413
1319010004
0419180202
0218040510
1019111906
0619140106
0619150308
0819030207
0719030318
1819121502
0218121802
0218171702
0219000213
1319070105
0519121819
1917060401
0117121815
1519080217
1718171015
1519080409
0919161105
0519170605
0519131019
1917100715
1519091802
0219121118
1819160902
0219160301
0117141319
1918021319
1919001417
1719020801
0119070713
1319030808
0819040106
0619100516
