0600000300
0000000408
0800040308
0800041919
1900030217
1700011803
0300020814
1400091219
1900060200
0000050907
0700011918
1800081611
1100060003
0300061513
1300170807
0700140810
1000120007
0700161613
1301010601
0100001717
1700060503
0300120719
1900090004
0400011019
1900110915
1501110505
0500011919
1900120409
0900121612
1200001114
1400170814
1401001110
1000170505
0501040609
0901021116
1600080706
0600020012
1200021516
1600150805
0501051516
1601071312
1200041902
0200060501
0100051719
1900191004
0400041509
0901121214
1401101513
1301011306
0600031807
0701030105
0501141912
1201000700
0000081903
0302021401
0100081914
1401130606
0600170218
1800110715
1501111303
0302181707
0701031610
1000180413
1301151606
0601041605
0501181709
0902080807
0701110608
0800051805
0502020011
1100150308
0800150718
1800181810
1000191606
0601090312
1201091416
1601071409
0902121104
0400110209
0902130814
1401160502
0200080611
1101100115
1502030617
1700130102
0201160908
0801061611
1101111118
1801121318
1801130001
0100091018
1801170111
1101131115
1502120208
0801070210
1001010015
1503150904
0400141913
1301181307
0701191514
1402101611
1102020719
1901001202
0202121914
1402110619
1901010513
1302161003
0303110208
0801121003
0305070614
1402111319
1901071416
1601091512
1201191015
1504050012
1202010113
1303110914
1402191800
0000181419
1901120315
1505030319
1901131907
0702011206
0601111117
1701150210
1001081506
0601170301
0100111405
0502020310
1001091117
1701171905
0502110708
0801131811
1102030919
1901180517
1701190008
0802060803
0305131809
0903090810
1001111811
1102150012
1202020413
1303111902
0203121308
0802171807
0702031811
1102171308
0803190311
1103041418
1802171117
1702041919
1902051611
1103131907
0702061207
0702081502
0203170405
0503020910
1001170605
0503130919
1902091615
1505141206
0602050111
1103171416
1602070205
0503161117
1702130610
1001181702
0203190712
1202030500
0001010212
1202171316
1603041402
0204030407
0702130615
1505141418
1803110618
1803161411
1104080805
0503191013
1303130400
0001031610
1002020505
0504130316
1604151511
1104080913
1303131015
1505161419
1903090516
1605080209
0903151217
1702140507
0702191608
0804091216
1605131005
0504180005
0505180703
0306021209
0903161507
0703111707
0703121108
0804171616
1606140400
0001061308
0805000511
1104091400
0001081210
1003001804
0401040711
1104150015
1506070200
0002111706
0602080209
0903180519
1903091119
1903110201
0100161119
1904041711
1106050202
0204030719
1904041906
0602090306
0603080614
1404011912
1203041513
1304061918
1804011103
0307000601
0100180404
0401051714
1404030111
1106091707
0703141302
0204071311
1106120312
1203091317
1702141618
1804051405
0506050819
1904130806
0604050804
0402031615
1507160813
1304070703
0307180015
1507181504
0402091301
0100190208
0805001205
0506081114
1404040310
1003121014
1404041805
0507151311
1106131106
0604171613
1304100912
1203091602
0204091211
1106150005
0508131002
0205000614
1404151408
0805040313
1304190605
0508140119
1905051503
0308051909
0904091901
0101031905
0508160913
1305080817
1702150902
0205131304
0402111914
1405030507
0703191313
1305120316
1606151103
0308090618
1805101106
0605001208
0806060706
0606090811
1106191118
1806071813
1305121001
0102110811
1107040306
0606150301
0102150417
1703060910
1004070404
0403060102
0206071608
0806070313
1305130604
0404031114
1405161704
0404041013
1306050401
0102171416
1606151219
1905101504
0404071416
1607030204
0404150211
1107050400
0003000217
1703191516
1607050311
1107070712
1203181506
0607141214
1405180505
0509040703
0308101510
1004091912
1204191204
0404150615
1508050305
0509070304
0404151916
1607140415
1508101114
1406020816
1607181419
1906010406
0607161413
1307151014
1406120008
0807040804
0404191608
0807070904
0405091006
0607161610
1005010100
0003120407
0705030506
0608130410
1005110818
1806081912
1205000114
1406121601
0102190219
1906040601
0103031715
1509090407
0705060801
0103110405
0509160717
1703191912
1205001517
1704000005
0509180307
0705081500
0003121305
0509181005
0510020718
1806140113
1308190010
1005170405
0510181613
1309031406
0609041300
0003180600
0004000004
0406101315
1509140208
0807170911
1107131501
0103141819
1906170008
0808050101
0104040909
0904191400
0004060614
1408080918
1807060819
1907011401
0104151815
1509191512
1205070905
0510191108
0808160600
0004101311
1108021001
0106150305
0511041219
1907091609
0905090207
0705181710
1006030419
1907121919
1907130700
0004111702
0206080503
0308131316
1607191614
1408100212
1206181301
0106191806
0609070214
1408141213
1309051509
0905151101
0107041011
1108091307
0706000105
0511091613
1309130215
1510011214
1409041116
1608000209
0906131303
0308131608
0809060004
0407020219
1907171811
1108091513
1309131302
0206180919
1908170717
1704030303
0309051216
1609001805
0512020811
1108180413
1309140810
1007160103
0309181104
0407060707
0706021409
0906141914
1410190412
1207020902
0208001408
0810001511
1109131400
0005190906
0609100815
1511031011
1109191013
1310040802
0208011007
0706061706
0610011101
0107061603
0310001519
1909020214
1411101210
1008030013
1310090411
1110010918
1807120512
1207051601
0107090007
0706191109
0908150601
0107111214
1412011808
0811031818
1808070702
0208040918
1808120604
0407150104
0408050613
1310151213
1311070114
1412120119
1909061607
0707021505
0513091908
0811070304
0408080419
1909131914
1412121418
1808191306
0610040218
1809031901
0107121807
0707041306
0610161002
0209141311
1110021801
0107170617
1704050712
1207061616
1609050200
0007061015
1511100513
1311110310
1008030406
0610161709
0909000106
0610180116
1609171715
1511110010
1008130607
0707081116
1610041712
1207111108
0812160606
0611101510
1009001302
0210021505
0513180004
0408130917
1704110716
1610050904
0408150110
1009021202
0210081610
1009141412
1207111412
1208161619
1910041810
1009180115
1511111804
0409141308
0813120602
0210090719
1910171316
1610090900
0008131611
1110040106
0611130710
1010101414
1412131917
1705120308
0813170907
0707100208
0813171119
1910181315
1512100410
1010171604
0410010815
1512131317
1705180606
0611161816
1611050411
1110071506
0612020000
0010071200
0010100502
0211090414
1414040817
1707021317
1707050513
1312001513
1312081301
0108041013
1313031813
1313090209
0909021102
0211160701
0108170506
0612081901
0110010015
1512190307
0707101313
1313141110
1011091513
1313170718
1810010002
0211190414
1414171509
0909160806
0612131118
1810101016
1611131304
0410050216
1611131712
1209001911
1110131806
0612150113
1313181313
1314151118
1810130516
1612001915
1513060908
0814020003
0311060204
0410051619
1911140912
1209130710
1011180404
0410150010
1012160913
1314151812
1209140319
1913080113
1316040101
0110070200
0010131007
0708080105
0514050316
1612041614
1415151104
0411020314
1415171609
0910181501
0110100307
0709041008
0814090313
1316070216
1612111503
0311081802
0211191316
1612111919
1913090013
1316091102
0212171619
1913100907
0709090810
1013001514
1416040001
0111070905
0515100500
0011010502
0213000802
0213000808
0814100319
1913101500
0011031609
0911080312
1209150815
1513090806
0613141418
1810140004
0411021310
1013131919
1913171316
1612191919
1914080802
0213011107
0709121604
0411060818
1811090903
0311091702
0213070206
0613150410
1014160810
1015021817
1708121517
1708131702
0214000508
0814161816
1613060318
1812071715
1513091701
0112000311
1110141413
1316151507
0710001419
1915000611
1110180411
1111111804
0411181209
0911101718
1812090708
0814171417
1708140901
0113061012
1211011403
0312080912
1211051015
1513101616
1613061907
0710120505
0515110009
0911161006
0613160101
0113131812
1211071509
0912080409
0912120711
1111111810
1015060001
0113181807
0713000812
1212020609
0913000012
1212031815
1513160305
0515170802
0214010514
1417031704
0412021418
1812181903
0312141107
0713131701
0113191017
1709110611
1111141615
1514021612
1212061114
1417061717
1709111704
0412061707
0713161705
0516021615
1514131116
1613081807
0713181402
0214021217
1710130219
1915101214
1417101404
0413011816
1613101701
0114191712
1212090408
0815071619
1915180303
0312141602
0214051300
0011041201
0115010006
0613180300
0012050105
0516061402
0214161207
0714141209
0915001602
0215081900
0012111417
1710180108
0815071711
1111190307
0714150400
0012131803
0312150110
1015170703
0312181415
1516150512
1212100409
0915010014
1417171518
1813050917
1710191317
1712041208
0815071915
1516161916
1613170218
1813081903
0313071811
1112001611
1112151102
0216000415
1517021004
0413051501
0115070412
1213001914
1418000908
0816011403
0313131318
1813161100
0012140917
1713070512
1213031218
1814011214
1418051906
0613180311
1113031403
0315021616
1613181000
0013070611
1113081512
1213051215
1517030719
1916071017
1714021418
1814170804
0413120810
1015180017
1714070209
0915051107
0715061203
0315031012
1213161613
1316160210
1015191410
1016071516
1614041512
1214091306
0613190407
0715090713
1317021400
0013160908
0816061619
1916120110
1016160613
1317090208
0817020006
0614010800
0014110909
0916100311
1114000603
0315091619
1916131216
1614090714
1418101719
1916190918
1815090200
0014151118
1815130317
1715091319
1917040113
1317091714
1418161313
1317171810
1016180106
0614151203
0316061213
1318031818
1815180808
0817030102
0216001204
0414040605
0516130517
1715130816
1615110107
0715140718
1816001619
1917080916
1615130816
1615150200
0016040714
1418170318
1816070518
1816180419
1917111506
0614181103
0316081518
1817181412
1215041501
0115170913
1319071007
0716120609
0916160904
0414071401
0115180402
0216040800
0016111716
1616050600
0017001411
1114081104
0415040716
1617020311
1114100715
1517040402
0217091005
0517020112
1215150911
1114171911
1114180818
1818021904
0415091617
1715181016
1617120312
1215161814
1419081504
0415101112
1216070703
0316140518
1818040300
0018010619
1917190503
0317010401
0115180506
0615001017
1715190207
0716151309
0917090301
0117120705
0517091100
0018030004
0416031501
0117190005
0517121200
0018091011
1115010204
0416050919
1918021011
1115120106
0615001312
1216101212
1216110106
0615071311
1115191202
0217101516
1617121605
0517121205
0517131402
0218090012
1216111018
1818061912
1217191511
1116071010
1017090701
0118040911
1117021312
1218140100
0018101706
0615181918
1818100316
1617121810
1017121601
0118050714
1419140803
0317071804
0417031608
0818040619
1918090900
0019001801
0118121107
0717140910
1017170919
1918100503
0319021306
0616060718
1819000418
1819011800
0019010300
0019061615
1517081813
1319080706
0616090209
0917151604
0417130911
1119020304
0418080412
1218180508
0818171204
0419000507
0717160407
0718010017
1717001810
1017171608
0819011607
0718110206
0616150616
1617171312
1218181506
0617111118
1819081515
1518101706
0617171216
1618020206
0618041218
1819090219
1918121312
1218181918
1819100200
0019090819
1919020600
0019181202
0218111711
1119041501
0118191704
0419070905
0517180616
1618030801
0119040512
1219040005
0518070617
1718050619
1919060509
0918141709
0919060715
1518140913
1319110719
1919190711
1119070111
1119100806
0619001306
0618151605
0519080817
1718161101
0119080417
1719120910
1019101809
0919070403
0319120207
0719181316
1619071016
1619160011
1119150213
1319130104
0419170004
0419160809
0919130809
0919140909
0919140102
0219190414
1419171318
1819121716
1619021805
0518030312
1219061412
