5801711553
5312790781
8115545398
9802175769
6906053849
4909033222
2215354723
2303785114
1408223536
3605265534
3409443334
3431694610
1006820853
5319655475
7501395120
2014996427
2717215865
6501156572
7205382525
2521755720
2018113542
4200952222
2220445218
1816662120
2024672390
9001124674
7402854667
6709964367
6714705005
0507886065
6502959515
1501861601
0114404242
4208528535
3501072064
6407645043
4300730047
4722541357
5709222192
9207652349
4913417103
0305385007
0718828413
1310961031
3102836526
2601407957
5712642437
3728746712
1206152788
8805396602
0223328338
3824074594
9407531152
5208998678
7813818872
7219172912
1214538190
9024248757
5718723529
2912808603
0336729138
3836236911
1122814769
6909665384
8417671966
6608241010
1008407601
0121194861
6128475853
5321516952
5217726771
7100635695
9508047864
6428984295
9516032187
8708057165
6503334529
2914704933
3304449784
8430631704
0400137714
1408539849
4915334978
7815531708
0803808266
6608439261
6129971224
2412287270
7002748540
4010005851
5107722526
2606648685
8500683241
4113253099
9901189714
1430169653
5325577184
8456742270
7011328945
4527716713
1329227382
8213205866
6608797852
5222948196
9606834389
8915845678
7817225670
7039877848
4801697452
5226292712
1214807005
0509034370
7074146595
9522684939
3900885515
1506166247
4725520165
6510572123
2304393372
7222058537
3736090559
5904345088
8809085876
7607083295
9537467591
9108426498
9804665573
7307602498
9809979283
8303437998
9811370404
0408040793
9320415512
1221044958
5814902153
5337144064
6431591518
1827927910
1013676556
5615025418
1829668154
5448789774
7414315442
4220204498
9824640574
7418845390
9025030395
9540126157
5732076520
2029529810
1028913186
8613067362
6207196744
4403904608
0819656146
4603401522
2225715996
9610393233
3307787513
1340575666
6609652757
5741742797
9719479232
3203929549
4915611089
8922412580
8003134177
7704073615
1509504180
8004606042
4223594643
4314448217
1710469152
5229214789
8922856679
7905925792
9216385098
9825281489
8924341400
0028517572
7236237631
3104985496
9612307381
8115850884
8462556304
0408281438
3863534761
6144676102
0233811788
8816860177
7733477102
0236878395
9540714340
4011321148
4807490114
1431896172
7256299803
0338714518
1835687131
3111515233
3311185051
5112317888
8817985146
4605023095
9555687986
8660419032
3214983625
2542969695
9560732210
1043897481
8117068837
3738510404
0413077520
2039965115
1528472676
7615128691
9112658026
2621005820
2046393737
3748163927
2723764892
9218603893
9321006904
0414544966
6610417233
3322638237
3752107441
4113970073
7341874135
3508433781
8132445053
5337671098
9826108160
6004569641
4114994523
2307443375
7502958987
8710450799
9907632063
6319147623
2309054410
1053380703
0340749358
5819904791
9132984367
6718563820
2059475480
8015938948
4807864305
0515845001
0122843549
4922672713
1346439702
0241066856
5619484710
1054447248
4825922586
8662590630
3007858175
7521409186
8697442768
6812085830
3027545594
9430810302
0267681027
2731661941
4125734511
1129480962
6218035920
2068871109
0929633607
0741666483
8308842608
0820562759
5906273722
2226896707
0744887464
6456277039
3918500503
0341127834
3434621089
8932660333
3326578517
1712952640
4020192051
5115093359
5918580647
4731562901
0132650733
3330542983
8316868921
2102821488
8821463493
9330634843
4321552251
5117751308
0820929253
5343915756
5621315528
2803347293
9332205124
2436990420
2079667582
8217603685
8528396925
2545566499
9933355398
9828939726
2629674419
1930160492
9223670239
3921411923
2313441327
2733256729
2944694803
0350889666
6615657823
2324412390
9028421087
8716484276
7650622583
8317818605
0539869520
2081120204
0460056568
6817734136
3608445001
0138643413
1359110346
4624253283
8319405387
8726450791
9152792052
5233563946
4638304811
1134577225
2550505835
3524081632
3215605260
6020656064
6459455069
6914941458
5836181818
1841782554
5461372916
1610428412
1222833066
6626690908
0836611730
3036545179
7916228506
0638964157
5760299958
5838486964
6462605016
1611105936
3620714937
3766484760
6021554917
1727646981
8143141856
5634564071
7102973720
2082082318
1843596596
9617267450
5005076172
7262231599
9933953243
4326502798
9830713268
6822721536
3624404378
7836078040
4027630456
5643813892
9249935376
7661708460
6026198784
8472774296
9624143379
7916738393
9341542188
8822081898
9835144167
6719220065
6511570096
9654062685
8534997387
8728334558
5841725241
4152397016
1648477916
1651421155
5503914332
3216787416
1655218974
7422351325
2553972283
8348039945
4528859369
6923195966
6628756246
4655716801
0143164730
3036765132
3218246777
7761288648
4830756435
3560300015
1539729009
0945944158
5844757769
6926830462
6230303596
9658720672
7265365287
8737175101
0147751617
1731237166
6640745418
1846272442
4223790232
3223880892
9256124723
2328425741
4152485582
8234870143
4333632780
8021669214
1437910783
8350455898
9858491382
8242103563
6325039347
4736722402
0271472568
6826328582
8244360283
8354410427
2735228726
2642701492
9264853748
4839644297
9729358927
2744670236
3630003756
5653650922
2228445934
3440898871
7109861775
7524909653
5352523198
9870251178
7836580384
8477395654
5466917237
3775432463
6325474157
5769262332
3225501017
1744348310
1062792700
0056474814
1440349494
9431983113
1362289019
1941317311
1154926714
1445534475
7550135261
6162118065
6518693143
4342113249
4930353425
2554349529
2948765580
8032802393
9346130448
4843133738
3868256722
2261134528
2814168091
9161511426
2656093796
9669871823
2358710989
8934876434
3446833101
0149656885
8538318387
8747964726
2669644572
7268904732
3231739658
5849418814
1459312718
1852446932
3242435737
3777960971
7153955742
4226946404
0460067725
2555307882
8244967718
1856147333
3332623470
7091039906
0654641352
5235967792
9269078868
6849986950
5014603995
9562057026
2672082383
8357346978
7847427450
5017062990
9032856262
6259237038
3889490002
0273273154
5494783663
6341566192
9273651905
0547372348
4851843874
7434319309
0952451678
7853752613
1365718425
2562389895
9570894180
8034848289
8957455080
8042585984
8480680698
9893344371
7157261722
2264631650
5019050312
1241561949
4934604536
3635404824
2440548722
2264646223
2367273206
0678937469
6928806424
2452111885
8544986587
8750703317
1758345527
2747911866
6660782142
4227562888
8826264869
6939514660
6055878023
2384086846
4689268482
8250059031
3129433330
3064977882
8251686688
8862114526
2674902990
9036834092
9274365094
9454883165
6528149826
2675440406
0694984305
0548255736
3641905793
9354299497
9771168865
6530533958
5859660755
5512625165
6546735702
0274740368
6861977237
3795674291
9163401321
2108215651
5139718718
1860792023
2385601542
4230254599
9948308655
5537536258
5862222635
3566221183
8367460249
4943122238
3891013848
4867971253
5353364842
4249761252
5236369055
5542963880
8051709207
0756249412
1242390267
6723529601
0175543444
4418220503
0361194006
0698887936
3662417633
3334269920
2083054234
3459571754
5496563522
2271294379
7919591935
3573704810
1068732763
6357931179
7922320157
5778528501
0177458705
0550311302
0281016564
6469261859
5988425834
3462252974
7438553152
5239910516
1686882275
7577893082
8280104631
3130949097
9780073225
2570559149
4948613072
7271855991
9166890577
7765517975
7591577614
1473228799
9948569263
6359080411
1161064736
3663187287
8753270302
0284559033
3347108429
2955301331
3145007971
7164128232
3247434608
0841043075
7593656279
7924441626
2676529890
9060080029
2962841792
9280874172
7273746799
9983430900
0059556114
1475076004
0461721956
5654329083
8380067071
7175680053
5372675018
1862425368
6876239073
7345760199
9985772908
0850121616
1688493363
6361612996
9678147907
0760516048
4876851343
4379597976
7672952823
2387969205
0550619880
8054841742
4263615094
9465299921
2111712948
4884567557
5796075215
1548233869
6947555032
3251644681
8147276340
4046767729
2962857308
0875603867
6723758774
7446908624
2453412871
7177652990
9074977066
6664175379
7930038318
1867366080
8060501045
4537214852
5264057002
0290038080
8067606292
9282573172
7289124464
6480344879
7937222353
5393934752
5265362664
6487774581
8168541215
1585239829
2963643115
1587063607
0767207159
5999129409
0961935682
8281867265
6547089523
2389451926
2683116466
6666885818
1873259417
1765556100
0073517713
1390204190
9085639713
1395384289
8973576560
6081617703
0366138840
4048645994
9470683584
8483041913
1397088075
7593713284
8490608135
3574705610
1072273097
9782404863
6368235412
1251302073
7366664789
8984789621
2116145232
3255670519
1958486607
0778189420
2095920902
0291506049
4961026322
2287130264
6494407025
2570739671
7179968544
4432540489
8986182291
9188279999
9991534591
9192963917
1783521512
1259903061
6164701717
1786512025
2575091534
3468819244
4475490485
8546316989
8990493108
0887553367
6727059930
3071331807
0779214014
1477977567
6727446630
3086964957
5797775267
6744174163
6373757355
5545853521
2121139097
9786805455
5552241874
7469989040
4054808610
1087656267
6749170866
6676777808
0894936694
9477630791
9196327718
1880159021
2126656081
8169951026
2697516918
1880686941
4160741511
1197793740
4060455793
9362479655
5552274685
8548587274
7472553945
4554243844
4480766412
1267149930
3094236453
5396323118
1888956519
1964097742
4271609620
2095975779
7937702265
6549687947
4740457007
0781759295
9589544783
8383872248
4884576367
6759579282
8292931627
2758888396
9681818678
7872215162
6268694749
4991215414
1478333227
2768989685
8550460879
7945456863
6376624756
5677492394
9489507645
4568505443
4381089733
3373185455
5553355123
2397627440
4067014467
6767351266
6688212716
1689174479
7962114310
1090862661
6168545176
7689065724
2478136979
7969108815
1588962379
7969894008
0898947881
8178142167
6768327750
5063458450
5054014863
6378667976
7694148109
0976038661
6181396386
8699600934
3470902085
8553882420
2097131432
3261932176
7699047749
4999714478
7877470164
6495611789
8993808512
1269243078
7894899744
4482737294
9492332468
6896466279
7970737944
4493498012
1274712883
8396946742
4289375007
0782730732
3268406512
1285546803
0394155894
9495583345
4583430530
3094326258
5896677096
9688310362
6284611455
5560568687
8769043474
7477519436
3674175790
9091080165
6569884751
5149059929
2983319132
3269914873
7367305777
7787743952
5266778351
5155731318
1891948746
4691155863
6385522867
6784542895
9593323832
3271427366
6694105742
4297353347
4797394839
3939725404
0467066036
3676119331
3154710279
7974338124
2495444424
2484254693
9390951782
8299337400
0079827272
7296297109
0997890428
2840437548
4895190458
5899124730
3095637639
3943457043
4394930832
3277602639
3949790385
8562084933
3382191204
0493666314
1483522815
1594385210
1092827855
5592096777
7790188567
6797550641
4173008531
3177277831
3180776079
7976589185
8562393469
6993060212
1293407422
2287390727
2776873951
5161065332
3283077288
8876091053
5398411787
8780759929
2988120912
1298535788
8895070252
5299512599
9999036210
1099194519
1993588480
8086764418
1896208400
0093671918
1897694136
3680619537
3796469481
8189755942
4299521585
8578694288
8898206830
3097578381
8189418879
7981906096
9690262773
7395753895
9595653657
5799843079
7995310390
9099638239
3959620156
5686793001
0180895874
7488694145
4594320739
3965854636
3699648780
8098155362
6296412770
7097068034
3495057351
5194335351
5178426441
4182314880
