7906659985
8501228103
0320025876
7601534572
7211506521
2102046508
0807364245
4521161521
2102563803
0326155344
4408373777
7729747004
0407609562
6205815283
8305622350
5015732710
1005979446
4610404888
8803456086
8609436351
5100770069
6903613411
1119696409
0903849774
7417988606
0606546357
5726058618
1808382543
4315748898
9801072874
7429106674
7434643504
0420919177
7730868561
6119646800
0004452315
1515694393
9308481234
3400217538
3803052293
9314763500
0012097893
9324970746
4613328627
2701396215
1518203111
1123579666
6606626376
7631245358
5806978535
3505800876
7633157927
2702773331
3108007736
3600810097
9723817167
6702120939
3901244060
6003300342
4211701642
4212217569
6930347448
4801635944
4422309426
2606636770
7000775485
8508547928
2802782453
5300583473
7318581000
0022740861
6122525059
5900942120
2008697342
4213087485
8508803138
3809611778
7821330372
7217548845
4521929067
6714024762
6210947618
1809721661
6131666883
8306232410
1014320256
5602896074
7442776869
6942054519
1901934984
8402547791
9118528917
1701599130
3003062426
2627804284
8404516134
3430443992
9204601283
8310159907
0700652738
3810854112
1201944294
9402087762
6224460213
1320763949
4914701443
4329596990
9008289409
0909811222
2247421668
6810511429
2902563493
9326790281
8105529596
9623403960
6005041431
3110220814
1400531108
0809721697
9727776002
0209628507
0705348772
7253760294
9410544816
1607017505
0513470550
5019159385
8531104434
3444294288
8808980697
9730851458
5813368979
7913672932
3208044512
1217313862
6239348567
6722005838
3823862784
8414536273
7334160364
6406093503
0347706566
6607291742
4230285029
2905882074
7446503913
1324103976
7640270358
5823247121
2104317188
8814250066
6618371074
7447289401
0120666924
2400036123
2307647323
2313858112
1219932804
0421335560
6017547614
1404542234
3452394485
8531471205
0533962570
7027315364
6432777955
5502548073
7338700978
7821751281
8117481422
2256422777
7732445611
1126136052
5200380697
9734627332
3212213698
9812043888
8836381891
9122346327
2708821508
0811050900
0035784567
6731633094
9421099053
5307941335
3515239655
5507736727
2730963646
4625772196
9624099129
2908545755
5511102723
2314022909
0912178973
7347662383
8311672910
1023076466
6627684053
5310429566
6631719661
6142023444
4438481925
2508514145
4551398130
3021123090
9027268777
7741941298
9815629659
5911847049
4926890331
3121663254
5408851857
5732846486
8616306854
5422880811
1147119569
6954061293
9345286155
5515176413
1327305104
0421829515
1520326446
4643294199
9923245404
0429246180
8007809506
0608269087
8705514271
7101148678
7824465764
6437729488
8839498007
0712471569
6964035235
3524922097
9752881795
9513397833
3326895725
2512427235
3538910218
1813191898
9827048548
4815088303
0360839789
8910952262
6244246784
8426045811
1147366900
0044944863
6307042081
8122469212
1236373682
8209960090
9030051888
8844145613
1333435196
9624414436
3609272001
0127594384
8440909032
3216067890
9035112553
5327992566
6635458446
4645991494
9422172213
1346934795
9520892375
7501741877
7749103134
3453920561
6147309720
2022081257
5759616573
7352416281
8137152661
6154013014
1424157540
4006518264
6442570550
5032026843
4334279736
3613558252
5206788598
9831644759
5923854914
1426150894
9430911971
7102254805
0543331955
5519025476
7658321702
0221631639
3918286038
3828335064
6449709238
3834883333
3331342751
5104054716
1635885316
1642031820
2034223624
2404171439
3928481228
2812348835
3548650297
9758600966
6635700375
7516383430
3022179249
4936757975
7517563158
5828262665
6503817031
3136269448
4850616266
6645966147
4722362794
9436439213
1363096836
3615992132
3218281637
3703197738
3836143236
3616394431
3140869094
9447743164
6452133250
5032745562
6246925195
9538757033
3343279010
1043669596
9640434242
4232051045
4554237717
1707602148
4852698529
2913514254
5422901341
4135922755
5525324106
0610595829
2918882551
5114355261
6157305036
3618567536
3631508066
6646369240
4013747462
6248412114
1446532739
3950938461
6165603120
2034538612
1254968271
7128639575
7523472946
4646435134
3463235507
0714287092
9216538642
4234810688
8848493812
1264178649
4962836650
5033691773
7352568635
3551612801
0148561154
5443529074
7454790709
0919369423
2329908734
3490111355
5538567431
3141019510
1046935062
6263750860
6019292582
8210843990
9037623098
9844250562
6267365173
7357914085
8535965683
8327921672
7257896136
3635073425
2520925042
4239969732
3241137614
1450064536
3655375813
1366442970
7035051967
6768569421
2122075302
0225997294
9449533545
4556922963
6327961118
1833607946
4649445959
5924394361
6172875873
7369003374
7460216587
8712550261
6175763639
3954861848
4854440381
8150264268
6831329248
4861395531
3149794979
7951317703
0362990758
5833354008
0833203255
5546573425
2531238772
7272854495
9545382503
0363919459
5928174684
8442963802
0235550050
5034848464
6462372876
7659685583
8333156210
1057882375
7543842181
8157634102
0246240850
5047485805
0548000413
1372853033
3347517612
1265678778
7824905083
8333385262
6270156212
1273594752
5217342850
5059087757
5782252419
1904172231
3150188122
2265973026
2637923475
7569755533
3353032058
5834857932
3255006079
7967840142
4240559798
9856205363
6328619841
4155030935
3552723135
3556242808
0845333388
8853728219
1905823968
6852135319
1906394768
6857620366
6647771600
0047036421
2122658271
7144981195
9552121785
8538603886
8618992449
4963712844
4443842243
4346408970
7057637738
3844353736
3661686077
7753749745
4558910394
9454110597
9770481759
5948176314
1458146939
3964355771
7151105584
8452431296
9641271877
7755058807
0745197571
7159708790
9051004605
0570422456
5626381666
6662823669
6980990978
7827736536
3662465276
7664075780
8007892974
7478827684
8459209229
2926128729
2933540985
8540999682
8232365297
9777744062
6272429164
6464810742
4244475105
0583250455
5548038191
9132179391
9134184704
0432057876
7678169783
8334456623
2343265025
2531412544
4461862141
4180120970
7061586185
8549660623
2349375457
5795947847
4733827487
8734493142
4246003733
3359879533
3363569306
0618005310
1060732983
8339339352
5223003706
0624557355
5554275390
9051420271
7161699316
1651659285
8551977660
6020032686
8621791524
2419779240
4014646574
7479706755
5556797900
0051441397
9782077545
4565713494
9459199962
6282688197
9785693558
5845413299
9928637787
8736153065
6506339986
8637878949
4976216232
3269115715
1522742973
7372418504
0436761200
0056073606
0625344106
0645196469
6992893075
7582701532
3292460178
7829562694
9463910945
4567645266
6672815905
0583417539
3973572570
7080871683
8339486576
7683589883
8349428598
9856238595
9553159102
0258318696
9642617654
5444075329
2936890653
5386782777
7767589454
5464298785
8555685929
2945994987
8754127258
5866786642
4249524422
2276748202
0268441159
5963417555
5561252857
5798980836
3668017355
5571031321
2127018817
1707917519
1976101573
7383292375
7585304324
2436760882
8245046937
3725804160
6030243221
2147464766
6672884740
4014770746
4651645531
3159940055
5579573548
4866721072
7272923437
3730893488
8866456279
7970330307
0761124117
1730861533
3386959640
4025839214
1465128577
7779515131
3164657954
5488668343
4350314952
5249343690
9059331437
3743256956
5678541800
0065614878
7840199127
2732081515
1523099561
6181450617
1759259447
4749737015
1564047627
2750269995
9564139058
5874792623
2355727623
2359105627
2780599962
6297453095
9577203767
6775865941
4186202914
1469816059
5978782272
7279334324
2450065307
0769113503
0365703611
1169070834
3491847484
8460957911
1176175626
2649191635
3571276580
8016985471
7177286303
0372291300
0067173625
2532414177
7788540658
5876569580
8049537660
6045194383
8351506521
2174191890
9064243198
9861536198
9862436237
3749383382
8248700446
4663126384
8463436385
8568223566
6673871729
2950067374
7480910342
4254147695
9582945897
9787597686
8640596929
2954950093
9357949838
3849018561
6181507280
8051342664
6495748181
8163125058
5878102586
8652583816
1652289399
9957246929
2957506541
4187612232
3294811903
0373359148
4874346247
4761592733
3387982330
3027296339
3973821076
7686262010
1069102045
4571318559
5993878747
4763216882
8252095295
9586922608
0846629898
9875165951
5131389427
2783954808
0860726086
8656163748
4881820792
9241639822
2284963172
7283602560
6063092126
2668635265
6521705426
2675234226
2683898718
1847960300
0073648583
8356239270
7094771550
5062597133
3389467559
5995258215
1570258310
1071527930
3046231383
8363308376
7687900991
9136720202
0274651158
5879504420
2038592670
7098620676
7692597496
9647924507
0780578216
1655257315
1577901341
4199984815
1581342498
9876837236
3688150918
1862813970
7098672050
5063715110
1079760648
4893089414
1470380625
2551502961
6181773344
4462442981
8179194866
6673978091
9143080693
9360149546
4678832266
6676265846
4678932006
0674336488
8877539501
0150690199
9982793616
1655849680
8056737037
3749965740
4027131914
1470571501
0178146076
7693825392
9257945310
1081904644
4491396294
9467825282
8264712507
0785906086
8681412963
6335407996
9675096729
2964450491
9153494391
9154126327
2790310094
9474881647
4781332367
6778978809
0919627310
1086075415
1586551523
2376361146
4679679867
6787783880
8060598721
2175559180
8067422128
2821984930
3053384184
8473374442
4263265830
3082641730
3065943874
7481595554
5499673424
2464506761
6186487366
6685470829
2974026909
0923717880
8084339577
7798332302
0279358768
6876787283
8366837428
2849720082
8265872693
9365675582
8275691909
0945000292
9272863385
8573584416
1669364812
1281040093
9370465412
1281965402
0289108263
6362497782
8299270915
1595529074
7485965536
3699009561
6198845747
4788150337
3764373681
8182612914
1496430240
4031833317
1771087297
9799673905
0588646460
6066668889
8925722516
1674789310
1095076861
6199662639
3976464338
3853743163
6370557065
6584110049
4980781439
3988071959
5997709690
9068366055
5580825073
7384996268
6880843160
6097124310
1096792418
1878342071
7192065790
9085046853
5394372601
0190505346
4687945323
2377472152
5252679971
7198090469
6993885223
2378001296
9676614337
3776666709
0948662085
8598089094
9478062599
9988747723
2398105763
6372491166
6690145150
5068530993
9379136778
7867418747
4794022895
9587697692
9273277696
9683210487
8791953947
4794411383
8388527655
5582580367
6797606329
2982864274
7496435109
0953962163
6378121102
0296785475
7599309888
8884976911
1194226420
2082228063
6378190616
1684846149
4982147079
7998256666
6696670886
8696971306
0680172955
5592338535
3584130225
2565700521
2192286051
5189418726
2693945169
6999399443
4353437216
1692482849
4984508447
4794870508
0866482606
0690325704
0437770781
8187519998
9881480531
3191078418
1882984996
9694461119
1977920580
8098801509
0970445584
8485437240
4083963578
7868096725
2593441694
9489853768
6887721552
5262249735
3595795307
0793142402
0298333864
6497983829
2986387652
5270098628
2871094794
9494186408
0875215437
3778798924
2494119424
2477916059
5997750676
7699511238
3877753050
5090593013
1387243088
8895374308
0889517303
0391741542
4271075845
4591848056
5698297695
9589860698
9887022325
2595107543
4377963909
0973511329
2986903620
2092813940
4098175878
7872033563
6380628698
9887935758
5889629293
9385080893
9383265920
2092785891
9171261918
1895640173
7397863043
4394986037
3784806342
4280422891
9160100828
2873762259
5999918116
1695949287
8773070585
