2607367305
0501606826
2620145504
0430016888
8800753052
5204676387
8704162334
3427891122
2237120362
6203550657
5704460536
3603976856
5601828152
5218528852
5219893633
3303046195
9513450719
1910975089
8904106238
3807588742
4216140347
4701184670
7020444755
5500637208
0808492919
1932382630
3007360463
6311958010
1014837430
3008898906
0604665324
2416523986
8609240259
5914299572
7206694551
5102896039
3905594715
1524530128
2801233609
0900207736
3610251598
9809087135
3526620978
7800521888
8815654969
6903766942
4233676732
3205077587
8713799611
1100256468
6802881827
2707577387
8714459092
9201871703
0333699088
8838200211
1114334892
9202164661
6109222283
8301090903
0336871805
0503306754
5412671471
7117461473
7328392076
7618911098
9814817136
3610490171
7142153186
8611702323
2301250191
9126529618
1802299849
4901354527
2711672999
9909689123
2310304708
0836108336
3636285834
3428339722
2241043584
8404900840
4004664432
3205767927
2717890713
1302223354
5427803916
1605116847
4711961698
9828976574
7411914579
7906873694
9411092648
4813914875
7503891774
7419786250
5019084679
7908190394
9433019425
2519974347
4713325441
4125290477
7701126095
9523017429
2901745493
9305719566
6607670559
5918672296
9601616257
5706810461
6110320516
1606534780
8026568932
3211567327
2721058459
5919323724
2419651005
0505146232
3218868290
9011022734
3436100005
0532910873
7337341108
0838560603
0340538688
8844443740
4007763180
8029874343
4311068765
6502271398
9831707837
3702201239
3912312184
8408618522
2242632775
7504337145
4507296716
1618591755
5516602644
4403287695
9533490458
5817460816
1623231009
0902187291
9128362909
0908587262
6219396790
9018908524
2424838593
9326022763
6330052512
1202435292
9203009941
4127068680
8030632024
2440856672
7220007068
6826599292
9206464098
9850271764
6401575541
4127785205
0536410562
6235310817
1700405862
6244116052
5225356022
2245995441
4128343059
5925199924
2445436544
4410034132
3221264119
1937789977
7704905675
7512767787
8719292022
2246117058
5820073603
0342002969
6909119118
1815784707
0737807874
7426532107
0750974471
7149833238
3820577256
5605421757
5708536346
4603385062
6256703305
0539867732
3222200668
6838529631
3119704203
0347995735
3526847054
5430089322
2254480269
6933051056
5624340647
4734093537
3710474461
6118423092
9218107463
6330981175
7518380811
1124959328
2803261037
3724591918
1848565929
2902163223
2323206574
7429166915
1533304446
4632570286
8612404039
3917084360
6019308555
5533052378
7802266133
3312458548
4825727998
9854560958
5849906225
2523566039
3929323700
0012260436
3636709466
6635775994
9464998012
1212349757
5724517930
3039208925
2527607705
0566021808
0850353475
7527148528
2839686387
8727422167
6706770974
7456264973
7340599587
8736206565
6510183760
6031433671
7153871422
2255348610
1019385394
9466464092
9221420292
9227960730
3040849109
0921583519
1942504944
4416250848
4832234864
6436238798
9858282068
6841003332
3230163810
1029021536
3643100918
1877336127
2721069552
5240887935
3562486919
1944743005
0567982151
5110025800
0016082688
8847048313
1309428693
9338164239
3930641548
4840867033
3323250296
9606873163
6333102566
6644568315
1555115281
8143950791
9135260984
8412503205
0575421541
4140323648
4841168005
0577924460
6042149747
4735737197
9717643984
8415290182
8210760276
7645919712
1218354116
1624790500
0028767986
8630131584
8417945172
7221562880
8039948576
7646494450
5022079692
9230162034
3460386499
9912008537
3733633227
2722019625
2533346193
9346256590
9033294868
6841541909
0931709328
2851989695
9539330309
0936123736
3655462616
1628198759
5930396886
8640962232
3235026682
8212499304
0443139565
6514056914
1400954097
9718435817
1701402642
4237341673
7343172370
7040677553
5301380482
8222573031
3123750042
4239154336
3668363594
9476797432
3235328627
2735667000
0041424802
0204406129
2910150521
2110255505
0579631073
7347470289
8919292943
4314107767
6724606681
8146923414
1405084697
9728788823
2324361228
2862192172
7221591808
0853336537
3738739159
5932811003
0350277954
5435481686
8644142424
2456257493
9361985372
7222967747
4747215933
3335685397
9733766193
9365830260
6054983279
7908237825
2537747801
0106173514
1416194239
3931022507
0752895315
1566165701
0110716874
7474108672
7239821415
1566318967
6729455002
0227083247
4749831441
4147623919
1953287623
2336653623
2337730547
4754457638
3822840887
8737834116
1631484424
2461471793
9366899763
6353584591
9178608211
1134111268
6870396279
7922213853
5338542561
6119530459
5957049374
7479401314
1423395083
8313497901
0125847964
6445622945
4511947902
0227777173
7348429104
0447305694
9480495931
3125747855
5562152478
7808467636
3675648501
0127928533
3335981551
5126718147
4755315182
8223371250
5035658150
5036540407
0761487218
1877759090
9065636067
6729537083
8337803201
0132603372
7242347291
9180131625
2546935127
2741330384
8423780768
6875318244
4419895900
0044403295
9553552018
1889283111
1139777904
0473820590
9065766379
7938151359
5959805644
4440639216
1633539852
5243731903
0354361542
4241581385
8506241384
8438975950
5044882609
0949806885
8543575439
3945171952
5256434580
8060672425
2546972265
6547048042
4261406797
9751402417
1723399999
9931161708
0862079673
7388010225
2551522529
2912513593
9375380902
0236188903
0372637641
4150964940
4014916811
1140202288
8850038458
5868030516
1643859900
0048180449
4918201302
0245721796
9626599243
4331015521
2144000642
4263270633
3336989241
4153426042
4267068473
7391013622
2263318210
1047099830
3044764614
1424784101
0136738517
1726581237
3742950048
4841594126
2628920788
8861652508
0862485418
1889337246
4645123732
3244386523
2337909398
9869305995
9582540243
4338226919
1966081854
5449543848
4844279733
3357537632
3244426923
2340158856
5643116754
5450476361
6126232833
3358966068
6882396944
4443551497
9766197030
3051934448
4844771163
6355815143
4338956783
8344221266
6646208943
4360346785
8557951059
5973861524
2462787839
3951427433
3366330267
6740538810
1052718016
1647585783
8350756296
9630052293
9376745687
8742122348
4850346787
8749235932
3247273692
9239978229
2914833626
2659212281
8168615669
6937508877
7729896381
8193002909
0964412101
0137784788
8869248443
4379581757
5729546114
1425955678
7813321516
1649797992
9258933082
8265982245
4543347441
4153827845
4551127216
1662436610
1074048757
5730535686
8648256359
5982546739
3962228539
3967997113
1348280208
0867524846
4662946479
7941087272
7246069436
3677460197
9766278586
8651757111
1150871080
8062272265
6559049184
8439955749
4922093135
3569453948
4854309664
6451945036
3686513017
1731072890
9069225715
1570890332
3263595023
2369317327
2758103189
8921041010
1076396905
0584409028
2871834111
1159484957
5731176815
1574969406
0622409041
4156928954
5466249204
0485268851
5159237295
9585928455
5565182012
1224644182
8267658342
4268823229
2918379432
3264110156
5645613648
4857140364
6452709591
9180885001
0140638167
6745603372
7248613524
2470224789
8930648744
4446944461
6128764477
7732299487
8762002859
5991011075
7531393824
2476026238
3826381767
6752169861
6139510619
1967130807
0765952241
4169230642
4270634483
8357142120
2025310656
5659972443
4383311439
3978005629
2919219564
6456037707
0782680888
8870982704
0493591186
8663892758
5885760299
9938468577
7744493214
1432414163
6384857499
9965218182
8291668439
3985105685
8594375596
9631999286
8671587809
0972285398
9872549744
4494301224
2476910816
1663633347
4756219076
7649274707
0783202757
5732121412
1238465719
1980595266
6646596031
3131595678
7815318751
5160235467
6756189823
2380899836
3689079428
2887498030
3056625688
8878669940
4046581888
8896971447
4759412721
2156867276
7675816557
5737171634
3461963162
6263876145
4553416909
0972478830
3059019192
9269967835
3571105536
3689202672
7251868414
1435155979
7944754814
1452760852
5258129897
9768732900
0067769743
4383355338
3835609519
1995909959
5993064187
8767147395
9594057526
2680206601
0159288722
2279115967
6771507617
1739794665
6581048437
3767170885
8599453530
3059311075
7532545516
1671619261
6140375727
2762117223
2393098958
5890497551
5169918345
4568313671
7164937705
0587736717
1741894414
1453404359
5993815489
8940912525
2553841788
8899414592
9283018184
8442561019
1997694225
2566342637
3769566764
6460847809
0973561051
5173896731
3155832448
4863850614
1479065627
2777274552
5269965352
5272791662
6265358587
8774564750
5044947483
8365815403
0383078632
3274235020
2059088177
7746632248
4879974511
1172146089
8968775848
4880146861
6145552915
1584220956
5666956617
1763461371
7168051711
1184560640
4056299849
4930272402
0254595646
4672633064
6465710025
2580364172
7255304159
5995340878
7820298886
8672327812
1270554627
2781780005
0589152386
8674458707
0789437762
6275450409
0978793547
4761069549
4950361169
6939781852
5281079975
7535873848
4888844101
0161185884
8442992349
4962364802
0256103722
2285586098
9878161075
7545736037
3785904350
5045016789
8972970791
9188734339
3985315331
3156019656
5667122180
8068456409
0990509042
4274740734
3487164709
0992508040
4057980048
4891975252
5283162761
6174414102
0260443963
6386149414
1479754186
8677530254
5495875305
0589544220
2063635942
4280820696
9632189498
9888079647
4773180889
8995183212
1271423975
7553907162
6278936780
8068890587
8775341734
3493691561
6177800438
3846428478
7828114087
8784397984
8443777460
6063872439
3990845347
4789937298
9890158166
6656138856
5678479416
1673741476
7682538113
1377703458
5891815231
3158019198
9891554481
8195771929
2985176532
3277812515
1592800535
3577950961
6178412809
0999872270
7049812861
6183151983
8381668600
0068523166
6668291396
9632786780
8088979771
7173541149
4989213448
4897225121
2176029267
6789454807
0790529359
5998800045
4585242056
5681445204
0494229568
6897214132
3280969673
7395758710
1091768298
9897196807
0799261272
7275812877
7747999802
0286764535
3594717806
0667460840
4060268733
3366744986
8681722669
6952906889
8998721924
2485100756
5685767363
6386965767
6790146140
4062947911
1199639044
4498271056
5699201673
7398962726
2683673251
5174857092
9288229669
6961811212
1274807435
3597070600
0081803880
8092679290
9072809447
4790357620
2074182032
3285131042
4286691840
4064004453
5355309110
1095742525
2582184165
6584954270
7073091955
5567783387
8794873752
5297258096
9667256601
0161352179
7975892155
5598993678
7890191938
3850580372
7277228874
7497677170
7074484422
2293644026
2684808039
3995390493
9395874597
9784683416
1685297069
6968284867
6795852503
0396532466
6674279877
7795335537
3791388464
6478033397
9785033572
7277495629
2988110727
2782961933
3377121543
4388649001
0173527025
2582793294
9481430850
5079561125
2595520038
3872041814
1481259020
2078609579
7978124432
3296405530
3060074213
1388519670
7086602384
8472147227
2785124031
3168515318
1894952863
6393902308
0894741599
9977562869
6994742236
3697977118
1899176846
4673560857
5763950930
3078000086
8684305441
4182492137
3796744327
2797233646
4695697738
3885762175
7595368172
7288839614
1484785001
0174077571
7190848877
7799143338
3886036984
8498977515
1595428402
0294477710
1099437514
1487314333
3384120579
7983934033
3398350216
1693278364
6496503684
8483081076
7683780157
5798543251
5177637086
8690969799
9979066740
4096177647
4791608107
0799544651
5195311631
3195202567
6799801039
3998161376
7696929745
4589220787
