6312129952
5201520222
2218604152
5203446761
6106475479
7928932370
7001753873
7308437258
5808115073
7312486902
0205207572
7202998353
5307720710
1003382035
3505075161
6109669772
7224655725
2508934101
0110181247
4706721288
8806004081
8108010960
6004571104
0401362135
3511745651
5101120845
4504068803
0302451760
6006333931
3110336453
5310699327
2704694616
1627259279
7930554092
9215258641
4107141992
9224324344
4413567641
4162969866
6641992259
5921939684
8429258144
4428090788
8816429382
8209033324
2410638752
5205262709
0906316558
5814872057
5700891854
5417165358
5834356032
3214567835
3515582115
1510215187
8715918158
5836942990
9000853191
9125973519
1908650695
9515029149
4906268827
2716406966
6643911928
2804074203
0305012105
0508805510
1003425711
1124152399
9904926436
3616632263
6312661070
7002035287
8730170262
6205740918
1809356260
6009238599
9931108764
6413891266
6646157285
8508030373
7338434547
4716024558
5838402378
7818717628
2809558613
1319354055
5505165347
4742681472
7228458797
9707649117
1704579456
5604377987
8731836338
3802264401
0121097043
4300495766
6648641094
9405192676
7616400265
6516788183
8309148639
3907298627
2742034982
8244076566
6653722863
6322290638
3811215006
0618028092
9225411338
3827549435
3521239095
9516315032
3218444113
1320249054
5421049973
7374152512
1212152645
4507150873
7377734291
9136353592
9231429079
7941181425
2520769933
3321644645
4514627273
7379676407
0759074558
5851127912
1213694986
8606238517
1727085546
4624894377
7702224545
4515714743
4302573352
5208304922
2229716615
1515351378
7819592871
7102065994
9423076051
5101229571
7106423883
8310939827
2744635929
2900068962
6212324162
6233166165
6517099533
3328384069
6902769547
4747142197
9708134005
0514222752
5214820921
2107359278
7824403181
8124825458
5852394580
8007028451
5118997904
0403150458
5855639880
8048732913
1321318559
5931301590
9017972403
0305775504
0407026947
4753139548
4820299380
8072322745
4536444399
9931427361
6117889189
8900772326
2611916145
4545945855
5523773252
5223269913
1327159817
1733626043
4319024690
9026926223
2304469367
6724448589
8910417861
6133498536
3628312351
5131895792
9234509447
4767430335
3526991330
3009608905
0521543535
3533824642
4200201202
0208185963
6333455219
1933877069
6925160658
5857650960
6012064714
1404091611
1135051452
5236488865
6521096781
8127019336
3633910275
7504026946
4639259757
5707210913
1329613071
7111021349
4928664743
4342115302
0213179997
9716670526
2612898393
9333061464
6418929255
5532289583
8313017349
4933835262
6239817663
6338626608
0805315751
5138450248
4838455721
2107944870
7021819806
0623209491
9137703704
0423997559
5937503751
5142608515
1540597812
1226835705
0521945651
5151951122
2230072319
1936441290
9028575687
8752550208
0824052549
4942708494
9423344370
7022124461
6145752555
5536510927
2751622931
3128853906
0626978589
8913212618
1814693415
1551963501
0124377388
8822056289
8928868844
4448607076
7626745194
9432634401
0128553433
3342946155
5546184929
2920417704
0451043884
8436031620
2008335354
5425773026
2613533576
7627674248
4841338776
7627967679
7948854289
8933993867
6725909621
2110118586
8613415302
0214188016
1629478237
3706414615
1560568858
5866090131
3139338056
5617240802
0232953877
7708393998
9813114827
2752070163
6350302478
7834132763
6352904069
6941848051
5160700696
9606559886
8652889359
5943902936
3656056821
2118491813
1339993094
9439781571
7131904184
8436187758
5868611612
1248736806
0637924550
5045997035
3541800520
2009638117
1736108349
4950620148
4845018754
5431693204
0455378950
5047969803
0314903134
3401341015
1570314966
6658712640
4007912612
1269489085
8522436107
0762388201
0132061861
6154823944
4467807959
5961112239
3908802298
9818503658
5870349459
5977926068
6821804333
3358855946
4646993881
8128542114
1408791435
3549216266
6664110543
4345815129
2923609550
5049780805
0556734213
1361239188
8833084687
8754076183
8318849749
4955298492
9241207182
8271141581
8132046570
7028241224
2423433104
0457277572
7230691888
8836347230
3020656638
3836245524
2429237628
2822050224
2435269798
9829053492
9241747660
6012087377
7723020985
8526739213
1365458871
7133602926
2662872100
0016944116
1640247330
3034346221
2119765826
2668158954
5432238255
5557585943
4351506783
8320459365
6522790739
3911669244
4472169181
8138227460
6035369911
1153841869
6948467137
3740188396
9610596832
3230245529
2926631968
6822431009
0913011636
3661950925
2525308023
2323849757
5730654663
6355923301
0139597630
3050825202
0242546288
8861311532
3238245038
3854875508
0830311164
6429245464
6433278508
0852350271
7138549520
2028142929
2935239965
6523785624
2453559040
4042092545
4553831873
7384625267
6757770575
7522948421
2132077764
6443974654
5437677239
3923468196
9611486276
7630118328
2825074471
7148774999
9944618100
0017006331
3139968645
4565886320
2032771041
4189369668
6827886118
1825313858
5875298199
9948734616
1647925878
7834386237
3748516303
0323815288
8876953633
3360294637
3755908409
0915160157
5739267527
2760484274
7400911150
5057808153
5330108042
4211211104
0460208405
0561043083
8329931578
7839327213
1371206160
6044451958
5878297718
1832231881
8149967806
0661588133
3360935103
0344141806
0665587501
0141838894
9468885157
5740183243
4351835953
5332359145
4566086243
4370637115
1581312731
3140854094
9471237899
9958277596
9611521703
0370477941
4189504652
5249224675
7527773443
4375025608
0853233775
7539528669
6955712806
0666017568
6831259920
2051501634
3409852846
4652308917
1754476347
4777556338
3872003775
7583626862
6252114819
1942375308
0858098198
9846117762
6253395548
4846103456
5618766994
9485135327
2764356200
0041398743
4379225197
9717289490
9030474641
4198160161
6171342099
9958587155
5559924534
3410078371
7155151078
7840707929
2946580863
6359094533
3366723671
7164107360
6057117049
4972791765
6532827904
0460924534
3419344035
3552315100
0041408012
1270109316
1662190814
1416031629
2961728055
5560762538
3883215139
3941021605
0562048558
5881718503
0373634770
7033697750
5060019434
3421583900
0058584191
9154247690
9035240693
9335446609
0941186942
4214403002
0244736531
3153963048
4860612476
7635668323
2347445764
6445082305
0564223168
6837519142
4217002889
8942997961
6176840606
0668040698
9857787877
7738765522
2234918281
8153333290
9058207219
1946937419
1985515353
5346021804
0470667489
8944713480
8075972908
0874577375
7589752981
8153697801
0143744514
1419592545
4569901970
7043982654
5447375066
6664293856
5640042655
5562751665
6547001209
0946225543
4393020970
7059376417
1757327995
9519538496
9656191240
4069699412
1281590507
0773043987
8761373266
6670223318
1845057950
5061216777
7758582454
5464410190
9059287072
7255530478
7842226252
5270102835
3560744509
0966955660
6078133966
6670510003
0399786337
3775563149
4975254002
0256268576
7645131040
4071755833
3376498384
8440892866
6671736380
8077290216
1679318771
7172796315
1581964981
8171410234
3426113062
6258692180
8083529822
2239810062
6279076137
3776132244
4475496585
8542805656
5644034139
3959993855
5564753813
1372331223
2368682902
0258341569
6965546377
7764161497
9719294979
7950724295
9541794559
5980133450
5079684720
2053421399
9967728392
9256252685
8543805412
1283432930
3056000162
6281807683
8358242645
4573908821
2132080555
5566955214
1425730148
4870869130
3062924525
2553841534
3431530366
6684155601
0167710430
3081149300
0060690025
2559139757
5747904110
1011117900
0062051102
0258429601
0172515042
4222510181
8176857276
7645727880
8084193688
8880891796
9666710156
5647393222
2243599754
5476047431
3165784101
0178134058
5889657338
3885801916
1689294002
0264611914
1432681140
4073838027
2773397888
8881689051
5172653621
2132980135
3583260253
5352974283
8369894104
0481414540
4074495391
9155637201
0184598494
9491469883
8376600470
7091959079
7973025961
6190149876
7646458824
2457759138
3887309867
6762222710
1018390126
2670354722
2249984058
5893031985
8574773325
2579767495
9549806181
8180434490
9065890794
9495822577
7767311567
6767054510
1022238418
1850174011
1166194544
4497478332
3266165732
3266752268
6842392396
9671915792
9258969362
6282657765
6567643340
4080744362
6291211624
2459285190
9067423897
9747108232
3274539758
5894351349
4976207685
8582193062
6295912234
3462115018
1863045267
6771038897
9761589300
0074984131
3168882300
0086741229
2966045569
6980029438
3895257668
6853751235
3588569568
6870263174
7410953868
6888374328
2883173684
8445683726
2670749610
1034947436
3663364026
2674883224
2481419231
3178201290
9072102332
3284600163
6380728829
2983686359
5983962726
2678339787
8766018429
2996237822
2267613795
9551236838
3895557167
6773217386
8660099479
7973982685
8588830028
2885626408
0875001993
9356165937
3777358989
8946820000
0096319355
5568857764
6452086243
4396721321
2135415622
2274245755
5580652897
9765377878
7857126627
2776737965
6569795909
0985279076
7652393942
4231546727
2777306692
9260153036
3680644962
6296655435
3599936458
5897085248
4879276280
8088284456
5656655542
4232596254
5479466778
7864319342
4233853802
0266180072
7279784386
8662164721
2158740755
5581755481
8184378893
9357637140
4080882334
3471783599
9970449150
5083782210
1042492055
5586569297
9769280940
4082569372
7280244763
6392565601
0185343593
9363040068
6893229153
5355681714
1440795081
8187665384
8452999233
3392449230
3085236771
7173378942
4241810407
0777727012
1283486089
8952668602
0280367739
3965778156
5668570997
9770056584
8474133968
6895512183
8389181787
8781784295
9562671757
5783934253
5360919573
7392345722
2280727820
2077433749
4981140736
3681437274
7419338948
4898999460
6088904905
0574350397
9778010989
8957680954
5481423291
9169493990
9075754140
4092476313
1384631493
9396217293
9393776547
4796727545
4574522299
9979307239
3993150727
2789511249
4986700399
9986884531
3190596759
5987949299
9992287378
7872785842
4257856725
2581652159
5989089024
2482918925
2583155167
6790266476
7654077997
9781209526
2695174489
8960188253
5369469564
6465501124
2487761027
2791646424
2494740054
5487072197
9789522223
2377654091
9173874483
8395830518
1870294245
4576654423
2385625991
9183086553
5387243547
4798117246
4654559355
5590572789
8976261876
7655357364
6470914976
7665979095
9569362539
3999638451
5176737760
6093373088
8894252980
8099836525
2591810355
5595362066
6689812092
9261629518
1870961192
9287470645
4576972088
8898760618
1898592111
1181499201
0192706742
4279925506
0668283045
4580200814
1450368366
6691397705
0575245716
1692935413
1396478254
5496700961
6198322349
4988412590
9094303428
2888888253
5396895020
2079808851
5190089978
7891127310
1074606553
5399135923
2392962311
1181901431
3199420171
7173640145
4590080746
4662480751
5194612946
4697981979
7983936670
7093518375
7595750886
8696051974
7449562797
9791569654
5497550395
9569797612
1283758392
9297819019
1998477695
9594472550
5099257671
7174477670
7098933349
4996893071
7181013707
0786333672
7293880106
0668864308
0885080824
2495860171
7199782722
2294815614
1457462921
2179303133
3397869942
4293856999
9992568262
6299640633
3393658656
5687660402
0290805910
1075570613
1398880717
1761693228
2892772069
6985968614
1471532776
7686307056
5692029437
3779615621
2195784906
0674686264
6484243616
1695074657
5793486677
7779501259
5990419964
6479622411
1193240063
6378413704
0498341641
