5701929547
4702356799
9902647674
7405429899
9909638589
8910812979
7901706706
0603138998
9802552577
7702158660
6040059241
4106448746
4605352091
9109897424
2407541629
2927507430
3000495200
0002979045
4500791522
2232568548
4812774004
0407114338
3803075248
4818373293
9312381609
0902205598
9803889187
8709884199
9910802806
0608854956
5603292664
6408259871
7122372201
0109335499
9918048608
0801728474
7406832815
1522233392
9216598590
9004994229
2931580545
4514786633
3312783567
6725541208
0827011665
6504751794
9405893754
5404816675
7504841337
3701803960
6055141629
2938659126
2620055299
9920257820
2001460353
5300891977
7703059156
5603733781
8113565955
5535112806
0610923684
8413566114
1400052499
9927413808
0870591525
2508815181
8115204617
1702362058
5812018500
0020335664
6414553609
0905229749
4907149271
7127203002
0209614483
8316194288
8801641240
4008792014
1400954944
4401888491
9110731782
8214488854
5409850701
0112592140
4022331324
2412621775
7512232239
3904030018
1813860633
3313728809
0916438667
6727830055
5551728789
8931642947
4721020957
5710373353
5314979373
7307933771
7133370241
4115288617
1704214599
9946865107
0701625637
3704293080
8010944561
6118205830
3006393566
6620637984
8426168072
7210897422
2238263837
3704504626
2642780999
9951175958
5815213248
4832743563
6307254142
4215244564
6419874334
3400241185
8500402779
7902941805
0503409152
5203181542
4219036786
8600612956
5613327263
6318811603
0302642129
2969100130
3014392233
3319320589
8936070738
3830441360
6058823396
9623412498
9838629744
4403449413
1302640504
0412024037
3709629747
4722603225
2510920916
1644579333
3332132197
9711620840
4026504910
1012963665
6512147286
8603106217
1732524782
8218679895
9507104811
1100206292
9222647385
8520909135
3511944035
3523075745
4520784738
3850296616
1645317671
7138814316
1656105412
1202911969
6901360058
5824466256
5616635649
4915345790
9005342743
4302464963
6364926587
8722466004
0412886753
5318523355
5562287701
0117582927
2703114864
6425455580
8023331885
8523111133
3338430187
8723094577
7705135531
3101931429
2984681199
9962356797
9718223537
3719018122
2256124403
0305244526
2645043196
9631302915
1547578520
2034698393
9326913834
3400387247
4724349821
2122184385
8523464012
1203942662
6214417331
3121149972
7234721191
9130031971
7146046398
9838896605
0517732579
7909224977
7720266311
1107198905
0533838350
5000246706
0616018045
4531417376
7602624950
5030244675
7523281613
1304127711
1115965228
2800121404
0418918184
8426316842
4228500027
2710343644
4415886693
9330287345
4537449433
3341143771
7154938707
0701655909
0930445002
0228808397
9732587148
4835068343
4304646572
7234832709
0932068895
9515893386
8612643196
9639283337
3729469140
4028151693
9341390089
8943172877
7730619975
7525489203
0309862374
7427636094
9408687928
2800359549
4923491312
1212468169
6936692475
7531916044
4416591119
1903799800
0049036630
3015343917
1736296254
5418902412
1215422125
2521204011
1123332009
0941903652
5249137214
1411880363
6365846387
8734806952
5251054107
0709047441
4123121066
6640770921
2123268513
1310162450
5063647073
7315525980
8032323702
0235924197
9733969193
9344335888
8816111548
4840476482
8224923561
6133188091
9151832009
0946189633
3344660910
1022742496
9666289212
1218297409
0960294642
4244045662
6218820001
0128364777
7757187434
3406188021
2124464352
5262773364
6431974383
8332469512
1221400460
6069468560
6074983874
7434429546
4608199074
7443314722
2279000787
8736689962
6242426376
7609840883
8337733914
1423355208
0878645141
4125313477
7763055557
5713645866
6658653513
1311007686
8629903412
1230876142
4258107031
3125064370
7008283545
4546830544
4417516404
0421936535
3534606723
2302354366
6661747699
9967736557
5721878059
5902890053
5325661777
7766184575
7532347676
7617817695
9532664380
8036278561
6142159272
7235958636
3602350375
7545393599
9972025563
6373310649
4935089036
3618004694
9415896030
3020691787
8750533933
3373922594
9422395616
1662046207
0712546105
0534838449
4940011526
2648829483
8351049142
4265784959
5917357793
9347645539
3919773530
3040135735
3542749376
7622247539
3921554412
1238048182
8225853695
9538406312
1239487552
5264495607
0713123147
4724653794
9467498637
3743975164
6437580320
2063392576
7629641449
4947579377
7776309303
0312652245
4551706269
6945461135
3548860476
7640140903
0313779995
9546059558
5853986312
1244340206
0616290515
1573105389
8945650864
6446578590
9006539204
0430746565
6530752164
6453163025
2549522076
7645251098
9844685707
0724304801
0137652527
2710362999
9979599176
7659583569
6953363096
9672811775
7562526704
0437856357
5730738199
9980573860
6076484460
6076742444
4431258643
4307454801
0139265864
6463765579
7934107040
4031885810
1034936957
5751394318
1819100786
8631855854
5435853975
7565362456
5636674970
7013237179
7936280011
1145672278
7804757090
9017868477
7781428127
2712903124
2412804081
8135946710
1052208114
1454603075
7575033898
9863174800
0061510467
6748266930
3040335943
4313590439
3934030027
2719047261
6162817735
3559316739
3939258503
0320507139
3949862885
8560666359
5920209918
1838908435
3561838159
5939426674
7444300474
7449576336
3637251961
6165074468
6807702339
3954713020
2073254154
5436735009
0969360105
0543604080
8039332370
7018014580
8056327379
7956874263
6373612519
1920363134
3413787382
8236222614
1456776127
2729473810
1064536399
9985676679
7973014165
6533462376
7670492791
9154447901
0144066971
7157224555
5570065369
6961031137
3767966525
2551837266
6663472300
0066128114
1464724892
9238245067
6754044939
3960435025
2560133368
6818406024
2420036747
4732943309
0974336705
0567170910
1068831509
0977371061
6166822304
0450681836
3637278188
8822940305
0568327903
0345640016
1666312848
4841950224
2421488016
1669175115
1576271212
1265847167
6754408327
2739975749
4948237809
0980346813
1311257657
5754309038
3891299201
0146595807
0738045862
6248894493
9353442178
7819023717
1747332340
4037464153
5345785434
3415577074
7466683794
9471359497
9747446098
9866904883
8351141362
6249700540
4055063654
5444462660
6080833340
4059429705
0573435026
2661854937
3776576348
4860658113
1313970909
0980473634
3428379713
1314140217
1748598551
5109538454
5454759744
4435754413
1316376207
0739951939
3960880647
4739741970
7052318263
6381792409
0980952672
7249626063
6384174655
5588855005
0581658092
9250512052
5275303876
7681370821
2127708294
9474693664
6473137529
2984817271
7159963154
5459183845
4556019893
9367117175
7580800686
8658726043
4324633921
2132128681
8152432168
6821663457
5761088783
8353947865
6544235648
4874337731
3125583710
1081735280
8060305585
8567255386
8676361727
2751954603
0348243666
6665761765
6546024301
0157041233
3380474186
8682011828
2815613537
3781769509
0982921241
4137593593
9369075273
7315942576
7681711927
2757767531
3126331490
9068801141
4150091079
7996788690
9077146577
7782843848
4875008526
2662945622
2283806887
8753544298
9869843804
0455842521
2140985892
9256454769
6969095874
7471564030
3058534193
9370814286
8686644298
9879590785
8570925717
1749803763
6386903043
4331592527
2761111111
1147111243
4334387924
2425109939
3966626849
4956873192
9261005594
9483460305
0592028849
4959278203
0352187832
3231537889
8956273363
6395098156
5637715719
1925361828
2827759840
4060527377
7788902646
4631136964
6473324117
1756711823
2306837510
1084357908
0879433051
5148751600
0076390407
0748629851
5155600249
4975612085
8571501001
0162653056
5639006500
0079362159
5939681632
3232769447
4748138172
7252410651
5187391685
8581773095
9560230293
9375902304
0461417144
4440035410
1096017413
1326005815
1582098866
6669006711
1161572134
3450276670
7054757988
8828942562
6252892084
8438801078
7864890465
6568646387
8757520191
9173828394
9484302646
4648051411
1170222119
1961085928
2828286913
1352095244
4440557206
0616799498
9882274415
1588237272
7264128587
8767263711
1188001459
5989433795
9569706643
4341854350
5070217236
3649459790
9083034704
0465215681
8166773519
1967879216
1682967930
3070375507
0751350773
7324312936
3652885518
1847959644
4445769671
7175046771
7177339784
8451658812
1291130388
8854038449
4978638727
2771670473
7332505832
3234452823
2329848948
4886574617
1760465888
8876615817
1760957639
3972563225
2562354343
4343471636
3655845224
2453934491
9180666799
9987538806
0623383480
8069562307
0760775502
0259505274
7484800056
5646286721
2141866409
0984974361
6175130356
5651032971
7181654121
2152288085
8583073629
2985701813
1356440514
1470157284
8457583947
4766837676
7687189031
3150637693
9377305362
6259521565
6572540298
9892348381
8166800740
4060848221
2157447267
6769248460
6082636516
1688105171
7186440924
2462893080
8070353484
8469088254
5470749124
2463048941
4154567768
6832743206
0652698443
4350335528
2848318104
0465945247
4789988001
0172232595
9578232512
1294961384
8471739366
6669673726
2695312990
9085938953
5353867270
7072611434
3457956089
8976553299
9988473728
2848363871
7191992646
4665769419
1969516364
6474462554
5494151053
5358088561
6176008996
9676247885
8591698672
7292889798
9895111306
0659155001
0173296195
9580643240
4063681117
1769399056
5659150910
1096748537
3782742827
2787523684
8473417730
3075473392
9277226017
1775540797
9748913862
6263432795
9589268307
0763755444
4466936806
0686130830
3078606195
9595513445
4567363520
2075071661
6184842304
0468784042
4271588890
9098256175
7582318716
1698948680
8081742323
2332700502
0262743578
7874679864
6478850666
6685352649
4980480623
2347515804
0470733797
9764412760
6086109721
2179127286
8688914060
6095663882
8252768403
0354372029
2999604037
3788138150
5070615391
9184486487
8777123504
0489348467
6785757961
6195830875
7583613530
3087886969
6971148409
0987742535
3564579644
4479774207
0774085976
7689810649
4994732956
5679136323
2355786652
5285910512
1297157406
0692578068
6834321632
3240125484
8474122521
2191114266
6697368840
4068383906
0696428441
4162290644
4479971405
0592380969
6977952808
0882032336
3670276335
3588948654
5498597164
6479150067
6798918848
4896150270
7083532352
5287580564
6483230807
0775206007
0789914516
1699511377
7796225863
6398673548
4898422036
3676729650
5088397577
7796451417
1793977747
4797093973
7344475503
0356480501
0188276483
8380568987
8790787661
6197666564
6497818034
3468908227
2788426309
0992404939
3973334231
3160657180
8086181053
5389564441
4180590099
9992561858
5881967839
3977793718
1868307082
8268560469
6994856356
5697943319
1970133535
3590426346
4678141602
0278661112
1299541694
9490456565
6583233519
1972400244
4482384769
6999678957
5785518586
8689173642
4279924031
3175121868
6896412223
2392557341
4181791045
4596863198
9899548473
7384414189
8978029384
8475941700
0088910444
4492023993
9389622026
2698947846
4683454532
3260867518
1876535146
4687771999
9999954415
1595210782
8277557086
8692113243
4387923885
8598549791
9193967591
9192760146
4697003924
2479479630
3092085832
3287860742
4280156640
4081291506
0698029395
9599345736
3691660413
1389381818
1881089503
0384201465
6597253778
7888294384
8484215207
0790797837
3796663614
1490445378
7883486655
5593761015
1597626562
6263906538
3898520708
0895043225
2591681762
6273368128
2859735213
1399137840
4090784758
5899634705
0597633970
7093287911
1188627050
5095725692
9279624646
4673477867
6780479374
7484866560
6084174271
7191259588
