0006357745
4507249910
1004039910
1037645257
5700855045
4528214617
1701447511
1105917094
9404985664
6428317329
2914511866
6618870485
8500707888
8807810489
8905416617
1708158232
3204869796
9620866661
6106394231
3101577179
7910479187
8706438744
4405916907
0702751527
2702656596
9622347471
7101911989
8912593256
5612192894
9414627638
3806408165
6501334752
5207658171
7108038961
6115738991
9114354459
5904752581
8108778873
7306430013
1303740515
1502615194
9429388843
4314161737
3703163719
1904851655
5512453567
6705030854
5403397851
5100238657
5709233151
5116110991
9118305808
0813504471
7111731940
4006253578
7815314156
5614625710
1041544044
4418862655
5517395135
3528154802
0209436836
3617151962
6203152352
5216873697
9712084653
5303209121
2103448690
9003395499
9910155128
2805003617
1709541709
0909090542
4204128801
0105288460
6004780819
1912116627
2709276685
8503362364
6430803942
4205602903
0307680272
7204611039
3902480503
0313268693
9319870760
6023586098
9805118847
4723471710
1053782308
0815672668
6800832103
0331551587
8719377343
4323631094
9432318327
2711966281
8114380165
6510851920
2008490469
6917306618
1812609934
3401110697
9721250811
1119578722
2211650935
3532964086
8602918158
5801421309
0927990558
5817244399
9918265864
6439861562
6250406552
5236926941
4103509759
5947148683
8315592393
9333505796
9636358990
9008130904
0401231871
7123380536
3619888301
0111892819
1917680891
9142445760
6036899507
0742243377
7710700118
1856515016
1610006022
2211709389
8916932687
8719898805
0517855955
5533422022
2217002070
7001614801
0124923899
9920838223
2315290496
9637937347
4726125586
8621019527
2712436776
7605344527
2715693367
6718353737
3704974571
7133526038
3806926941
4115238872
7206745371
7134266127
2720681671
7159614414
1410505990
9013173934
3406027670
7009818076
7613016466
6638493974
7404011846
4605228169
6919493081
8121186961
6121172595
9525837773
7322345921
2113623677
7712410059
5979116454
5410947074
7425675327
2728166081
8124628287
8746654764
6446153506
0607258156
5624111246
4613716389
8923261658
5824187821
2122142643
4325505251
5145731722
2226026681
8143393228
2817934499
9923040556
5630403839
3929754415
1508708561
6123447082
8208068179
7919165853
5304948022
2228052217
1715192421
2127796215
1509166977
7717388239
3937051448
4811196882
8212440347
4742681122
2236290267
6721979527
2729069549
4938450240
4013371434
3410828563
6303536679
7919991941
4148526644
4433110546
4615579244
4435959513
1305434768
6813052659
5983226936
3621879145
4533148137
3711864045
4533790932
3207529197
9722871141
4149913350
5002224190
9018155370
7019062084
8402265300
0006938554
5427264795
9536942526
2613096327
2733507508
0823867478
7825355049
4974787811
1120396360
6040296877
7732603412
1202324236
3627851880
8019335636
3635385836
3639706255
5535127642
4243787132
3220809111
1121263225
2512306773
7326740430
3009606162
6252185688
8815488427
2740593750
5017285012
1218839529
2919941830
3043783143
4345160598
9806586389
8928642211
1125880781
8147186355
5536835705
0526045843
4351907031
3106485909
0932359364
6452322368
6820877291
9148691760
6047912247
4763563202
0210456830
3046140787
8750825937
3715673503
0342432033
3308869896
9651367055
5539069167
6744956185
8506177141
4153492988
8827331503
0351713537
3723386998
9813321465
6521062447
4772749379
7936006436
3642449557
5714944996
9659812942
4252968232
3235795397
9733757023
2316209508
0831008827
2742111203
0352855431
3113853732
3241204230
3052652144
4442172646
4644349900
0007230338
3813106817
1725818684
8422987395
9556582302
0228104561
6128157046
4647430078
7834640252
5237473614
1417829283
8316443216
1616505236
3644213439
3952633785
8508590229
2938528556
5659208979
7938313457
5739297574
7438422462
6258526891
9150351024
2419255270
7029560699
9933228911
1126689462
6263459155
5543377706
0609484059
5988390671
7169857991
9151601424
2437713540
4016305014
1424565603
0363890261
6131389898
9819826686
8647968545
4542429774
7439633670
7037083411
1131883604
0443844486
8672102890
9021996745
4555412798
9837817440
4021906411
1143168531
3117726237
3732037437
3735634781
8150678110
1058979837
3735972182
8214448278
7835070289
8930135541
4157635169
6944184152
5238552804
0468876321
2129773529
2951956039
3959840486
8679313685
8527660632
3254589537
3742210719
1922047496
9662073255
5545997125
2544393362
6265696344
4454859239
3965125370
7039787396
9667195257
5741684504
0471810365
6524172231
3121715498
9856112303
0366629552
5244816594
9439475839
3971832391
9169265426
2613209394
9445290534
3412776216
1633966436
3647936346
4651579727
2748284904
0474042684
8426859338
3854018340
4038798009
0941743761
6133031201
0128425161
6140216150
5028504440
4040230400
0013811817
1727191028
2835529917
1732640304
0474826816
1634073357
5742924183
8317139576
7618669769
6953639352
5251708608
0833768438
3854043084
8442250568
6829073676
7621031808
0835798219
1924045264
6453325784
8445507006
0628460722
2239185142
4256174481
8159700912
1224891763
6311102824
2444598924
2444765743
4357998529
2952068208
0837617678
7838237244
4464263929
2953732309
0951292591
9169721147
4774777281
8175917544
4464686553
5340418872
7217671583
8319184134
3436897452
5258288915
1509842352
5259483638
3854125213
1332160965
6530183158
5828988272
7222787569
6966045744
4465532931
3122373017
1736246042
4261595800
0015348440
4040983450
5034027750
5040444015
1516358150
5041427914
1424592270
7041565948
4812734868
6855982890
9028676906
0645713688
8829131723
2316627882
8225959127
2753970725
2574197087
8771479641
4161087069
6970583301
0137920154
5427806570
7064420500
0027005911
1149665100
0028302914
1437470001
0138116251
5158561573
7338172389
8935989841
4173266462
6275298540
4060326561
6143647431
3126275682
8231761718
1859500272
7244968686
8687234190
9043558625
2582843723
2320679594
9450096579
7946151046
4669332608
0849783769
6973045419
1925170656
5664296925
2585819419
1933354114
1444886652
5262394689
8939154222
2239693099
9940066788
8843815806
0659981605
0588434287
8779993890
9059277496
9671590588
8865008903
0374409196
9671705172
7252123352
5262710048
4830561968
6882176473
7353346644
4474342108
0868785136
3653298534
3447291715
1543006131
3127501902
0236356383
8334905031
3130392284
8465650245
4562983081
8182700473
7372886111
1157337987
8794423433
3313841020
2021998280
8024214503
0378236128
2844769925
2596058502
0243146437
3742239763
6339126224
2458988790
9065604727
2758555653
5341111901
0140610528
2858412347
4776947947
4790190361
6149586676
7625489332
3277590479
7950883197
9765086117
1737851379
7962330846
4670760952
5282222828
2865526578
7848547823
2321032865
6551854421
2137007770
7073386817
1743883417
1744684955
5553466864
6469181563
6362443970
7079488511
1163445985
8532516414
1479520694
9451063006
0665199931
3142664922
2240978698
9861137787
8795482196
9676629953
5372676801
0141524598
9865486461
6151451022
2248834866
6641645313
1345423419
1950218013
1364134298
9866048249
4977477122
2251005623
2326011733
3319661023
2332530065
6561830249
4980982286
8692073864
6473854415
1544089983
8336341536
3654467948
4837507128
2879282616
1654351603
0393581242
4267229517
1749220904
0475728989
8942209023
2335079834
3449505354
5436492574
7443850538
3867697555
5558581577
7738468634
3462072742
4269802404
0481655737
3742665021
2139863989
8946747087
8797081248
4858900689
8955775995
9556815465
6565322461
6158835736
3656254812
1232212382
8239226868
6883867397
9784094950
5045764786
8696085920
2047228628
2882672964
6480394601
0147290269
6974687358
5854444044
4476995236
3656721250
5046255244
4481058980
8030324934
3485212427
2758637701
0151174140
4068894754
5466679339
3978205031
3144533154
5470118961
6170861247
4791039737
3745932157
5751931022
2262305228
2891004138
3882713466
6649078486
8696763569
6980184716
1655053572
7253178910
1063887222
2262418069
6999330906
0668267858
5856906789
8962527417
1755996217
1760381342
4270126272
7262417701
0175075719
1953848482
8247510142
4283634550
5056523044
4482677533
3319882698
9874915641
4173561617
1764256457
5765412951
5159680807
0745374951
5183274926
2645552792
9228775671
7170513030
3057185967
6749010311
1173292226
2660031869
6999528471
7175379815
1547457466
6658185319
1960988645
4568813210
1065736967
6755223676
7639138135
3537718274
7449179021
2167804885
8540763645
4583256036
3663785445
4587048122
2273944474
7451084214
1490804942
4284879727
2768944127
2781908520
2057786236
3677080871
7178121344
4493955224
2471470095
9558340312
1235396852
5283418512
1240283698
9879603040
4079061479
7964577460
6056114738
3884816935
3542376201
0175896912
1243139523
2347899761
6178156137
3747956757
5781762346
4687712443
4370892077
7751247097
9792070484
8491148752
5291635630
3060902284
8492625176
7658736851
5186001754
5478407048
4870186280
8070484463
6384739211
1187826741
4174546067
6757518408
0897085310
1089420960
6066504732
3279579591
9183200850
5073340864
6483252389
8973500773
7382432952
5296947102
0252672791
9187451098
9882514096
9685427907
0752532017
1770186367
6766955900
0085884835
3550223689
8984924080
8076369727
2789563385
8546348657
5792653765
6568332837
3760356830
3071180585
8552996106
0674532959
5989357337
3761284606
0678420302
0263121134
3497151209
0964491974
7454294561
6183658707
0755023935
3577940109
0971601948
4876821242
4295987341
4177280050
5085597531
3152474078
7867418731
3179528811
1187871877
7773087175
7505983174
7454977341
4189736551
5188871875
7529272926
2679520789
8988743489
8984970578
7869870135
3583732560
6094773354
5481693824
2496814771
7188082013
1370165608
0897504171
7199922855
5561913782
8284272974
7461659512
1256035649
4981525941
4197572872
7290799238
3889944865
6571922688
8872415295
9579295101
0176878865
6581475082
8292117370
7085754674
7462144454
5493814801
0185618727
2792169627
2792358774
7478617260
6096634615
1568246948
4886616155
5586838809
0982190713
1376529355
5590510606
0680277176
7675312922
2275773982
8294471146
4694649121
2189236495
9597126919
1984213095
9591325735
3593208830
3072508416
1662999576
7684097597
9797413793
9336065811
1189728546
4695710003
0397715867
6774272166
6663805007
0771808239
3984939262
6282010591
9188630943
4381312899
9951766172
7293290320
2070527761
6187483837
3764139923
2352675346
4695974555
5590991484
8498096649
4986653011
1191645917
1799255391
9189649392
9248556209
0998517150
5087095375
7557590291
9191909362
6283180323
2362576199
9962886258
5887870116
1667033420
2087562374
7489386042
4297724559
5990173531
3186866123
2375404483
8368874362
6283659043
4381382383
8375195450
5089379935
3595795412
1287809715
1580520516
1682095240
4081892202
0285364693
9348277473
7398864042
4298048778
7894204630
3075718865
6583486632
3282842092
9274031911
1192125687
8798875130
3094479937
3770040866
6665323240
4099994708
0898839452
5297507657
5796433453
5388183111
1196131459
5993744207
0784164064
6485523104
0483309879
7995052796
9695236661
6193455154
5496241361
6188567965
6583512058
5889024010
1090902030
3096359465
6588663043
4383134222
2287017294
9497505485
8557175356
5668774367
6776353999
9993119575
7591885298
9896182528
2899802516
1690862866
6685628236
3697164285
8596412581
8185987701
0198267693
9357486058
5895350157
5798495502
0293902264
6486206994
9473171500
