8102821522
2205660693
9329171535
3503105348
4804414680
8002859891
9114870840
4012737408
0805879967
6713166639
3914626384
8404607956
5612679214
1404400694
9406439790
9000527427
2701326659
5905313678
7804181092
9204580095
9539520714
1410081158
5805487917
1721241925
2509638856
5612875828
2804050115
1507010910
1000769627
2706466123
2304690196
9600824223
2308773670
7004585199
9905491491
9124710802
0200121404
0423195035
3510701206
0604245269
6904989050
5002843982
8209739741
4100052443
4301484215
1518633260
6005973418
1804505283
8300900128
2808281256
5614671519
1901690889
8906490013
1352655150
5020849054
5409146746
4601563890
9019742166
6615255626
2609959899
9912285193
9341261266
6617168235
3515114980
8017364231
3114016848
4819735731
3118169939
3925754969
6931151502
0203706306
0605160537
3705075976
7613111227
2711137944
4407052529
2901333824
2407103036
3600574410
1003432227
2713365809
0901217894
9451117960
6006625201
0101754984
8410757574
7401438245
4501621636
3606340849
4908449131
3129542548
4832035803
0330311570
7018791704
0435877882
8220039763
6308848169
6932135062
6223047147
4703435446
4619821264
6407214066
6624242129
2904678794
9452339935
3518446429
2907776605
0500181870
7032590011
1116521902
0215608625
2514539283
8330470759
5908362631
3136572532
3202771001
0111616502
0216808714
1440874262
6223048294
9455377922
2209735841
4118996474
7417614614
1442198558
5809649689
8907707802
0217991852
5216867237
3708713371
7122983393
9347338641
4132213784
8412409038
3800750571
7144362023
2319963464
6422357096
9603045134
3414810001
0111977400
0007696290
9039397999
9919678079
7926864079
7930671437
3717003710
1006042150
5021034583
8331086375
7506822939
3927599333
3300928302
0235562628
2808618144
4414276943
4308525623
2332327620
2007175338
3823344117
1722208993
9352750333
3320317126
2618562045
4512026203
0330482286
8604581518
1856410028
2813029788
8811961563
6327764273
7301937418
1864251029
2920578016
1605435019
1920841013
1356595947
4713415628
2817061455
5513240611
1121460107
0707567110
1024807800
0008148381
8103696872
7212627188
8833660330
3006278947
4715492325
2526339527
2714184590
9040345671
7145914273
7316987500
0027727869
6932463060
6010957402
0244984681
8105712523
2339046728
2818258022
2226633275
7521267999
9931815185
8508167777
7705185680
8027855818
1874595380
8035251088
8845981668
6807505427
2729161869
6934078338
3823791284
8414375376
7623954951
5127666024
2452931640
4018302280
8037552380
8048057900
0039550551
5132225598
9819826270
7048890213
1357803946
4626530839
3934438420
2029182232
3208196840
4039876980
8059391901
0115501084
8415457766
6633501214
1459113793
9353685607
0727079898
9827955554
5414395133
3326082899
9937864147
4718043183
8341447417
1725254268
6818574237
3718666366
6647518714
1479298875
7530134926
2630183916
1608991445
4514973505
0503772252
5229456738
3825988104
0435891752
5240719709
0919312103
0337610513
1376793511
1140621521
2101069090
9040817736
3634014351
5153666890
9045773936
3638143873
7318349143
4317204646
4627247877
7716826759
5914225666
6653033621
2113070515
1519208616
1610182342
4209787304
0452108108
0808626537
3720280547
4719157499
9941618978
7806366915
1519769446
4639802694
9461277675
7533752125
2531139154
5428496569
6935064521
2120252183
8347548182
8220959430
3008877527
2755542218
1883282270
7055206611
1169199484
8416009049
4940639140
4048482881
8110723468
6821148116
1614938889
8920408687
8702150622
2248245360
6020781567
6733248483
8347885892
9269521907
0732617340
4048927680
8064098895
9542235923
2357148237
3723587446
4641779329
2921069929
2931509176
7638516591
9128159477
7723266248
4835420013
1379177971
7162393517
1731887617
1737488316
1618720986
8616011713
1385416825
2535755001
0128178922
2257622975
7538216400
0049515159
5916495373
7325803499
9943467332
3215421271
7163242425
2538179137
3729009135
3526242134
3419307782
8231127420
2030712168
6847597346
4643573609
0924011648
4843121228
2823705338
3836586057
5728582748
4856642501
0133759141
4146367199
9948193719
1923598246
4655151050
5026386395
9543820377
7725194427
2768576072
7219954234
3438899530
3012207234
3443599174
7420041928
2826109938
3842354505
0530325556
5617919186
8620584882
8237681307
0757361556
5625632623
2374697031
3148294211
1180805545
4519829154
5443814508
0811471384
8424737295
9558825093
9354259285
8535201068
6848263508
0835500533
3333929229
2933549841
4149760870
7060554670
7062080706
0613441967
6737357168
6854192269
6943531458
5822396917
1739447993
9370403873
7331152100
0053951342
4218575994
9462631368
6857079764
6426572453
5305872433
3335412421
2131386444
4423599922
2263930805
0537854896
9614815371
7164881326
2630253406
0632852095
9563985377
7750257928
2827497429
2943572187
8704706263
6337797228
2834645898
9829861634
3447734180
8065846868
6857651849
4943748070
7065013742
4223605270
7068523745
4540496507
0759838226
2640521426
2642706647
4731193880
8067649030
3020157123
2375083449
4953277477
7753548004
0458942705
0546336865
6544991328
2836990217
1745383290
9047642146
4659261600
0054254443
4328373462
6240673874
7426109318
1887486781
8151685230
3027679408
0860378542
4224377348
4858193878
7806802877
7759326816
1630481860
6023763154
5448556028
2857129531
3152271223
2384820659
5921775347
4732715839
3937538983
8357937378
7814036423
2385526389
8924587681
8171666758
5831584846
4662395362
6260302343
4352547670
7078161164
6433037777
7761054096
9638780136
3653205297
9707148792
9283862038
3849447946
4665806726
2660951875
7540372910
1070198257
5728979165
6545762633
3338587290
9048661451
5154010203
0378041882
8238749900
0055919683
8366545391
9146840574
7439518947
4742964851
5157656161
6185158669
6967477437
3737745232
3221504339
3939553510
1084038326
2664552239
3941071333
3341032245
4554724173
7334535898
9895643357
5735935428
2861163471
7174621309
0927203570
7083590157
5739752906
0644074823
2388830889
8930872389
8936022952
5241074041
4165035167
6759109979
7964932787
8710907507
0759958863
6352500894
9463493490
9060182938
3852270456
5628963201
0135929451
5157851104
0461643088
8890543702
0256981637
3758363509
0938285707
0761565755
5522092125
2549702740
4055936492
9287236428
2867613900
0056193348
4861404208
0869690228
2871818026
2668580007
0775588892
9293688739
3942470164
6439993238
3852982270
7083856781
8179622272
7222139377
7762595596
9650396954
5450460705
0553506803
0385986852
5243963695
9569668215
1538463913
1385740128
2874543272
7226428673
7340497278
7821148915
1541627611
1187208564
6446997984
8427532133
3357969248
4880240511
1189079069
6968413576
7638575913
1387069194
9471505775
7574664809
0943407054
5464216016
1647550092
9299604992
9295850035
3529712623
2392604230
3044780133
3363060238
3854102230
3057509589
8936898926
2671215629
2945351286
8638508780
8069816425
2566240500
0063019539
3946040796
9682143658
5837029715
1552337328
2882484674
7446199458
5852279053
5306525858
5856661815
1552598654
5465904741
4176491184
8441346178
7830633248
4892202289
8937232937
3769666039
3949268218
1890655531
3158641563
6355178563
6365848302
0258565870
7083978655
5524155617
1752442084
8448810973
7348110190
9072271039
3955121356
5629861444
4434966575
7576822802
0268225701
0140530294
9481012998
9897053482
8249372953
5316099067
6764568414
1481024310
1086997014
1488307846
4670409367
6789524521
2141813319
1925281854
5467955474
7477210899
9948807354
5476213077
7766289412
1219824458
5865703344
4437155536
3656599543
4358567797
9712018483
8372403342
4239467790
9072444843
4363609397
9715794834
3454668563
6386123855
5554510201
0141726826
2682890371
7179745702
0280568027
2778177384
8457169224
2454342234
3461949827
2782374087
8725514728
2882684645
4581829917
1755325930
3072989770
7086849326
2688825617
1755991454
5479764955
5589554846
4678269676
7639840617
1756009944
4438959107
0779585184
8461710550
5070584889
8947244503
0392888432
3224631120
2072869678
7832755535
3541389965
6572471062
6260689663
6387018454
5483206670
7090779156
5639304973
7349817109
0948637116
1672982880
8078090122
2268620926
2690744013
1390669586
8656332590
9073992844
4444587358
5873660839
3961312956
5665505762
6264369231
3168624872
7229145940
4077546582
8256553754
5485522466
6657906436
3681825781
8187190115
1565845340
4088256862
6275495699
9965845917
1759767966
6659483106
0651861752
5279192064
6467874037
3772287545
4583863108
0876847860
6036378786
8665635559
5934414400
0066291653
5326934182
8260092382
8261329622
2282616056
5678132690
9089196233
3367177657
5760582546
4682553012
1224699435
3546198481
8190907914
1499745258
5876857189
8972102463
6388419258
5877329207
0780129375
7592342635
3557720559
5961891836
3688359338
3865069800
0068497180
8082569740
4099102099
9976397899
9990576868
6898217743
4382417364
6472682359
5993349513
1395716135
3559605258
5878383277
7791802960
6054853767
6792056210
1093370069
6969722332
3269456962
6282509289
8977047924
2480664473
7353825713
1396404458
5878441132
3271520301
0149365940
4099457497
9744232184
8471108409
0958584172
7232636642
4274241591
9159013135
3581047153
5336602800
0072965219
1957619563
6393561642
4292717178
7872186919
1983923445
4589476882
8262459400
0086748089
8979846872
7235617158
5880837947
4752894305
0559622004
0476769178
7890077395
9597369530
3074084756
5680562882
8264172830
3088040302
0282551257
5764037365
6583397466
6667695407
0792428587
8730812956
5689775069
6982108206
0662054866
6678559305
0566361153
5353897433
3368100928
2892097719
1984742312
1247392277
7796180344
4449618987
8735613421
2154197376
7641273446
4686455402
0287688986
8697828231
3185450205
0576944489
8983181760
6060670522
2287103272
7237543209
0969894633
3371018941
4197986482
8266033738
3869984962
6282537483
8379942872
7238368678
7899373622
2288700923
2395322829
2971634463
6396885938
3883162902
0290759747
4758022349
4967947527
2783964844
4464923379
7970098750
5097709004
0493119417
1778754460
6083048407
0798686767
6795104849
4979693629
2979132696
9698945887
8760514362
6285473621
2165965884
8493299415
1575211612
1251268708
0888157531
3196837749
4980868226
2694997209
0974854186
8698211175
7593040005
0578820062
6285970093
9382663544
4479826372
7262028083
8393774466
6695157912
1266088530
3089433700
0089412197
9773666149
4988402049
4989438275
7594007012
1274475916
1697699174
7496039283
8395221482
8288517199
9993445517
1790129917
1795136322
2293344173
7385333988
8893448090
9091384837
3794570589
8983700169
6982924898
9897951472
7272717780
8096259360
6089260787
8769252990
9093971262
6294841264
6486958123
2396648706
0688029072
7283059283
8395251235
3585150897
9789977804
0498973209
0990082232
3272778127
2787234851
5160068035
3594174456
5692147933
3384714923
2397904108
0894187928
2898264191
9175539609
0997131689
8986036151
5179994947
4771872747
4794808034
3490967748
4893806352
5282272551
5182485047
4777721663
6397575046
4695954764
6489417564
6493783969
6987798657
5796159379
7996289944
4497098538
3899860115
1577317401
0180768853
5381515233
3390730839
3967759215
1597253633
3399085916
1697985891
9176986497
9794442508
0895021287
8789129087
8789940869
6990030170
7092920102
0298484173
7397432125
2576394618
1899518671
7185736493
9396622436
3689350864
6488868084
8494562077
7796945817
1774292614
