6506558792
9204873151
5112290957
5716790463
6310157322
2201179150
5003459019
1924960462
6202684958
5810142413
1302354580
8061882594
9419845778
7804987472
7211670313
1307866909
0907983864
6437130760
6005623879
7904171758
5812475549
4914033946
4604549238
3801758205
0521583964
6439115126
2616543347
4713037150
5029539839
3908670892
9218428049
4914420474
7402467818
1802935204
0401962675
7518757094
9420215926
2621528125
2500786688
8810682255
5504909342
4203046249
4925380278
7805113509
0911304651
5116131201
0101469958
5819575973
7306490158
5821463938
3810759193
9300993247
4722259859
5909904317
1706161349
4934655864
6446231423
2309718554
5414006210
1000766972
7239155722
2204602827
2706184845
4504313686
8600102074
7405728146
4620411036
3605301602
0204226099
9900911549
4935142034
3410526211
1101413663
6319360301
0109963053
5302594233
3303793190
9007831734
3412737154
5421255773
7313465736
3617052372
7239990694
9420625921
2109518742
4213403250
5043841006
0613973251
5118806921
2111674707
0745601326
2622117672
7269823655
5509773402
0221244420
2002194012
1202816132
3215845756
5609313104
0415021325
2502428246
4635062310
1002933108
0804887034
3416443625
2520153395
9502178148
4808061163
6320803777
7700553291
9144248009
0913298814
1401538799
9906930282
8202033426
2622616888
8817103033
3323978478
7819618342
4235507430
3012312020
2008904934
3427057892
9239868402
0223705355
5518205327
2720646745
4511648119
1937815721
2118648802
0233134767
6702778358
5825068388
8820770251
5126588016
1605628634
3430785636
3617729326
2623352284
8410423982
8258323227
2728223769
6905880358
5828777003
0301384206
0621089169
6910284114
1403156590
9009508178
7839606688
8861123031
3119182337
3721648742
4237872946
4645121387
8708809148
4808368743
4307064802
0248585459
5930167045
4532463560
6034847577
7705734966
6605605694
9424596474
7418588337
3726684831
3120864260
6039947787
8711788144
4403300255
5523169938
3839832364
6475634289
8900569623
2311850058
5831296147
4722886534
3436224320
2010502067
6703084523
2312062900
0014509716
1609792243
4312926332
3216866544
4423771218
1805785265
6512416585
8515980049
4937913790
9015861331
3134948814
1403353555
5524066949
4944953525
2524749677
7707393314
1403456669
6913762143
4314798234
3448309848
4808790504
0419735632
3217371655
5536435684
8427975058
5839017266
6607843341
4108058657
5718156075
7529894090
9019588489
8912651699
9918192652
5207455074
7418912329
2901710644
4427017088
8864644990
9028922401
0123883472
7271003695
9506546833
3334353803
0313537855
5543376010
1007612974
7421285723
2322313312
1217663778
7841067021
2125035076
7604446547
4727805579
7912436049
4950226709
0926576439
3910006862
6205832621
2141575466
6609479468
6808151355
5554253147
4729123878
7852992993
9319993895
9509555022
2227900492
9245384802
0249351603
0324613958
5841419010
1015377095
9509954942
4244107168
6834927723
2335839963
6322538563
6336178408
0818553720
2017069077
7724096673
7324013885
8533565372
7272410446
4649027438
3844527620
2021407348
4816328827
2729481371
7107500149
4954350998
9808152146
4664627440
4011364130
3013786379
7921368853
5324741015
1515649352
5212329058
5844533242
4244288412
1227500713
1330429371
7115561654
5421564230
3017328661
6128365849
4960294916
1654790675
7535456046
4671348400
0022007774
7430748513
1341662244
4427599142
4251157206
0622871529
2903277557
5732561981
8110239630
3025750049
4966807213
1342965389
8914422730
3029056581
8129496854
5424685731
3134990834
3451905125
2528790818
1809717466
6617024564
6483062610
1017312269
6919139187
8714331833
3354000044
4430331292
9263289274
7442223064
6486573846
4677607696
9619993716
1655622525
2538906329
2905745605
0526696591
9149499803
0328017851
5130810118
1818572386
8628709483
8324971386
8638153616
1656510079
7928455484
8430965602
0253429662
6220207168
6835305769
6934106231
3145778693
9345177515
1516369198
9817494065
6533911233
3358072708
0839622500
0033504131
3150079660
6040304439
3914116072
7285289343
4315504505
0535192053
5327658885
8535458109
0937089527
2753096327
2766135108
0841757055
5570684021
2172668093
9350899488
8865963612
1231971428
2804729287
8717977309
0939886489
8933153438
3854814336
3635122176
7619240835
3509056600
0042180310
1028986228
2808332976
7640003610
1044265101
0137818266
6638076703
0331232849
4977812524
2467215594
9430331103
0336306982
8269056818
1839119497
9736917420
2028484273
7340832680
8070762997
9747472903
0343905089
8945635732
3241694441
4123398589
8953683594
9444867530
3029614952
5213202500
0055624108
0845638853
5353944768
6835963669
6950720125
2543547869
6957620856
5626163130
3034414796
9638813573
7344075132
3242582883
8329262430
3039653984
8447132762
6225752986
8653853951
5130832728
2827446768
6839683750
5049444259
5932788146
4685007054
5427045132
3248918565
6555558379
7946545748
4818090014
1406867057
5733143539
3931615446
4685394093
9365356347
4732484230
3048490036
3652154869
6961953519
1946031701
0163805865
6556543162
6234693590
9037517321
2173274558
5852814825
2546665324
2478081071
7144683175
7570581389
8956104185
8537946703
0345801941
4145966759
5937154098
9834919901
0173058528
2842680242
4254841083
8349908070
7020496034
3462315461
6132684574
7459914065
6556888384
8456875538
3871847071
7158935610
1050392938
3883570257
5757712309
0961497758
5865629795
9521460787
8729700035
3518925017
1714858044
4444571663
6337145061
6142076133
3365336795
9521520683
8349991859
5938694497
9767016740
4024416979
7950125411
1108500281
8140793513
1343561767
6722763544
4450347263
6356092248
4831358082
8271108071
7163208695
9531211819
1956723570
7058218510
1056868976
7651217183
8353371774
7460836065
6557300420
2041580151
5167797283
8361775804
0426327073
7350371193
9366088915
1525013617
1714896371
7163959336
3671913953
5359813647
4733393871
7177722834
3478646386
8674801167
6723833126
2637056347
4753850287
8757415513
1362807091
9160075041
4158030377
7724586952
5234765165
6564365235
3524439741
4160681919
1966256355
5580074203
0362772500
0077522715
1543609860
6076821391
9169985297
9772916237
3752688168
6879459928
2863277411
1115230798
9849526207
0760933221
2180314646
4687857467
6728496628
2864624955
5581193865
6566972231
3150175085
8547305435
3528298879
7955237542
4258538035
3536614364
6495439776
7653898799
9923639018
1879875337
3757569557
5759856390
9054193813
1375169203
0363743705
0545247420
2054274189
8959216622
2230714083
8366039144
4450851125
2547884562
6234983595
9543651407
0782166893
9374870338
3883729119
1967788594
9448136920
2057239503
0369979126
2638022632
3257478856
5634453967
6732110463
6358418354
5435067802
0258868505
0557985293
9377253463
6367309874
7472171125
2556945695
9549656930
3060854142
4262409388
8869128960
6078042439
3942807298
9882849701
0174745472
7290578674
7472469169
6963917541
4170125827
2773523800
0083560570
7058636941
4172636231
3151755180
8073697769
6965948804
0435038935
3536905151
5182187542
4267328728
2877912512
1232005693
9379870004
0445642050
5058155089
8975312273
7351065893
9380018862
6238502860
6078931008
0859949565
6581404430
3064616840
4032797820
2067617235
3559365951
5188361494
9450730826
2642561175
7573554820
2067870263
6371404432
3267302696
9639980844
4450953722
2251679915
1556756635
3571773117
1750538647
4772299066
6661635241
4182979137
3758425909
0979607396
9670815978
7862895000
0085054067
6732965245
4538850858
5872391259
5959796841
4184700745
4540391348
4841741603
0373564841
4187553049
4988342124
2481231128
2880097828
2887169792
9268078778
7886325134
3481798584
8471719822
2255371433
3367414166
6662347866
6676048016
1667426520
2069962720
2070682245
4553555497
9774525561
6149106184
8487242733
3368826706
0630064230
3069391497
9785944447
4773149059
5959964741
4195697152
5247769216
1676875154
5441638122
2270410279
7964833220
2083027250
5090055248
4846695026
2652351161
6159320998
9896205047
4775608165
6582494665
6585909894
9451439910
1057752245
4580075290
9058481920
2086213109
0980966374
7474296442
4277464764
6496383031
3154051725
2558514656
5661141257
5788893711
1116041361
6160564823
2355517595
9570371174
7479873106
0639718287
8775230087
8780223156
5664034625
2567306428
2893409919
1975934308
0884772285
8548337540
4049892540
4064540081
8146190286
8675576281
8172369167
6760994254
5446581252
5258208273
7354100022
2283515561
6161577115
1559265106
0669348081
8182785012
1235722742
4286996231
3156991369
6972945625
2574926999
9935135190
9062823975
7580258313
1379548440
4069411112
1248654405
0562251884
8492295546
4694493019
1978276044
4453288693
9381264912
1252617723
2383387502
0259757131
3161949678
7888404433
3398996118
1883191903
0378186479
7969218658
5891174105
0570537377
7790307405
0571102614
1410485988
8874479574
7480173985
8589533748
4857501251
5189200036
3690992544
4457362190
9069558531
3167481404
0452132465
6586543500
0085655406
0675299718
1889921652
5288419055
5589101676
7654637566
6696482642
4290446657
5792073219
1987141787
8783396308
0891707044
4459554869
6979766789
8976882854
5451451069
6980908418
1895095500
0096932073
7358232942
4292009848
4871715327
2784203643
4338827116
1677427137
3775789792
9275561158
5897735311
1170705671
7187936923
2392495754
5458065721
2192346722
2297854197
9790276079
7978677482
8271233281
8185022673
7369613835
3584919878
7891184564
6497737439
3968560193
9382230122
2298524359
5960485724
2481669310
1067148612
1261923649
4990460292
9290814691
9176210323
2395360069
6987736383
8370623673
7372192285
8593922553
5363381917
1757275752
5288434348
4874841812
1265289392
9291917717
1757434652
5289720179
7982679815
1569439286
8680469168
6889846181
8195815045
4580213343
4357641228
2895371762
6282533686
8687986476
7656707043
4368903954
5491233026
2670888259
5961800556
5681776003
0387771042
4294788532
3283411893
9392443901
0176140040
4091157132
3288849909
0984302813
1381396113
1384442997
9795154573
7397348843
4370407014
1428290812
1266590179
7996829314
1426972634
3488449654
5498948934
3489666451
5191632589
8977989945
4591525016
1687099693
9393662548
4888953959
5993382594
9470690887
8788213088
8885631039
3982160904
0454329502
0276941715
1598838169
6994264368
6890723210
1083650702
0281355889
8981171308
0895823444
4468562809
0993116625
2578096490
9080986693
9395564252
5292229338
3896855024
2484328407
0782450970
7068334917
1764140363
6372118494
9472308105
0589533776
7679874054
5499730120
2098119107
0797795835
3597659426
2690239003
0388973088
8896456891
9195883453
5391836884
8499091074
7497499399
9939678729
2930656139
3987344357
5794988887
8794992682
8274079899
9944700255
5595279002
0294700755
5594260513
1397455059
5993425234
3494871480
8091668004
0493466243
4389168349
4993574483
8397865201
0184951227
2785812497
9798716848
4890246461
6197558494
9478844699
9968004469
6997384509
0994859128
2897146094
9486199311
1185460469
6998153047
4794270231
3179024727
2797486648
4892836565
6592015408
0897963392
9294912382
8277800921
2195145356
5685814462
6290893256
5698060610
1084108936
3694322843
4397502893
9397986659
5998906239
3996739476
7687346560
6092612040
4092459088
8897007629
2934717439
3999607043
4395565149
4999442750
5094386825
2596597299
9985431606
0685740294
9499116053
5376662163
6388825103
0395780303
0390316237
