500 100 90
6521
124
2861
3053
104
5069
3502
5961
2867
1112
728
566
195
1376
6905
1825
1237
5891
5629
7528
5270
27
1782
4310
392
614
4763
1534
2720
8165
4571
660
5816
2780
4250
524
3317
641
3368
290
7835
23
725
5107
8003
233
7572
6968
896
4059
5577
185
603
3212
1497
590
548
33
9
5605
317
594
1588
7266
1728
28
355
3010
3466
646
4789
3767
5845
516
2034
162
2150
467
2623
675
5299
308
1311
261
1630
112
6236
239
2906
999
795
184
1603
645
5551
7252
6191
8270
1036
5190
4802
17
892
4030
0
4629
8775
283
5544
4746
8
2850
372
5689
5417
6333
515
4213
3101
583
664
5959
1540
4423
1566
256
15
1768
716
7814
1104
7273
825
5379
32
8307
4158
461
11
1313
7017
1798
1830
747
8196
210
5186
6750
777
4836
5196
3997
0
7864
21
824
1389
8075
6930
1620
4537
4535
2007
4
4233
5873
2904
3761
3449
199
5284
3093
7927
5102
1024
1270
4612
1557
7223
6044
2163
8761
6365
1646
49
1110
7600
1305
4652
1349
2990
0
378
1062
1411
1929
773
4476
5885
2487
811
3720
1234
599
7784
8778
2
5234
3293
8165
8637
8177
4742
8144
1559
4786
3729
1670
1879
1122
3326
3165
126
1496
6954
6220
1837
191
2805
5141
8553
17
6961
140
1028
1026
3341
2931
3647
1025
243
1557
117
93
305
3395
1078
381
3322
8374
1415
6261
11
1770
439
5133
149
51
659
645
8496
6686
8418
151
4
7173
3707
179
34
4287
1835
5008
5378
29
4984
5813
317
283
4630
1797
463
4287
8069
6255
0
312
7257
993
2579
443
6059
48
8564
1323
403
6870
6979
8284
573
7859
3425
4564
6958
5143
5832
8099
5898
478
1541
2009
850
1996
3101
167
5969
106
6800
3823
2512
442
6691
3713
280
176
135
314
870
3935
207
6886
1085
5426
8127
957
151
4007
1324
7298
248
24
5855
1422
6143
18
505
627
2416
5034
3999
155
2459
2708
1482
6722
7616
69
1463
4448
1045
4666
222
674
3
26
6642
108
1337
1038
8769
6392
557
8931
3521
2129
5275
2
1227
87
367
2152
666
32
5549
112
6025
1094
2737
1834
117
1802
1602
3340
407
6941
5441
7349
17
2215
5390
3170
5310
2322
3927
3420
1488
2649
8607
7640
2096
6793
7623
8968
6507
1136
1034
5530
1319
8790
2983
480
708
4920
30
1231
2730
1666
3616
1272
5649
3368
101
931
0
1754
1664
7751
636
10
6483
4080
3001
8261
103
4991
2901
953
1210
6368
4111
2271
155
437
6025
3017
6610
2012
81
1577
3368
4306
2245
745
34
47
2381
2274
5132
635
1011
1838
411
1220
3398
886
6188
6840
341
4237
595
7823
1854
2689
1758
7320
211
228
25
7116
5776
6306
4918
815
526
3750
7675
508
588
8289
860
4125
