500 100 95
4301
4301
3601
3399
3700
8399
8499
7300
400
9401
1700
6899
4301
2000
9299
9001
8400
1399
1799
7999
899
1200
8601
7401
1499
2999
6501
8499
8099
1001
401
4300
801
7100
5200
1899
1401
1999
800
100
8799
2299
1399
899
2899
8599
6600
4101
900
7299
2999
4101
3299
4099
6000
3601
701
299
7400
1
5400
3900
8199
4501
5800
1999
7799
7999
2200
2000
3900
2199
6900
9100
8600
6701
2299
3601
7301
7200
7700
5100
2200
2100
499
5300
299
8199
0
2401
5601
2999
300
3400
1701
2001
7399
6801
7401
200
7499
7601
4500
9400
6501
9299
200
3800
799
2699
8901
8801
4500
7399
5001
7800
5600
5401
3299
1500
3399
3999
501
200
2200
9500
7499
2299
3301
6200
7900
2999
1099
4699
599
201
901
1601
6900
8599
6000
7601
6801
8000
1101
4500
500
4200
9001
7499
899
7899
4201
1500
2001
8100
1500
8799
9499
3901
5201
2700
5599
8700
500
7000
2999
9300
6799
2999
2899
7801
5100
9000
4300
7599
3000
6399
9001
1301
99
3400
1301
8301
399
4499
7200
3899
5499
1199
4701
6999
200
8301
1500
5800
2199
8199
5801
2500
3299
4899
9201
5599
7700
9001
8699
5301
1399
7600
4501
6201
8999
8301
8901
7499
8400
7400
2300
8101
1399
9101
2601
6499
3701
8099
1201
901
4400
5100
3799
8701
4201
3301
3401
1400
9399
1401
100
3600
7701
3600
8299
6701
3000
8601
9401
200
1100
700
7301
8901
3299
1199
2700
0
3500
8700
6499
9001
3100
1300
7101
6299
701
199
401
100
3499
299
6399
2199
1300
7301
1201
7801
9500
8799
1599
6800
8999
299
9199
1101
9000
9100
8600
1899
6299
5899
3001
8301
3001
2601
1200
5499
2399
2299
7201
4399
5200
4000
2700
5600
1600
4399
6799
6000
2799
3201
8599
699
1799
3500
1301
4900
2801
4500
5501
7099
7701
2301
7200
5600
3800
6401
5701
701
7601
2000
4499
7599
8499
6400
1400
2499
1201
1600
8200
9401
7801
200
1401
5000
4700
3600
7201
2899
3199
3799
1300
601
6300
4401
9001
5699
100
6601
7000
3800
300
99
3301
3100
8201
8199
8100
7200
2001
6401
5400
4000
4200
4701
7301
600
8900
3300
2501
5900
8801
8401
5000
3799
2899
399
8899
7001
9000
3299
7099
201
5399
8499
8299
3101
301
3401
9399
8500
7201
4699
3001
3101
3000
3300
8801
3500
4799
9500
3101
7600
3601
800
1600
499
1699
2300
8799
999
6501
5200
8601
2499
5801
8500
1101
8200
5400
6701
701
4200
4501
1400
3699
4499
1701
8801
7900
6800
4199
1500
1399
6400
2200
8501
3600
8101
7800
7100
5100
2899
3199
2099
8699
601
2601
2301
0
9100
6299
4999
2901
5701
6799
5400
2201
400
999
2799
9299
2700
8701
7501
3400
1099
3501
2999
7101
4101
6701
1101
4100
2901
2701
4400
1399
999
200
399
6500
99
6801
8101
6499
1399
6101
99
2101
8899
