1000 1000 950
68837
1313
30204
33037
1099
55574
36967
46138
84636
11724
7693
50912
12066
21161
94344
0
50558
12205
9185
31
45134
85807
17801
5383
3231
52936
10963
73259
22335
205
76034
18259
28
8021
34938
4488
43665
93509
33737
24395
10440
19829
32054
54278
15480
52982
27073
5969
36771
10225
30351
28499
4767
28981
25737
46047
6332
74273
35796
89923
22663
6350
90907
25818
46790
19986
78382
56531
5080
372
52885
43372
352
9973
73705
36030
10469
32194
34138
7148
84018
11569
18823
94152
84540
1452
62161
79085
73489
61080
37575
64166
19699
31219
4293
53670
3221
47588
71647
7315
20527
51747
81575
90450
18452
8937
16657
59012
2008
8421
46258
11423
52799
8804
77405
30710
72742
66916
32615
15697
30993
31202
90150
82302
49941
31024
13688
47630
80241
1784
2111
48062
15965
73025
29057
27540
20816
10
2610
219
66843
31211
5162
50663
28269
93291
43155
29973
2621
41064
10073
24139
30730
6973
85696
3314
18477
65262
33
41262
81435
8532
65
596
71492
10169
93162
51590
53593
36610
22051
94141
1
54630
271
8009
33884
10273
3523
63035
10242
21511
1638
45793
30709
14252
53282
80066
1242
5498
7225
28390
42782
1602
40953
45637
7431
13361
13974
41931
2136
11075
7725
22881
19282
17002
3252
7980
33137
35420
7057
33913
24486
34806
80905
63424
82883
62953
57098
19700
16328
31519
78522
5359
11710
13515
21344
2358
22535
15286
72570
6088
6966
40634
25594
45597
17905
37212
1593
8289
4993
12573
8152
85109
7026
173
44827
2730
32239
25
23555
17771
80550
1808
31001
4428
101
44947
61535
65350
3918
4314
45293
92850
1669
17570
55671
28448
3079
25264
29796
50109
11215
87231
24523
12440
50435
4207
5586
22464
94839
60899
11213
55534
20897
123
54603
69961
3274
54533
41225
85071
78400
24838
3930
61916
11338
78629
8403
70962
0
70795
28834
11829
71152
86715
3918
68193
14223
5272
94115
346
942
12940
63813
18729
17908
80398
49912
36710
56280
1810
74128
14551
86506
14136
33782
19660
61818
44219
18453
41125
16128
89796
2470
92526
8413
42455
53734
597
1536
31159
534
13387
3614
7014
59580
14653
3322
687
5059
187
68435
88308
16164
15120
25011
89518
11617
3230
21415
27100
73158
13559
7183
942
54504
1003
18577
14012
73260
22825
41971
7070
71086
6135
42899
10672
1374
2562
49365
24866
92944
26932
14147
3055
15746
31524
40020
56596
15489
8246
44735
65760
6033
17636
37810
36611
54093
55953
17888
32427
3691
7559
33017
27969
1
85034
26
46617
58074
40280
43263
51464
4153
5
51615
13530
14043
15369
8764
57439
59112
17912
3099
31502
69288
93824
4308
92900
3328
34468
25994
7299
5464
5148
88450
1168
358
85149
2096
888
43071
47220
44875
41910
65
10839
16540
26903
13421
85611
144
12460
90992
1720
80383
31
40996
448
2011
17128
34073
3826
83230
1405
6
4261
2332
2109
43125
12712
30219
24636
87466
25550
0
19218
35079
17
9349
75
74936
38
2750
58515
56622
93708
41826
3380
78787
1367
12316
4959
57232
17121
12376
29657
62790
61171
38089
15398
7698
72909
27127
16830
70347
588
89306
30744
637
2586
23390
93917
3333
87943
45687
34
45311
5891
45416
13454
47660
28954
4087
82941
55605
79903
422
14992
23211
41486
5822
61757
73078
2989
458
36375
6551
5901
16542
46344
1665
18674
25634
11550
7552
5511
14100
1079
1610
9907
4330
18600
83703
56870
44960
86529
14555
3843
16260
241
61119
648
3723
15069
1026
1700
14455
43200
12970
22686
91932
11468
50933
103
12038
30149
51894
5137
17679
6506
10904
2320
56857
21220
88508
60229
17608
77932
69719
37836
21712
18372
70939
72
14557
45023
43197
62249
1250
8193
76314
76392
288
5483
8210
3216
62795
80500
45848
6578
24438
10675
2169
29917
46115
14039
4551
94166
44012
24868
88178
88156
38169
85935
1431
3350
47496
36303
84512
12200
88740
17674
4859
31261
30
3939
5794
21215
30982
42545
11477
85973
82152
61629
9053
90457
16724
3297
12827
58142
83297
10528
23959
21089
1560
46351
45095
2183
21024
6528
86903
9510
12884
90201
57910
33155
83915
31222
41184
70479
93800
21867
38629
23158
26099
15820
5676
16897
34170
3564
32148
6980
34591
961
64974
47181
92070
78013
25118
22726
44737
43552
4853
87223
3655
3849
73120
20838
94437
29049
42910
87267
77894
817
67063
53988
12616
39257
58899
81176
80363
58595
33127
12826
797
46303
6874
35286
2260
13069
85300
7230
30431
17841
5896
22971
86153
796
1260
19840
67202
8342
27633
681
6260
74641
76556
36829
13895
69937
6778
83651
65750
4858
17251
11975
7084
11033
24625
57598
54446
14827
9540
4653
31959
78164
52420
56825
29434
59094
4631
231
23342
88903
74227
84718
39187
14091
61045
5309
55009
14053
1146
291
37568
18238
36691
1067
12580
20513
2614
2710
4176
82692
68
71332
25477
66407
93161
26001
31957
102
74091
702
10303
4
7321
6715
16728
47756
23402
51985
51504
869
1285
12882
583
94533
40874
66236
7907
6211
50919
20967
83005
49
73686
45514
28
50809
79642
65679
36159
76477
2034
450
315
17058
76692
205
1144
41547
9649
23700
38575
16777
29143
1289
47647
20183
43771
2368
92035
18849
89340
29693
52743
28947
20917
199
7969
7016
54707
882
23194
43408
7856
300
24155
8390
87447
65793
74089
96
1001
32393
79000
38449
93491
24759
92284
48246
77020
82170
30696
11713
47497
79521
10048
2532
24867
65815
32012
69495
26881
93879
46035
62012
2968
4420
1854
6723
17696
35660
33095
0
26736
72306
25654
1009
77549
23928
7434
7846
85702
42682
18
67978
1417
19847
58833
21771
9263
2820
10709
6128
29180
22318
27592
75798
15499
52032
29139
4081
17811
23642
62164
23312
66444
71
21004
23965
32517
31313
80683
58604
19293
3303
40866
74091
13425
40783
5127
22696
94862
26332
18410
147
18225
61123
2368
74411
33332
76539
30140
91444
20650
65905
66522
14104
54714
69708
62094
46487
8375
55208
60502
71056
25846
21440
67492
5270
26171
420
94163
39292
62530
30487
33433
3053
16283
59341
44528
43111
2287
9107
54007
61853
4637
17509
26008
60433
28795
72564
61436
19723
18542
7743
