1000 1000 999
72389
1380
31760
36129
1156
63928
38871
35838
69538
11516
8088
22479
78
387
27872
24445
5
31734
66387
53851
34000
6652
803
120
12588
16257
73130
89895
11483
1482
27368
61508
60952
41127
67672
80441
34085
5822
21281
10495
31154
57318
28255
152
4297
55451
1190
849
77664
30995
18
98250
40988
82938
92560
305
24516
36399
4910
18723
25246
1820
743
71408
70706
27673
2420
25680
39897
57740
1668
99032
1444
1910
47911
12336
0
678
82470
1219
68851
0
1861
20767
35024
49983
1225
44344
36722
29999
12414
29502
56075
23406
68784
44151
20585
13795
82427
56254
1203
8830
83518
98735
2563
30736
92393
316
2584
12551
1729
20266
5645
28414
73722
71842
4050
27985
151
549
24640
234
41488
11508
124
10183
5164
19620
426
38085
38
68877
1463
42
14281
5522
62474
31779
43327
786
10727
71380
65470
15330
2811
69567
84016
61448
18598
54427
20474
29888
7084
10463
189
49164
32197
539
8164
6412
23876
79630
70632
20909
4277
43271
18757
85010
490
16246
16461
48226
3824
48301
25802
56906
7472
96024
45413
73432
27755
37751
78811
80793
76548
29186
15056
7033
897
17456
1227
4099
17
24881
15814
50111
82689
25725
4106
95904
10460
33931
37738
93947
1243
1011
7203
51274
68798
72701
18899
78029
52582
24624
73409
58705
43793
1426
10691
14800
3721
32388
5990
747
14250
87439
46816
30605
31922
22198
2586
4152
401
225
44027
1180
69201
78224
74302
14946
6067
37234
23895
4039
50432
23181
42359
12305
65729
5276
24
34740
14207
88733
97348
76171
81827
3543
14249
87733
29763
671
256
74562
30423
17020
40495
2989
31653
46338
80001
25420
56989
54403
77732
22003
18375
26789
85472
48214
26771
29166
6112
8389
99132
77911
8559
25806
14808
1404
2983
8265
11273
28075
7439
1480
49646
25049
2097
20340
72
304
32203
97069
54010
42721
87886
63321
44590
7065
13628
730
97943
1059
4397
6202
1043
88807
20692
76
12390
13979
6102
77946
96039
55053
45810
7795
50684
12991
2622
20352
58
68125
3601
2241
33217
22553
34606
21918
812
21331
26576
55193
666
5617
84655
567
6111
43712
28
8621
96840
87285
1573
64052
11020
85298
64094
78702
25772
37
41264
25439
4512
6604
73547
1802
10916
30207
17388
10812
96947
13464
7506
68683
44513
2557
363
98829
7845
75365
45632
46071
39
141
26054
79305
7191
10737
4200
17290
10706
18735
45684
58138
81211
14080
5830
41125
59141
7476
52264
1192
1018
805
99098
13351
25481
20866
9560
39958
21614
98149
6055
75356
126
334
229
17234
31370
88250
87191
2224
351
1114
53162
5857
51408
79977
39081
22872
86906
22721
3505
39203
14060
40184
2060
21388
6973
56
5863
83096
53927
21
864
2655
1941
19698
93252
3995
35091
29256
64476
18663
3894
91282
21288
2700
7597
1381
291
38492
1378
71526
23817
39933
1864
818
33421
76546
535
18036
21602
1702
60071
38243
48230
62789
523
43379
891
20845
13152
22436
1504
86968
46867
7438
109
5812
10187
58005
2917
82704
7733
200
71627
12901
67967
14132
38916
5511
45704
26201
1972
396
26209
72248
4979
2307
41904
68608
73734
55902
20318
31877
3768
29054
12052
2754
72507
2521
2684
466
234
22123
82177
82
5407
26891
756
42882
84185
99332
67852
56083
13384
31424
28873
8309
47374
37026
724
92887
520
12797
5166
24
68292
29656
226
89707
18967
6026
43566
79159
86327
68502
334
76890
56966
93127
26114
72406
39000
4160
39699
91831
62264
100
39089
73727
58619
4875
30072
4005
5449
19285
12196
23876
711
54481
19145
3766
60442
761
83292
21863
47822
21684
33451
93322
54030
76791
18337
91305
18232
1551
13
1364
37363
54097
1545
12803
53362
630
53754
65824
52947
18000
38363
5367
23199
9219
88855
23150
86734
28651
1
36698
5824
23812
23316
42552
79800
22126
16501
18460
77856
6479
21103
7414
13813
31348
48363
43
66070
15225
2316
81701
47969
12883
37190
18066
91920
73315
68873
11488
1924
30948
2215
90855
35074
98647
1999
61444
75859
4
36095
22601
20
899
28544
68406
82519
31790
40911
59307
23151
41686
38006
40312
3847
14931
63161
33109
7536
78918
12582
65537
148
46310
2285
1800
98602
4552
68275
38
10434
10325
35156
14860
68178
84405
35057
723
2109
48884
529
10668
85301
99873
81572
89934
17146
3299
11360
30906
37654
25218
19923
74398
974
14302
28947
175
10141
72906
5846
86208
4274
24632
3137
54521
3429
42141
22479
5510
24563
98044
96199
58602
3918
3048
14366
4541
35953
111
63065
12492
13431
20
98040
38266
3721
921
5668
2810
13333
96933
964
52362
66498
19925
10052
13896
15943
48604
7910
58049
30737
52292
39184
8482
59292
59004
56636
8272
7246
20275
52033
40258
21083
40884
464
43548
36
30764
37
25768
17277
15810
903
54391
14868
53809
14535
92901
31218
2131
20751
20821
2095
2335
4178
54481
5034
5881
69586
37
97879
3207
54221
23358
50733
17180
944
4053
89328
70210
78866
13853
3793
374
6292
50903
34996
58489
22970
2232
36088
8540
5798
5391
7950
65706
36749
15882
31710
47745
354
98503
50968
66262
4376
16782
147
2573
50945
52591
1527
28010
50039
93895
41735
10221
35082
428
111
6598
19821
20178
906
157
7800
12097
9862
2764
2727
58355
87065
20339
3902
50332
51534
67307
2459
3022
17190
48636
63392
67636
4764
22290
71429
3041
12612
7896
14015
3316
59514
8974
40
117
21925
85593
46181
39008
36939
60464
1534
6752
27131
379
60600
91339
5341
987
62057
21907
76402
15106
30347
91290
3031
3013
15334
10397
53660
4898
4936
67613
31687
3125
11171
12888
42771
65625
6244
25367
2509
339
6684
56832
19359
2223
40303
69764
2786
25175
90382
10771
22095
79077
87721
58635
34337
18532
36225
12898
14745
1005
57342
20378
59575
50847
83301
15179
3066
28185
8838
14296
27699
68701
47533
398
97453
21138
20884
1753
1006
21975
16751
1433
28790
23056
48493
81204
1219
27699
68602
6527
754
94324
363
61558
2408
71531
9792
6166
1025
5487
12081
47542
69348
82186
25260
78015
18962
641
6920
20522
13868
15108
2524
1199
9472
13958
