3000 10000000 9876543
715642915
13649573
314010869
323543407
11434439
601303241
384322458
15650653
161510719
132075039
79979539
417748491
854024225
138069524
729704747
290987612
3465125
834452332
177287150
66839466
169842
312575614
91163551
612908796
4552695
397808666
715772367
74463988
125456239
51588938
362180891
290271200
53426983
4692220
510714623
216035608
8812772
16237413
31808207
310753763
777952729
125870210
977456600
508195020
622065468
307459172
7743306
486789114
15711886
453378
72114696
51835076
111292396
474655186
321243911
273568091
433178189
725726597
79333185
6419390
847281482
530678287
370808165
331056862
365730283
8584279
170186142
86235423
324325263
173308862
17774114
64519573
86712744
599312142
119339718
173237244
907228300
154891362
729093661
1369272
20584564
78827130
2591823
73147710
603690509
6988957
880500388
850356966
2821109
138837878
9231683
417785733
754873797
125712506
69401430
796812793
94921719
540932837
13347170
239311641
714401162
569012206
626211460
429150289
532718394
164209
979495
134203107
954988842
316068337
800537071
115614243
206487858
173250569
130045000
510429578
389990274
1320768
191419430
261452800
642656999
19156799
645020097
947614754
38177851
24404070
822811243
12804261
280050878
89671967
861349005
742118678
707719654
297239170
886358017
173108138
4295517
9009718
606045431
581176558
582135018
76541261
607905318
1096538
371292553
945034435
310363291
522925371
331863977
57299571
536313616
40446630
250204235
923020538
142267081
16405182
180331180
63012240
166248765
530050546
619896606
593509246
313410732
219594691
35290835
188843737
102783392
366342719
287938886
150195525
369282440
84183350
2836517
606210403
14908351
554416018
201844268
584767023
72290770
342942018
39391276
27355849
234983020
20392085
7865035
837953882
149954516
407
677864431
110910411
41368848
152960672
13434014
329539
7130819
272490427
64112418
30732282
54384875
5516
287841544
789151034
88984824
365503752
296421091
558024090
45667819
202002245
813035
462839994
949092468
526107900
246316260
28491978
94269200
80345152
903553684
879121
874484936
352986132
470011086
460723017
74276932
270109504
930502025
315785888
205282889
903334834
652145311
82967928
308273179
723651315
22547081
941112585
119361400
285401709
558719884
4081877
552540966
736093678
68316825
946773518
339207859
77240194
413558534
207783086
727799964
22005322
541280006
333283976
62749666
679392719
83355276
187523658
9175833
124375944
809624320
839672057
321722205
2474954
439110848
14854779
103209681
728514172
777929742
690769249
308589116
550366037
583181558
452180157
801836385
343133348
812693101
954899908
91280904
982056366
680718327
853804922
61012823
869781568
10361202
704868457
768418105
938349871
16098470
729767203
93710651
302066495
720044923
165624882
976751104
811155568
348409001
124804259
3756765
801387267
12865364
67231764
84282
25064292
292965645
384164916
210294283
13929335
958191805
20083356
116525545
243041575
525767061
333053711
501005469
47801155
571088040
14339896
2459025
520782330
25519578
878319281
634798062
104714419
92698000
860355980
596646096
95705065
178713081
910756961
937869016
40012726
202121975
31939117
139321153
150909789
182975163
1616458
126470705
492963166
123788512
288488631
2748509
122541712
2332938
132943777
121669161
139637976
794248000
718544032
106147835
18083470
79417309
84395382
239705640
66249976
492354363
110942381
717809212
896840460
517777772
284396358
386626258
562991688
401332164
656398551
31615268
668811714
870076930
514630546
984292196
148790141
426065964
77796525
52306321
546495130
41246798
525402745
645291872
11977976
458294537
430101424
3087785
363760588
15960979
906033581
220618050
614368
243499333
797481
309582643
371867860
925896
36709733
17596849
6579932
421417195
63314564
60298896
64509
149488534
439798455
370522731
5669577
489496602
538937803
70999046
235225720
121803
156105076
53214400
61522650
262022439
675901546
284580574
329941251
634252574
26195142
910575775
652211314
31468976
299084279
3658681
366988576
15952075
450379770
512794
981885808
354417028
642019995
143074073
369037424
662514438
26591857
46088758
82659257
556457713
799906444
518770207
282859300
213361849
278525655
218514201
871729622
155983641
194495485
121487795
418435982
24005524
257007600
371196964
40281205
132868353
162610767
197959528
707263753
460035582
613267450
120156680
335353887
251833304
277095543
292526023
243175674
705248997
346077302
311296860
607628541
293214766
105611636
11789850
295499590
785054131
137429
718458129
178830678
183671491
73339643
18012664
47574578
230183788
27345364
364362671
749478923
8145537
956626345
295600729
136454221
497900597
732976991
53304860
119662880
875569832
139136996
327324205
8393154
451036081
149737396
880591695
31236850
234454626
192479666
98703662
84317328
772850984
280542533
500260465
351482473
736102791
680655330
840003674
610617962
11461985
794944114
473243791
25464085
323103851
27477613
55564004
633662851
58601112
300535307
196567295
668422516
35501749
693976
729511347
755912370
417106349
819976081
27214982
71969978
1403166
882985408
33043955
485117209
292954632
1285082
541190903
132186262
479258829
152078200
719056926
526422513
440181406
181880256
559687851
111153433
578042719
198447476
43931
119493371
133015575
28347959
258349725
278639957
88846070
316070798
141409825
28781053
24059547
22958351
504988076
854483
267779313
373654665
76380718
238078018
365889537
432725442
157039556
355785007
266862302
505303184
208795105
749042094
677929553
254075942
101107278
1116608
13060494
17935889
45601233
782342516
233556553
397432498
267032426
704160863
92189649
618693186
431313663
40974742
645700818
830045049
24063230
45606077
7904598
258417566
1373970
25289257
1369634
13717405
206743468
836994890
417249416
782892389
333135569
26111141
437502849
28827417
668386093
366384
552999505
214796372
139692374
7871718
756127662
543155952
826308761
26748263
905051
220859273
656549659
895178644
1507948
350011
13427792
31510231
17039115
425581660
221253148
360549538
69994611
477924754
385067377
150139344
5988927
300196
128513807
62473895
26109617
356712337
739185
101751785
277259524
665877419
665025175
719429693
76969331
3191924
125185488
172428551
330973801
923581134
302814331
137173200
71074588
597556581
86316114
25687091
1185426
640195812
904405575
338582437
183823733
232594192
64220534
606142120
30984385
299255387
915497489
111484569
590275951
11078187
26212242
179478377
849570194
3979146
371936090
939630778
157107768
281536799
733229375
488041244
338577
959858918
523117372
449935280
69376565
74663434
275744858
161752275
854835754
467660902
7080593
536370109
11040
897939629
270705574
318787
732482405
848734699
118677253
346494915
981017810
317637600
21063850
513392459
129691796
401920236
312755218
515114029
594958751
5979268
952636788
84063601
524840
95957946
823265527
746762804
858876304
960110505
720536590
681170597
813339895
25849384
471521002
438658222
577000887
512213970
10097865
179479225
894080662
337185551
350491538
985353904
376061696
440199700
44614310
108043690
208355534
367263209
843765629
804475384
42670056
204943808
170210584
682276922
93783460
659267087
279741044
177309279
40816819
707160531
397170462
194854353
5495785
47299782
18376326
936543103
33325389
47877748
62203023
897743627
821117073
53812728
302682236
924462731
61983544
189189222
60904146
460315984
757643975
605952708
157574162
866950310
476048369
101255673
61386532
7878160
246850282
318713825
51749169
587899231
152956225
315657677
140790599
475512796
16495027
246169784
17789869
382845676
7021211
14070229
760495815
171350675
669221073
539105505
61797717
15875591
15628579
291558709
256706847
450046
521981049
288708798
6232304
416004139
563479810
2277360
506798572
50689846
5378189
80805977
896358188
56273067
3441634
287507265
208616394
322956145
219500325
2161019
62201228
651587022
631046895
2103234
545858919
549589
574042384
83096352
237235561
41678736
466814530
859345105
24551104
437840985
929579691
64832185
297344794
548291322
418761643
98924282
154554921
46296516
15340534
166630808
19677324
206050286
112452815
1224110
58219641
20978716
236918075
181603334
188017832
37009567
69089722
14679707
765829181
399910386
84617152
949608565
236275113
855122570
654520127
15257
642748716
263691392
140972311
179442781
272539615
43038817
812692241
211578296
19316419
327349489
515167574
24878201
145484007
958525021
119943065
231501513
11838065
198503993
357195855
151216737
95136187
9002165
15587545
8818266
604706814
112779702
61722851
400623355
830985894
482912929
210381837
310020162
834747586
114177392
7957684
889742572
679079611
691559079
6631610
34966158
694339596
523627378
243454292
8632687
825975568
155011181
702761515
511519903
470386545
295525983
690338807
467103900
132178058
346797527
209967991
445445592
564110486
582996141
956173538
38039176
41891891
289621803
166346091
508832834
84076981
597214957
652067771
357244074
123130674
4725466
685835324
944480008
547668644
637200
88947190
1615642
525227135
514868455
179595780
481371370
204586261
147909605
130362118
26095992
74200792
433015417
938704850
44374670
24753755
304657113
849561218
566913860
655300439
31772248
465552814
876241357
5767106
180534713
677974635
31685581
64648318
501078713
478139827
87432514
910924731
958201136
520418825
453512436
304646391
81591078
102282217
46654684
701867602
56430991
244215208
113979530
910690245
65432977
130651457
477244037
662053892
487362192
3366717
14360028
1683509
13318729
252044783
181540608
826685574
19695553
35785685
114993288
2845750
12662930
947065809
232441363
385115853
157762330
794004553
4229307
103994530
470310090
5025016
554865
723335361
28890096
31194811
391710758
669529737
541408493
165683820
1527006
858661097
131120
531862576
44704461
90977623
698024117
309906531
3259909
655138458
551847945
408209
396283642
297377480
860531098
81896223
457426806
796175209
397802030
112078018
51815880
7777248
203847997
589506139
814769443
67193170
124780175
400489963
168370900
506739
452285147
31337414
672744091
495542097
987226971
14706615
302260911
321537662
776595950
6156971
143346172
222740479
328692590
41455311
176729028
247915833
173007216
620184613
910749736
158394829
26780171
65713
101009375
15189357
1501526
554332745
13510626
928185485
28495099
724642595
92413900
679228040
17492483
581348512
963431542
81674426
802809194
145655377
19546694
372966108
7223320
2167726
39017863
25389097
8818415
765532128
730699560
430990128
43059951
720925608
279241542
576232667
111796478
35308234
64386368
657827073
310386984
270567767
29375939
335691160
177562
174214594
204510604
10212466
178613404
18670695
515423640
771691315
140869688
692485864
6752579
536817147
430549201
381501309
736955399
545793086
22181089
142654642
434167891
159747226
435688453
371235624
811291043
25530271
549060640
512974479
223797298
6758728
108977234
11259567
252726144
980940964
762699949
97618594
27727985
665552769
267270597
1172843
351372
787543115
16348
358797568
59391839
4573001
72057737
533500743
496683129
987589755
330966671
11383655
927088378
819587190
878978786
42685694
955517249
479932628
82124117
553340089
18805175
40536502
898915477
409551317
15114711
582134450
784728601
305604022
621639773
136674497
59127513
277077039
268324787
7384
22699342
15100516
780167302
225046535
22157048
504319
670984434
38918047
444992785
818524625
37526858
285519869
302007660
3425698
2133678
421327950
107882574
593160685
965285668
931809972
193817714
337897761
579615390
239623822
37231911
66495769
183119144
689085779
74620213
148514442
681350362
427439581
132
81782561
337851809
189228038
471002659
452443731
821865669
822174253
5692828
351134011
82214126
37321093
135081364
783814381
88758914
144256300
119629496
608778222
215671054
407072595
58238962
5169269
148122716
1150944
161541925
129945552
17373661
556978161
781171240
148536889
774681876
687396982
116501727
3350377
16349870
154655564
97338388
7862202
499725898
514619288
9024694
508954135
594497894
30562348
878819550
179039407
74616880
24910957
947152
329906098
58458235
115532108
54028804
2879155
199388459
114818281
181896014
896953955
467738296
458407417
20693638
151114859
494569960
123874533
2865689
244777852
901263078
777195937
553419147
96286137
720384346
264815943
35702511
1913699
586390400
47649648
171747858
78077764
306554598
140657810
2795953
355579743
827552065
170451517
314103982
743000033
384697877
47631470
127280116
701565210
145118138
358537977
909077202
46486387
131427470
44503933
6105420
201778917
53146055
472466168
388754747
148993595
85422705
271950161
589810548
682784155
669895871
966090280
375351964
363587073
793670276
371070983
288326597
282232818
284621321
74400687
61889226
63847
772617048
544458507
107061633
16760161
399847455
286379384
333954113
234183620
613611054
301749005
944753586
591035072
87772942
578798241
61227114
469678796
231341524
207130852
390093270
130954315
1393975
378661323
24106155
598383120
59590093
520204844
169557281
502457012
268614212
186834616
336243036
778793445
173552126
582212647
425229546
755831334
42914116
358482509
852711773
435791209
221605829
53874354
18064148
854796326
301566090
805826717
57190592
333205893
483848238
479653335
131108484
70705166
267979137
3497615
246178076
627899774
249491840
98070641
111829521
165974910
541675135
504956820
570060200
23753460
27315743
962305028
670388610
183742211
672181542
405232974
52042986
2840757
102114105
23649230
222207
707774210
3662386
556730111
229188273
8388831
461001635
882552827
405453
451498900
36371775
46745746
87345523
102333251
140514930
721865438
368078879
898749888
862095371
688211097
1470938
124896716
658352339
346754941
345815735
269710714
61910336
425741851
793129072
123689715
722979544
844260570
91664236
686342437
41883579
116995736
985630082
171045606
757206179
118491796
64614973
149400884
522562126
536480390
25161347
574213389
603279829
4932116
706045442
310165419
718625075
193341696
55659464
221236
25266966
219796546
169725443
650242491
210205162
29302796
522452037
618317232
181579767
255404255
470860138
1551934
72118265
482382970
7651307
38082922
14236583
825809429
549291132
444596314
116248494
3779379
763479712
120099645
315300533
34037187
182151819
14374673
427640402
502458816
138458845
106134251
155477661
5410981
258027885
300394351
224471740
979351910
502050418
87602064
179523039
632343802
104471414
868868429
514661168
577843895
265541763
324029614
81806874
983585
139135286
966445719
743304466
216712248
517950148
385917610
662522606
891923801
98830308
558642557
87054220
279348274
4283
256483138
605908590
184345408
31463624
1027846
710638377
228390610
753515822
594862639
27047177
272520034
249678963
32482780
848003354
399050689
338478937
670339171
304729247
799334425
377942093
213608472
186055532
805727710
374520334
359983373
4422382
60610562
275888343
189897320
174390098
169948
857627572
362922630
148485898
542132275
56810871
662493929
413569250
87938485
138464116
719936044
56380491
170422504
798051276
498092909
710225457
1483408
11606553
624106011
420199385
879378753
819811545
15781824
99577885
723838520
653501103
5326082
1338666
340307561
457984170
703756723
505162779
1029621
51130219
20180537
57815290
7033915
690001389
92994943
884494159
37995330
29073332
1964882
769358159
145549457
25586767
227616113
6763694
70033859
648701949
378400076
881186656
856692616
798105190
660183593
115876967
737181483
61695709
282894390
394733913
22820477
583278052
138619712
71967961
31024775
38545040
29216288
554409132
165881331
632701379
737849353
1034947
37461768
674700404
26099361
169831312
276481340
774257176
24048272
2782490
14419843
475694576
303695
540995722
689193199
42726846
704386700
705587807
591678860
2124070
136044039
253511078
144551931
327363334
678480692
571177409
19052261
402924191
439608
495464572
789287345
138397994
187857961
115333114
147154877
356270236
715686547
115304730
484434394
18271702
413828811
36204634
666684788
243934723
216600166
122805947
24135575
359307843
929015841
282613703
270971448
119279745
797156430
829083744
693558995
46550429
50230431
490951770
112507997
984398147
10673455
61821259
33967065
95285994
483268855
319914116
199485080
18505142
790173
172244
10014398
187609519
269947063
299686176
453938747
123156910
179182335
571692078
1126
165392808
107482031
485912050
367605688
757467716
33871776
12111573
885405714
360390880
875680265
23232658
567406423
218910692
762242470
735047080
110306267
129554
650420316
710820068
768997131
347115079
395189685
7560687
696546447
142109850
524974815
371148663
464592931
6349072
307124704
158066580
173287048
85907906
611081478
768948558
104499127
10222315
56287344
646911735
505198774
926558347
15587057
326713913
385236851
634993141
411285827
743322731
93621486
419878338
361874659
881916890
41987158
591678904
921183055
67051819
43866801
688495046
574735923
15235345
508710090
310858405
615737
71859880
17736058
110884964
193327578
137669590
3629847
145672713
2105508
624736994
839418817
738226
258315239
374490565
144362495
357676996
217645143
967887155
140606075
311067546
324395106
1394536
667740345
599590
30122551
660984428
915329156
269397966
102
527894525
724542775
586665206
178568255
325598248
115581202
941101257
76059846
35580672
973927832
17143241
35675555
507432034
979705381
3112038
100335
65667341
27833
942039871
128468397
1905031
690000629
1818485
918503312
2490745
5299917
928426738
3379916
717291212
644102891
321594837
102161865
722007147
913263032
559825045
59844254
820071375
68199835
162448300
220338363
536731431
683670986
21628343
3126321
197515691
86754748
243819265
78240998
765671341
98407998
550691221
359420813
68838018
154786682
349617733
205437109
353862061
61210332
703761873
423746214
756601257
875058
8575054
599647324
420177742
107223111
344294584
355726402
882500502
183306147
696191605
115582035
93604290
175818535
650538370
74373
35660637
86269618
409003647
150303044
205930964
220479688
36308742
538799587
782874040
49675146
406021159
476855547
3646699
225759557
568946860
241098199
2124
131587474
938068251
119944705
121381008
305893318
358768265
216076090
706179835
346710074
127270122
559382491
422012521
125370593
29749402
406830355
530639562
85656335
8598323
708919392
84616710
13720477
14883427
731283704
773265310
376325943
821304014
212156068
505881774
751339
227027566
57150253
39995858
78958473
679715428
88248390
134291443
569278
34658211
90879752
56392071
3909841
358529686
824330674
290424595
64287208
44989606
725691786
564164725
59338
30833785
205485965
184465255
468639170
64959375
5035695
166887453
151118129
14927445
37276129
261846237
977482236
22384529
607394499
612430269
123537818
31323662
911147952
283984154
260021528
8273142
913408878
99900535
568175
143567082
5501052
10255779
150154
476163095
224976769
661065607
323969010
23196537
25554932
236549852
12925558
798587299
391551061
365766168
632176230
515436487
355696544
103969734
14987996
23308839
495315035
367106841
614552005
192374698
316807609
334764031
19017331
310835939
917338039
46744004
53711517
120847049
185835676
672491965
191075057
84865106
222670629
124630388
809121082
938653494
856362770
44844404
231907019
1307599
766525486
481842791
444915971
22683422
974036780
43531296
3761264
211306937
131529662
375069656
868785947
635086270
870211463
235132854
66527314
626268641
124717787
150059713
419841971
547134493
16299174
1721954
829562554
313468
40261181
522549833
399392042
718746499
345147746
254339169
227857833
506117279
306708795
76145976
297449017
29044194
777039203
2369693
172509137
198407006
15189494
66520887
577432970
132432848
511405052
229964112
85939016
801070495
848583732
446454890
936694693
194224827
624113625
340858811
9067857
124998628
334188421
16327655
341254
618993988
4166476
147697438
215765337
856251581
944329244
147602005
25452971
17297613
79130672
327417143
244720840
113004355
446207616
5708672
13110150
900187659
604632331
164001951
250793197
69336932
778447976
833480
269058841
155557124
498214513
629004517
417909933
355278
19403444
301995118
9530558
620427500
806229157
5439806
21341631
727031243
141504988
308821844
424914991
132656886
3123857
481289368
70816493
294875737
427411665
543565164
370409143
12247264
911687133
13064285
495354264
419255169
943436538
178523086
539306775
87605759
8053285
635046489
32522026
321211154
165651995
321985676
14190952
235511050
433884633
142494776
107360
176622649
460927010
24730290
189723194
2436145
508167932
302074090
142964049
727909464
153236290
216605740
49452220
673454444
553367
167078626
6435758
775799684
378658448
389414760
799388915
14696215
342520052
629444625
107583799
356681379
15354843
23405531
378256004
520964517
968560497
382976075
171193371
522024640
127989493
304356328
66128288
6395600
214113856
10770947
503657748
186779781
282382949
91318588
265136639
208765789
816535604
8995059
250962982
139503211
461267008
582179019
9822143
622351357
961413921
160343424
67037350
58121431
135188434
1493517
727622842
43379537
708443165
197236348
194989206
195220276
29930546
173910900
763135225
6947559
532977397
484539826
167901844
513587076
197667278
521041283
519324677
694584346
320186784
455287197
408191
436004280
32397384
957719211
124979022
83661099
279224832
634600814
4838591
106854713
30087024
66151342
1933583
972172267
398540954
797679086
189851195
186912833
47842284
116965475
561902743
64032626
594482223
113488274
24669706
14127710
59062035
102647859
694537512
50641187
692939209
516783746
443498
258018506
19752314
893122435
328006143
698134525
105322582
22697486
286006877
269133283
14484578
92063924
660564583
64606200
122931350
102921982
142924064
839970861
58826946
201491501
20602
65827251
456345346
718837987
252818575
226742286
607977828
17196536
299462191
545829351
402119594
553724321
266848204
72531682
34525242
810191396
825219117
97830917
344968605
347427026
231073122
530911736
196372319
82514142
430877703
354277338
750600562
150447123
244840369
192239948
639357432
983417920
37545627
618809916
558997861
414347183
722066135
647469
589252
17775367
802171987
310507398
312203993
5434941
76630566
359097218
141822601
382954807
460415370
672823484
403487810
218426381
349294873
4352963
475665362
697778454
393604492
78093825
467561001
2686406
87618885
824832535
71564159
270629489
41052184
85003083
76695477
633879916
189826980
822841896
10768735
148390840
606872374
208398757
500817838
224280
331403241
16496059
614078571
7587392
692093955
122952981
199841797
791898255
116666927
331738612
725695843
822835601
129064264
22871793
223430216
570191217
607246932
75057200
26065479
883463527
789003541
36683087
450731401
435032314
36645073
473351581
348205722
612635
82863879
27866837
532280456
534271874
557151638
824849416
24338187
748310910
26693502
116964626
3101360
217138800
770633607
197604941
552097030
254322988
184399565
2478187
267061469
69817717
598359375
131546342
31387096
829131940
61525672
3304480
42152409
442217999
533490154
583895711
815381972
21857562
439059060
746996651
782870268
183039610
518808081
246591600
559309877
581985
836686675
563383392
33938651
381558339
286270027
247043009
1993417
151734871
226016067
544257981
508020226
163413192
420870728
108144733
37954351
113225764
9651784
967312596
503139647
300366778
761273632
660788685
710033586
59606351
692627463
29962687
257711598
402151802
219630462
776393724
74222379
37804841
309099446
389078776
293061977
8024113
33411222
777220078
873714871
245496879
975389384
714711728
7569363
160967120
423014418
104479013
3470515
397924534
82913279
210649
170029702
54283072
7032112
972387423
28814677
44175790
845714813
2993276
828905417
965252509
36146040
249506477
135807148
1862
950333078
23780993
8633716
706501845
635152810
16132689
87065444
469560668
23112446
510760000
786862948
205243303
9425302
152573690
247380673
183956848
158116237
868661696
277379280
41254047
57508678
157149039
506551245
5868592
14261871
334842560
325723666
133960590
124090806
509223491
53003569
21005027
314484605
435142889
774008757
177197856
124335483
315272105
189623795
154191691
354071712
3989725
61162489
185512613
631046577
913995044
177877066
336073686
96700460
247077034
641366639
883391144
211896347
388482512
35126115
16375913
624481152
11803395
4694613
277037019
40416160
624622514
814854314
588005088
534961530
709991367
1697352
922025209
1182945
531769651
114318468
166904783
253658402
927955556
176527934
773862871
274854906
128390826
793983999
653124029
42690101
3310647
437233380
8504526
833343407
216650212
229861987
160763010
491307446
888616309
292463454
426916228
164852957
20947
975512008
30473368
886621526
372707074
55611987
455650382
39879113
510297090
233779321
732901152
163352746
625069793
675567711
51470478
508597617
60318383
15869507
368516620
299606123
455043146
8149067
204421023
152132
475819996
392500600
186130649
649408
45092803
275287986
944299991
245637660
671929742
164452620
10122381
61183391
696820625
3107426
67036578
564935954
26798322
583015948
1408131
17263682
101858950
7371448
85742040
457822618
92830000
503550929
315463272
148354279
887620970
5527903
879662903
33861705
121497716
236731381
77368206
135677556
78260650
368973703
866187795
389794746
344141343
643703097
651882364
898149501
283543659
10187340
37465
1820194
700283178
37474095
455955876
88420484
10575982
592451154
862496348
151758253
327108707
226976889
66015186
852350368
756431914
96595535
165517651
1008590
415845362
300460022
248422918
942359405
527387151
391822467
58989
277718844
473951718
773811022
35180554
505468358
471871260
335436632
18971815
292218837
402345618
474647095
83844656
55157439
511215435
614841974
43940921
884346741
20361503
2331529
574366599
754551140
908980478
217442663
197906849
545638118
916332833
234222001
634885754
82476620
6135793
56590927
888156334
165124553
4330434
7694225
979597432
873689317
235242093
434973548
914819497
57936934
574702248
208215032
290717925
478808663
94121456
178817999
596417546
255185068
904257398
915588190
87993054
629654065
349790835
487834276
490093229
66163872
7332544
884347957
847640374
534636269
733197663
564339924
156190957
6117817
122015297
247579684
292047613
468740936
60525246
748138018
986039988
444435349
164532472
567974810
182752489
7716044
365331738
86057353
666934376
555630467
649470169
2257862
33686352
905441180
929044544
14808339
1663200
8235328
396848158
217392829
218603582
181971873
976194160
97168525
439242458
666002583
49047067
1487565
156753217
203231050
32165458
129163480
730245011
444556906
5321295
658879785
3582508
423286941
802424673
280002988
751012437
584953063
743504807
19019955
18755511
950391653
603696790
750392260
587728572
559913664
18482240
755927364
573419392
977
2152241
144447256
740652197
680371543
72604888
5637314
89656035
113469317
107706952
976764483
512134893
586325102
564001938
321931413
833125776
706307516
514101389
173970764
221361980
81402277
153301325
273495870
184809260
667408682
173082915
127385646
736706500
266628687
520668293
141363136
207332503
814407210
448493648
178170
17004194
191311711
608997086
85090318
671604172
985535149
8771757
201339504
196632095
62771143
119963711
263262458
47449718
45514455
455968920
197883220
459733017
57584161
9975296
743863076
43059295
294033394
62920549
582533349
183056585
333697417
60470469
17177113
972254094
921951
941414014
639583309
624845196
134992601
732468356
11736
40231946
86662637
23553164
24308418
68764064
390610880
573440166
388316823
274880698
677721012
314558444
10566189
885571772
121664245
1369
643239782
224732858
857178999
275469930
309101905
9574767
9955993
710902
37563949
303750649
2009578
985048533
433095321
797492391
297698694
48070748
549340918
8205233
927404012
4922587
641766995
199051235
584812
252614877
460886048
495152158
158029046
22234674
300787028
15642346
189341782
14641884
418036199
52093161
980249761
534969304
232075167
13674035
463439277
111647321
836969772
3602999
70595011
254634102
19632053
355841529
108543768
46562069
451621415
243780101
725100346
64397802
3578864
1841206
11757283
456760068
818171971
306373195
799540616
919299010
11114235
39396242
241359403
105275106
982309
55351467
25159861
707778514
75423493
466727834
117180831
43154675
277005381
897773294
572273961
866769781
886248820
313333415
397614539
743387950
24682823
35720978
758855704
921289139
12947769
112443406
365898405
329597278
892035270
404297213
484609137
47572350
371628255
177343643
87609882
2629158
681340086
178006028
694145959
194237522
389784260
550793172
278041900
651677182
938419444
15931705
672375
131758102
812962735
681203028
542760411
800394901
12220413
4733020
355265076
703796411
2072519
735725264
1479220
119340
711751890
381579038
681552749
111027740
12934792
229159063
799923663
10798198
118398009
129530240
418369520
352279369
692524197
22426844
183864842
690246011
846317743
113099294
369246548
105526891
