3000 10000000 6000000
204549401
380730001
11613201
321151999
350925601
422351701
155898899
328639701
527246400
460892701
469882701
176552001
530076199
553067699
126932799
270202599
382310399
121551899
555586400
135882500
213210900
423748700
302059399
127137001
245321301
437313401
112283800
124844900
55032999
36502999
407360100
457293801
52543001
355102299
492899901
486431701
528712099
550047200
380654000
467505901
55910101
250175800
96152800
219264499
84767899
439847300
66976399
125841001
398943900
490689399
116422200
91618500
259850101
144392999
542400901
465684300
301005999
488754901
56294701
335209899
188059299
492296000
80125899
266015701
532916200
175740900
127304700
369554299
208870600
593434399
532074500
222862001
413088299
97257200
212146401
387093501
415356000
514969499
353522799
55090799
558166499
218089800
222052999
175640400
386206699
190808499
159671999
101930901
509329501
3497399
328071201
256943599
217020300
532625799
592051501
88303499
334695201
589868799
408729000
355424600
324915799
559551100
89338801
115382500
95947901
503014099
437789599
164948199
246679300
143018299
186845299
222306101
305504699
181771400
141795499
419528601
505754700
95148399
159273901
345775399
232264501
80750899
455562699
507630600
535258001
186142200
566541700
539620400
284934400
492162600
58888900
198169500
585133000
81458099
180897200
385874700
46065301
198073299
259973200
150519501
202126401
143718800
515399899
101681300
260759999
535813300
147354100
238848699
161033401
55539900
422160701
258056401
554698600
212218401
413392599
438580299
410839700
191445200
490533900
476199199
579885401
176710001
67688499
265300201
595175701
416033099
314411500
590757400
421567701
129816599
304872801
60195300
511953701
599131200
541463400
166771200
229492900
570140301
126674599
296218101
149614799
87947600
412191401
441797300
278744600
391430700
311042399
308390101
582928299
508932800
460824099
119243299
430416399
580066601
441382499
266257699
234974501
284889200
575619599
218734100
193330100
276758999
588608601
454462300
362734099
134916100
241182399
239944399
376513301
162824100
160876699
351711201
207385900
372461500
488953201
563617600
251109199
299824699
97356699
222297101
82163301
3421199
463474701
459080400
427111100
219462900
353195000
28755701
17729601
519718701
133717300
548996099
230236001
516276999
10170999
161133000
597891300
173990599
275664401
191222499
259339399
314898599
531077500
352142499
599050499
180893999
114286901
583270101
35528801
476811600
254520600
410967799
449164299
71675300
121429701
455497501
456570501
407566701
495843400
586285400
429013299
352182000
128811899
98070401
370383599
255176399
557588300
423006500
478260900
33086501
228446799
193624401
158605599
351003300
265560601
388269799
23186599
521601300
536236700
15120899
420000999
533024300
490197099
305936101
586058500
80179601
49528501
185305299
374830799
510907200
24570101
48785201
271578501
381118801
519121799
145198701
186599200
356117001
562305800
297224701
523885100
171185801
126963300
560828099
292787100
210953100
558428501
179840099
63451400
550864900
282809300
350950800
483528200
57839699
1621900
135446700
239479800
358932199
399351301
514929600
111036199
395047399
64561601
557478600
263477299
507185700
237547199
108238600
236272201
592515500
548772801
563400999
275603399
380063900
472397201
357660199
534403299
413942999
493566399
198938499
394590799
56964199
411065399
557335501
190369399
4304700
29857601
161217301
542999399
502276499
539975499
160961700
154439800
56462599
519813399
329860201
433956299
5802201
54231299
76290300
271328401
211080199
427434700
482765799
15933100
82044099
221338399
279359099
533612200
578134801
128710100
324372999
506025600
189107201
155534799
360524199
527666001
220923299
276805199
563483201
575927801
516230599
343163800
21181400
596110800
557874899
427954899
197666100
27444899
194527700
207310400
509189399
508024601
48303199
206869699
591935999
570379900
462362100
83927800
29148199
573793499
72955700
84607300
543066400
103829599
339940499
594800599
128230199
468829001
126531899
123679199
342008499
426898201
168563100
203639899
320094101
518228999
294315000
524003201
204160399
590819400
55622401
162469600
379237300
454423700
382508099
384147299
411627399
547895800
268522900
522592699
60508101
293721699
465396800
102243399
497034299
388749699
186792600
435435601
491924200
304743699
555841000
272980101
59033400
303738199
255653799
415320200
485500501
346408599
15137201
255797399
383327899
308345000
554790900
463016501
314118401
127910701
579801699
58252100
46605399
581765000
150609201
84865401
460352499
590419699
468462301
40327299
292186399
421969000
63418900
321098500
128962901
412674801
267056000
405716799
154969001
521885900
187008899
508722401
576423500
105389601
352968801
440577299
301505201
528975200
469796099
72674199
240190301
450995500
449270301
195605001
218980401
482824199
75589999
524156401
387342200
391555799
555171699
327636799
142597301
385709301
86026600
145006701
542207701
368644099
386432600
235861000
248998500
401187000
465417999
110691900
261107000
175178100
594546700
474395600
473330600
236051299
84167601
93202401
169914300
410770400
212060600
295010201
176820399
413417601
220904300
12138501
59748399
575313901
65300601
356043501
551764001
259558599
367492900
457119599
536357199
528265900
34822000
443071901
189091299
27037700
146754801
99542300
287870401
591871699
347064099
383289600
130798101
99514001
80653300
552535899
500313199
284822301
207405200
211588201
578099799
531945500
61492800
205646600
176562801
107641400
115934700
437449501
269173499
414935601
25933900
148662599
11025500
199320600
323771400
373539499
36125799
405112201
250469100
105514199
458459501
583622299
386039301
418147399
554008600
75816199
236273199
385606701
513825799
112074201
308867200
442613200
284438999
560785700
218148799
592123401
5330600
474034600
394584301
83102901
105841200
271515601
27187199
596937699
492433399
294926901
372979199
533939101
575869999
595047800
459412101
162034701
110267100
350901200
183302601
298604100
314446200
84019701
155365799
358429999
256012900
412817201
406750901
171022901
147122900
578486899
492449501
98832701
438492800
238298500
245723001
335359700
123945099
252250801
565198499
246922199
431584401
109484799
389997101
283585999
162740301
336349599
111780001
14626501
343173299
239965801
500729701
119851399
444720199
402521101
562851401
355354401
15546300
30595501
505121600
575778000
575594401
480118999
234290801
412976201
114296000
14366699
338112099
575259901
172655399
534534201
419630199
327150801
199480300
546932799
438684101
30299700
116479399
20864399
281534301
227403601
68881100
559131299
541816800
183731099
416290101
30075000
591316100
167376099
429564499
456184900
345960699
385733501
239543201
93235699
15071199
166323101
216960901
29547101
28003000
169312801
390258000
371118400
209055001
460676399
265906699
183730699
509911700
291067800
68414699
227243500
497548200
548691800
410525599
309059901
165797301
250340000
581196700
260521801
111315499
162611700
403504601
241985799
205840600
76876600
182428899
210632701
375784499
32452100
200402000
395372200
171678499
220607001
144275000
77583200
374082100
49916700
512906100
265272701
66958201
425247301
489377801
116448601
136199
150328001
80709601
572577301
277205299
226177899
520719400
391033800
532444899
44793900
60204400
72490901
87763099
382626301
481611699
589239201
515888499
273393701
141569200
101703799
148990901
284973699
89190200
376535699
18594901
417516799
373874801
155440299
350708501
412310101
229216501
275123699
486956701
421675899
32349001
38007799
60913701
392260200
404654200
275338100
582775299
524980300
53685199
142134700
587567001
118823499
17206499
60907101
582168300
545007001
227668700
385027599
144428801
545021100
290834101
491244800
397957701
110491901
236947999
457201200
370027800
585765300
334683699
45019400
568215300
426053100
294331700
87821800
370214501
45242101
278019901
567083901
418546299
250024299
72677601
403071599
506453800
257873700
85467000
504280101
25330701
506814800
83703401
329585199
82106601
449310001
212393400
294380501
304714900
544355001
166576201
294586401
329490500
536073400
378165800
218809699
269939799
451753001
227472801
52731300
118114999
169884801
517130199
142368200
246663001
231469200
399653101
336018300
124666601
191052600
372913499
450459699
173001701
576713400
288574200
596415101
259791901
442766301
177962501
286168601
150685700
59810001
568451599
423333501
222361501
413577400
447375100
259079401
115213401
389620600
235383700
133664000
501838601
163494101
232471899
152661500
311588400
542167401
589959000
552588699
108005101
530824600
460424600
94275299
366710899
330222200
71776001
352118701
350902701
180997701
169437500
499853899
442467501
343597201
450183999
226484201
483516399
594922900
326646301
21650600
309976401
455280400
347427200
271343399
247178600
535850901
553287701
287872001
48071799
315334099
379170701
564974999
117890600
201601699
308563599
467241200
454897900
547664001
103267400
364565001
319908700
585100001
77404801
174591300
155277001
179272301
286738400
106516201
20755499
576637699
274975901
147306601
108785400
104834299
102498501
352525699
335961201
357092701
398348600
361340199
429679800
223320800
386801600
137112901
321393501
268866000
553142499
171854599
532749601
138114901
75591699
528369999
467791900
453532299
96154399
588512101
372239101
72166401
560601101
424762401
580396600
260410399
74969199
506149701
266816999
245053900
109970699
409449099
30386301
264275599
251859399
457726999
162281900
203183301
364774901
337992599
419497701
489559199
314115300
350255001
587017699
32593800
147092700
111549499
404752000
304181600
202326699
475745800
14873699
312606200
404029601
211889200
106334700
441962201
273224899
541617601
255997300
62056601
578935501
404957201
102252099
571267901
153091099
76911001
492695000
114422300
41453400
438393500
269193499
534820200
486886100
98748900
62994199
278429899
557593600
443125201
164628501
481206801
566833999
368818301
23296401
112577699
38595101
13556199
132631099
414294199
344037399
480899700
501835399
528005501
472254200
335058801
313432701
76957800
368347800
62082200
307355201
393460499
325512499
98248200
134710999
253134199
586100000
124837801
267358001
191875999
34009901
199927700
250693401
441891201
116212900
441007600
372408299
463006999
87303800
437009299
111437699
26271700
568818899
143260200
74622801
158218701
458319599
170826200
344316101
243075301
183324599
427846000
579258400
532949800
505059301
51399101
570782001
4389500
278301800
329383600
472666100
31658799
303083200
408988800
160872899
558730899
394507101
56186199
524675100
359037499
492049201
193950601
289179901
240418200
560037900
182647101
569746900
518092699
23465200
280189501
382416399
418651099
283942299
228333300
283078999
510035800
35302299
573574199
183425000
402217200
248904599
138931699
134446099
425961800
204209301
561416800
475310199
77921000
270718100
383534499
162741699
513583999
392241300
226000101
527725499
304323799
64543300
355767301
109011400
186579701
569398301
71313701
354029699
292629001
282189499
101904101
53859200
477030700
463484701
355240800
192389001
385154300
143534401
553676201
523465900
166363101
554807001
159716699
348792599
382221100
10181401
417906501
152017800
356458099
460533201
86122499
410348699
578757901
95248001
413570201
194204399
213866800
154005300
467293101
119610201
238987899
507578099
89909701
454870900
583623401
72259800
117112401
268610201
170578700
419454601
393824399
383315899
277955099
2646801
119637399
508199800
424636300
74305700
296712800
297356299
587214700
154643201
216658101
435407500
260249501
598165199
277034800
425185901
14839500
255058299
237578901
346763799
350051400
57207600
24796499
410340200
146553199
385643100
505704401
245464499
87024901
548796900
573146499
143927700
98772599
95541299
215525899
241032701
481493299
267527000
431854700
355295000
7903301
554625901
290109099
439027000
178796800
128700301
506581400
117639800
454353001
386856900
148905201
177508600
536464199
361553800
37656500
62792801
557847399
323577100
240832801
219035800
255486501
473912600
507656301
462658700
382611899
259469100
274297101
505329800
333366199
62673101
196315401
116972100
154179200
196840100
399117000
538975199
582953801
582781601
594726601
380392901
397048701
298296200
428085301
519110901
12382900
480877401
243837799
493540199
219982400
213271901
541296199
88765099
217696300
7716200
158352901
446425800
455581099
262163801
19718599
343904500
34499901
526696301
444362300
115961101
91381100
424788499
513574999
380367001
209165099
259214601
252832201
51909799
167188101
53090599
586182500
346077501
81424700
112523400
75554700
486937600
144725399
312409301
300307999
350823799
173070601
138983999
469528599
441043501
332932100
122381701
490681599
490543200
147703100
564651600
142624100
360954700
499255000
586190100
471572599
183426901
466521600
291853399
363827900
490666301
452884301
146382701
444116901
99108700
216438000
249089801
89594801
213551001
47213699
264834900
294323500
265852901
461642200
499791099
23908300
572157899
104971199
332417799
13663500
216414400
6101801
19406200
527536200
562487800
579063399
131562401
5552899
328498901
227997199
35662699
195654799
323965501
556553901
238098000
329183899
400776699
102283100
499692901
282674901
72567800
113288600
36516100
217062199
219267299
255831100
464486500
111248999
344295799
21369201
209901901
449476199
95658299
446646301
277937999
588195500
537276299
131884501
318222899
85945199
234587801
296064000
439914600
113887300
522656199
241843399
158221000
53451800
28045599
36115500
15119701
474792300
254210199
504082400
242971101
372229199
599823799
445560199
306310399
337111500
211684001
207188101
542947800
290470000
578868600
353188501
282867099
400399
332217500
263593100
385221701
295672000
210491299
451807900
43766299
382984199
216650301
147230200
434890301
347471400
260419500
545877300
380206899
338632301
594042701
420952199
402717900
204916400
76173500
491064999
331390899
563892600
232379601
316189599
70441299
19780599
183756699
334618199
111163500
157279100
409166401
99053399
265309000
572995099
411976300
477859001
491450099
466438900
127377699
114081599
346236101
318706099
334430201
271241301
470718999
49607000
37761501
503977300
157830199
517532399
249648500
479072799
362013801
465134001
322126801
596208301
170059899
144859401
67289601
579182300
244288600
43616000
16081199
219528700
170405900
42897699
227350099
339588499
97498799
113141799
312395701
254834400
566642599
564362399
206343500
174157799
62528899
184551600
92035899
127782199
262444901
259875299
508709400
287430299
527630499
422727900
293107200
327062699
312628601
149513401
439804201
587862499
344319599
473483499
592229700
532277101
113634500
538056199
168057200
114031701
83702701
559068499
159681099
479292600
373924399
248908901
258003101
80341000
104273999
269632299
87336701
432470901
481485001
25888400
349657600
376771900
265964099
590743601
585981501
149546101
143141499
171680099
104515899
229073801
260593101
366090699
169629499
104257099
555589301
312084000
331344899
340915499
2376999
350539701
172695200
5328400
299565199
294964900
73607501
19072300
150233001
105398901
307704101
224429599
599137201
345744899
559628801
163427799
62744301
159777001
37318201
413107099
65333801
329143401
524611099
460965799
427986599
558870600
434486101
368169101
237803499
309293799
40767800
149179199
571658400
264426400
143688700
272133599
393900801
456041500
222944499
509698799
2076500
188063700
574293901
499511900
504649100
413932101
133526901
111705399
86463999
65916701
579304000
434535101
489645301
219101401
541545401
295889899
130975799
27236199
229089700
60778100
107516001
69333200
6298499
349645099
163383200
175727001
594996501
294907299
474451800
268485201
366752100
298433201
765700
31342000
162204701
16969599
536377699
338188899
160270899
34096101
328615600
336901499
523846499
436033899
15401199
42493501
129848601
337348301
324612701
410321501
404615499
44118399
66257900
584365700
534087600
165165200
521096500
448284400
128037700
298151599
465378800
328893501
558823600
271604801
181728699
369741501
210695401
476770200
124983600
423059700
449834899
489140201
72939001
191533299
597948999
200635600
155218501
314477601
474500601
379875401
564029301
511883701
467168801
64299599
454034900
425817701
102238399
371167301
342956801
457276899
436439999
197307700
134463699
188746801
582372801
379434200
473327399
268888400
591004300
61382400
588292099
501641799
176891999
155128701
224391400
599278799
505738999
587117501
253521101
188813301
238735701
421433201
240874900
92251599
205244001
274230000
87288601
222011500
214036001
86605500
317114099
494800401
324792599
341274001
255906601
429505999
459174200
456988300
543433200
264144200
364282100
354841701
26006201
106786900
100883900
537357000
447234399
363037701
357114500
328757600
29224099
154185700
558003901
564028100
103156099
358492300
141280800
599369799
98750099
67497800
23685000
461237899
116039900
264938401
533670800
320704400
143784201
533584000
255075399
323699799
533834799
368898200
560791401
37929901
197507301
139417000
386434800
307721901
75684400
146546901
178755401
183144901
406786701
13773199
443674900
77989501
453725700
454865999
319600
510342499
447906200
315987601
166149101
469673799
18744501
584924499
450303301
397114501
250567599
582081999
296838699
343894101
306224199
137450900
107899200
343864300
190429301
48010301
489619500
116772099
494478499
562129001
152130000
409091299
598977900
154218400
556175501
596789200
149816201
360052601
413875401
88046799
354906800
45992300
417189901
408032501
365599101
181847900
313246900
153783199
12655000
511592500
1090299
200237499
445908500
471430299
517420900
485060700
248601001
135331800
354995000
270919799
428085100
428504701
110171600
171898600
168041000
557046899
142644501
14169901
65143899
234365799
224144100
126196000
570561201
52781201
471432001
186108499
322520601
76623301
149860499
97980500
381083201
527043500
185350799
212979200
326069699
397046999
381989201
210784700
261433701
196200599
36186501
305741100
139641701
188531000
512279301
358637000
67112301
322182100
329250900
598252500
268658300
312666799
566810799
291560999
387280799
382553600
139791999
538616901
24014201
521206300
79829601
487486001
100536001
570823999
430105399
264979100
508103601
408108799
354085701
357261500
109926600
530670200
294050200
177028199
80436400
150966001
371991301
384617900
158886199
227650701
372945000
503151700
66339999
269752500
399211899
119475501
330825401
509395401
184836901
216667401
371664600
386053901
111760000
417694499
548387499
11313100
410148199
503111499
52339301
400860900
565872601
19075000
185544601
582904200
462598700
205670701
319188199
4089799
137443101
531474100
503482101
487389999
372867701
348314201
370305300
118324999
538774601
106029200
542929400
305078900
311579000
174557099
180746900
60298301
527436000
512271801
264239100
28163601
214076700
155691300
354859500
395229000
380663099
258262399
233694800
270759001
240399701
69980801
404695001
153653800
371661399
265001501
283351101
47460599
132779700
448877401
500518200
428086100
42927000
572634500
221031099
301797099
20166699
424571401
124000800
18360700
510043001
426530899
513267201
71978900
421181799
84094399
193836500
233159601
261870200
523821900
514422099
296637701
331696799
453281399
241452299
448573300
478807401
454058099
284581800
205161799
268615601
552870300
204354200
134902299
398826100
81323399
307935499
539430101
440257201
565173800
524131099
519114900
124564801
304441701
225658200
102554699
154333699
595975900
125317900
251886401
520275400
500039599
450966400
213782100
79162900
50105099
10420101
566834000
197663799
252025399
481749399
413019600
500108700
15656300
246976501
249570201
169681000
83924500
352513200
459526500
209501199
514174100
50739499
280883501
68561901
158359999
219047500
210975100
431035699
560787600
15653000
120407601
263962899
127818200
529734500
308779301
154934600
516469999
575509799
192842999
134818301
316930801
17901399
59064799
355349500
81725999
5994901
94844500
11554101
480097201
28599500
19649100
548471801
34969999
566865601
233830500
55059000
371340399
430252400
154116400
470209501
519790801
149421100
225815800
290313299
148463701
579856000
219703399
87181101
430631101
128528800
511883901
297577900
338560999
301252299
54237499
484294200
507030600
51895099
245363400
436972601
582413199
340053000
494631101
302847201
544016101
486950199
264306100
429355999
156489399
526271001
78337099
393048400
219443599
482027799
343064599
227249099
572266401
535363701
94779299
592493601
296377000
577660500
285869000
469015600
17721900
504767599
514089800
448514101
433096899
464673901
514277600
264837701
86862301
154287599
5750999
320045801
545361701
388029500
398468801
340893900
68764401
446092200
2422801
556124300
160198501
224743801
596755800
490729600
184470200
181365099
541760899
538443501
520297600
448116301
52485899
437673199
479559100
134450500
361647701
73691801
253018799
340793601
313483301
523606801
187918301
322434001
146673700
324404900
298599401
253437799
26240400
225411601
331194599
516410000
194635999
339727199
117572100
88923801
368929300
470430001
46020400
284265700
16891500
510296300
229430199
132713400
32455500
281031501
245609800
114253600
191285601
221481300
196866101
51996900
369555300
493662401
430183101
314887901
72508100
399442901
481399601
323861001
476562700
260040499
116119800
503799900
547930699
139130699
107262701
494771500
121978799
235326899
102095999
462620899
145419199
192934801
68777700
484718399
31896999
231300300
125749400
580270101
202947800
532598899
529955201
281235400
579222299
198798200
10680700
498692801
363294699
500270101
400434601
152479601
538351101
382159000
219674299
370570501
69598700
164771801
377139100
322723401
94036901
88910000
527646900
477371199
569634399
438656201
463954999
249299799
537241500
520688999
143698399
79016301
44770701
449320900
499783601
524109401
89009100
461520599
552688000
454250001
17534800
232364201
444919400
99334301
481779099
363708000
98312900
504031201
402185599
584325801
300861299
256154100
192156199
121514401
562977701
167976999
18904800
150825201
550257200
150742701
307540099
70951100
420144201
512623401
418239800
456035999
43048899
551961200
217643899
335843099
547965700
111925401
442010999
305869800
402596399
478532200
246596799
348639599
194861301
38186701
153605101
388687700
229770300
150427000
301439799
558818499
362940400
495954800
273441601
137713999
34220900
211243999
411629100
231867700
222838401
456342001
236108700
597830500
87989800
223339000
251811399
359829400
10675801
222581500
68650000
531875301
398579501
580190599
193253600
291851199
473890600
547975799
429088201
211689401
507639199
465107701
97218100
33789200
382247599
96756699
165265099
548704801
267176400
313827800
408017999
268326099
536625201
285377701
586506399
355391901
104692100
197939599
29948001
360812200
379231901
346187399
382057400
480177601
18165701
408701200
72065400
94970499
494180300
514110900
575276599
189061399
17978199
324837501
40699801
114228299
78564599
31955899
5275199
285607699
262470500
511801301
315150199
221738300
36492101
437424799
338961299
533504401
502449500
553042899
77212699
83605600
168578001
218297399
431040201
239691101
5065200
146669300
486501801
107867699
315997799
4823201
80220601
563085400
558854000
71436801
37768099
28872299
292608401
18533500
42935900
193859400
303908001
574704301
110804999
299021901
196063601
35122201
245209101
464807401
102293401
291595000
32631399
425152199
31030301
131453699
530471499
576219701
61339799
518444299
155953000
137375200
438581401
200928001
567533300
367440000
4918000
586742400
334224300
52542601
232778899
192294900
305136600
296104900
518406199
454128900
65788401
379301199
294386699
550024499
574949599
586817900
141629200
174008101
592779601
146161600
142337100
397857601
264771501
565747801
216282600
384757801
320261000
298910601
173645599
404071000
499631700
588528899
178184799
247302700
207845499
385405300
439438499
327198899
541222001
355747399
142447300
420969799
434854201
87303201
206711901
299689499
526009799
321377701
260643800
331937300
223952301
586798800
142373300
158239700
187279299
153632701
221774299
381174899
24377501
390383400
28309699
26430800
100335999
367195999
553174300
218371299
458893901
270465599
251671400
303314800
340717599
274432801
269034801
326183699
562408700
345856999
449467101
320597199
496980600
185623200
525542899
341237100
270469600
395873300
56585599
200545399
273554000
591135400
332309399
590247301
419753200
207044799
93228501
361604700
183245500
471300299
389080500
116713099
233393401
97551701
58219501
346830301
432374699
118097200
556850000
370972100
385004999
69601201
261863401
437928301
548941201
404989401
344062299
217944700
432499301
182886699
317487199
478464199
384813100
447917199
190726400
246234899
199468700
61117900
103493200
188655999
68695001
36156800
217848300
557011199
144322600
504544800
266442100
133521701
597395400
427016899
97027101
474993301
9960101
499288600
60674899
286002299
445399101
344361100
196171499
571307001
583123500
120693101
503758399
407676300
163112899
417816300
28657801
270162101
399806301
293453501
458969399
342362500
253882399
401006400
573052601
483557300
508822100
113045500
394579099
98294700
342730999
437356301
504632800
100903200
352092499
433327699
598176999
288789699
132023201
4715799
514379499
153800799
583643299
352340501
481914901
472754700
386023799
434020501
468049401
330404300
583353700
597967701
381230399
44775401
59085301
208344301
19535099
465517399
552873000
182334000
381305900
240636101
504143999
428177099
193153500
287061601
315835300
55880601
361052301
528443501
123082899
24153200
561227899
315252301
486054100
306818001
473891101
154681601
232908301
477391900
317627799
19752501
203847801
117678800
106264701
43471200
478050299
236085401
133948200
185044001
453873901
326031301
475101699
248344999
420198801
512136701
413852100
214697499
352226400
125655199
228909701
355184799
353346000
470381799
239449400
368016200
581709600
33676901
497132200
246007700
110078500
578147199
357621201
38943700
566085799
373149901
591760801
44972000
544202299
332638000
37859301
501042600
307587800
110505100
512032299
316074399
254557899
6888801
64621200
97288601
275895301
518034600
504030299
360019800
82334499
446763201
2787000
94556400
364934899
174497399
568845300
510004001
590898200
338106699
116032200
440859199
556200500
16434600
512435301
126087201
550480501
229353599
55958500
22108201
499372701
491777899
241431699
123785399
5044301
379712699
403440601
278884000
325186601
396889901
540277500
578673601
56168601
321145401
102759401
480536301
362465400
81698199
550697301
12152601
189340599
195636100
395888600
347999100
216577701
486846001
300249801
534025601
5958100
304859600
168369299
508799899
66337399
9755900
366453201
430048500
333613499
13440099
496548201
528107601
206401001
78639801
191770201
327705199
469343201
316373901
369144699
304069300
81708301
207588300
171769400
222729501
176126899
442970299
495295100
340017899
129686001
37000600
330215000
483286900
307720900
13290400
196453700
514530400
355710100
596070999
554998600
260905999
295215701
542320601
244359899
506923199
390292101
564909900
230700801
416328300
579149600
17233700
291715701
253100400
384489401
142626299
550900800
128671899
574749100
386665001
34409301
578253701
14987400
61785299
342671899
202103199
377835999
95438699
71030699
272782401
228275601
193645800
116732999
338689301
132174000
254464701
185657501
146696801
354959900
215593699
141309101
351414400
185853100
519370701
277029499
200308301
326517300
223077900
28329101
577791800
115677301
596849501
352394900
372270800
465161799
24079899
151268501
52917499
541097600
31263899
355885401
241151600
598324900
194344100
295270301
266926099
67587899
519013399
504696100
393569399
314239799
206819801
77496000
501113899
371896900
465400399
152783401
21420201
423815400
582345501
270652301
60926901
532081601
261514799
307280501
22515700
429633101
480724400
543955900
545277701
83380799
97834999
376833900
206601500
164196401
188259899
456921500
598815701
160010200
315277199
536014301
365555499
9967599
582167699
114056999
565705800
118943799
52319599
118787599
196677700
459558100
173600299
56374400
533130999
165961001
459763401
235883800
377886301
458572601
27472400
515182600
318044299
171726600
429641901
277291401
508210300
492118601
525339099
115282899
363979799
520080500
458420701
38011601
479724699
430011800
379104699
151328401
332084100
317024400
128512799
18283201
507480499
178243299
425731501
434395299
219334399
501621300
131027899
498323101
517073699
3891701
13350101
352460699
44604801
42510699
290004399
388041801
186343701
507815500
67043199
564496501
88716301
535172600
289544200
450260901
559551201
545155199
448966800
204055601
569875999
587882399
591212001
89294101
24525599
245008699
231461800
186228300
169374999
40825800
540371699
235249599
73966301
320366099
162599201
571834401
424229701
299276700
326745600
13713700
588790200
539614799
126420400
115859699
98213500
106070801
239396800
169430300
190012699
591150299
198131001
224794800
388032999
583570801
211344901
496230500
381017001
362651199
26580600
499664200
292966101
277438501
566928799
357467199
294683700
592186099
227076401
471035400
532195201
582034900
496190299
210723101
129839400
383660299
187551601
395032399
451727399
216122099
285021401
251460499
104591901
462166299
313276801
94660299
271143300
265519001
155627399
518551401
372624899
437933800
303495799
565339299
256328401
