30000 1000 950
95000
94989
94978
94967
94956
94945
94934
94923
94912
94901
94890
94879
94868
94857
94846
94835
94824
94813
94802
94791
94780
94769
94758
94747
94736
94725
94714
94703
94692
94681
94670
94659
94648
94637
94626
94615
94604
94593
94582
94571
94560
94549
94538
94527
94516
94505
94494
94483
94472
94461
94450
94439
94428
94417
94406
94395
94384
94373
94362
94351
94340
94329
94318
94307
94296
94285
94274
94263
94252
94241
94230
94219
94208
94197
94186
94175
94164
94153
94142
94131
94120
94109
94098
94087
94076
94065
94054
94043
94032
94021
94010
93999
93988
93977
93966
93955
93944
93933
93922
93911
93900
93889
93878
93867
93856
93845
93834
93823
93812
93801
93790
93779
93768
93757
93746
93735
93724
93713
93702
93691
93680
93669
93658
93647
93636
93625
93614
93603
93592
93581
93570
93559
93548
93537
93526
93515
93504
93493
93482
93471
93460
93449
93438
93427
93416
93405
93394
93383
93372
93361
93350
93339
93328
93317
93306
93295
93284
93273
93262
93251
93240
93229
93218
93207
93196
93185
93174
93163
93152
93141
93130
93119
93108
93097
93086
93075
93064
93053
93042
93031
93020
93009
92998
92987
92976
92965
92954
92943
92932
92921
92910
92899
92888
92877
92866
92855
92844
92833
92822
92811
92800
92789
92778
92767
92756
92745
92734
92723
92712
92701
92690
92679
92668
92657
92646
92635
92624
92613
92602
92591
92580
92569
92558
92547
92536
92525
92514
92503
92492
92481
92470
92459
92448
92437
92426
92415
92404
92393
92382
92371
92360
92349
92338
92327
92316
92305
92294
92283
92272
92261
92250
92239
92228
92217
92206
92195
92184
92173
92162
92151
92140
92129
92118
92107
92096
92085
92074
92063
92052
92041
92030
92019
92008
91997
91986
91975
91964
91953
91942
91931
91920
91909
91898
91887
91876
91865
91854
91843
91832
91821
91810
91799
91788
91777
91766
91755
91744
91733
91722
91711
91700
91689
91678
91667
91656
91645
91634
91623
91612
91601
91590
91579
91568
91557
91546
91535
91524
91513
91502
91491
91480
91469
91458
91447
91436
91425
91414
91403
91392
91381
91370
91359
91348
91337
91326
91315
91304
91293
91282
91271
91260
91249
91238
91227
91216
91205
91194
91183
91172
91161
91150
91139
91128
91117
91106
91095
91084
91073
91062
91051
91040
91029
91018
91007
90996
90985
90974
90963
90952
90941
90930
90919
90908
90897
90886
90875
90864
90853
90842
90831
90820
90809
90798
90787
90776
90765
90754
90743
90732
90721
90710
90699
90688
90677
90666
90655
90644
90633
90622
90611
90600
90589
90578
90567
90556
90545
90534
90523
90512
90501
90490
90479
90468
90457
90446
90435
90424
90413
90402
90391
90380
90369
90358
90347
90336
90325
90314
90303
90292
90281
90270
90259
90248
90237
90226
90215
90204
90193
90182
90171
90160
90149
90138
90127
90116
90105
90094
90083
90072
90061
90050
90039
90028
90017
90006
89995
89984
89973
89962
89951
89940
89929
89918
89907
89896
89885
89874
89863
89852
89841
89830
89819
89808
89797
89786
89775
89764
89753
89742
89731
89720
89709
89698
89687
89676
89665
89654
89643
89632
89621
89610
89599
89588
89577
89566
89555
89544
89533
89522
89511
89500
89489
89478
89467
89456
89445
89434
89423
89412
89401
89390
89379
89368
89357
89346
89335
89324
89313
89302
89291
89280
89269
89258
89247
89236
89225
89214
89203
89192
89181
89170
89159
89148
89137
89126
89115
89104
89093
89082
89071
89060
89049
89038
89027
89016
89005
88994
88983
88972
88961
88950
88939
88928
88917
88906
88895
88884
88873
88862
88851
88840
88829
88818
88807
88796
88785
88774
88763
88752
88741
88730
88719
88708
88697
88686
88675
88664
88653
88642
88631
88620
88609
88598
88587
88576
88565
88554
88543
88532
88521
88510
88499
88488
88477
88466
88455
88444
88433
88422
88411
88400
88389
88378
88367
88356
88345
88334
88323
88312
88301
88290
88279
88268
88257
88246
88235
88224
88213
88202
88191
88180
88169
88158
88147
88136
88125
88114
88103
88092
88081
88070
88059
88048
88037
88026
88015
88004
87993
87982
87971
87960
87949
87938
87927
87916
87905
87894
87883
87872
87861
87850
87839
87828
87817
87806
87795
87784
87773
87762
87751
87740
87729
87718
87707
87696
87685
87674
87663
87652
87641
87630
87619
87608
87597
87586
87575
87564
87553
87542
87531
87520
87509
87498
87487
87476
87465
87454
87443
87432
87421
87410
87399
87388
87377
87366
87355
87344
87333
87322
87311
87300
87289
87278
87267
87256
87245
87234
87223
87212
87201
87190
87179
87168
87157
87146
87135
87124
87113
87102
87091
87080
87069
87058
87047
87036
87025
87014
87003
86992
86981
86970
86959
86948
86937
86926
86915
86904
86893
86882
86871
86860
86849
86838
86827
86816
86805
86794
86783
86772
86761
86750
86739
86728
86717
86706
86695
86684
86673
86662
86651
86640
86629
86618
86607
86596
86585
86574
86563
86552
86541
86530
86519
86508
86497
86486
86475
86464
86453
86442
86431
86420
86409
86398
86387
86376
86365
86354
86343
86332
86321
86310
86299
86288
86277
86266
86255
86244
86233
86222
86211
86200
86189
86178
86167
86156
86145
86134
86123
86112
86101
86090
86079
86068
86057
86046
86035
86024
86013
86002
85991
85980
85969
85958
85947
85936
85925
85914
85903
85892
85881
85870
85859
85848
85837
85826
85815
85804
85793
85782
85771
85760
85749
85738
85727
85716
85705
85694
85683
85672
85661
85650
85639
85628
85617
85606
85595
85584
85573
85562
85551
85540
85529
85518
85507
85496
85485
85474
85463
85452
85441
85430
85419
85408
85397
85386
85375
85364
85353
85342
85331
85320
85309
85298
85287
85276
85265
85254
85243
85232
85221
85210
85199
85188
85177
85166
85155
85144
85133
85122
85111
85100
85089
85078
85067
85056
85045
85034
85023
85012
85001
84990
84979
84968
84957
84946
84935
84924
84913
84902
84891
84880
84869
84858
84847
84836
84825
84814
84803
84792
84781
84770
84759
84748
84737
84726
84715
84704
84693
84682
84671
84660
84649
84638
84627
84616
84605
84594
84583
84572
84561
84550
84539
84528
84517
84506
84495
84484
84473
84462
84451
84440
84429
84418
84407
84396
84385
84374
84363
84352
84341
84330
84319
84308
84297
84286
84275
84264
84253
84242
84231
84220
84209
84198
84187
84176
84165
84154
84143
84132
84121
84110
84099
84088
84077
84066
84055
84044
84033
84022
84011
84000
83989
83978
83967
83956
83945
83934
83923
83912
83901
83890
83879
83868
83857
83846
83835
83824
83813
83802
83791
83780
83769
83758
83747
83736
83725
83714
83703
83692
83681
83670
83659
83648
83637
83626
83615
83604
83593
83582
83571
83560
83549
83538
83527
83516
83505
83494
83483
83472
83461
83450
83439
83428
83417
83406
83395
83384
83373
83362
83351
83340
83329
83318
83307
83296
83285
83274
83263
83252
83241
83230
83219
83208
83197
83186
83175
83164
83153
83142
83131
83120
83109
83098
83087
83076
83065
83054
83043
83032
83021
83010
82999
82988
82977
82966
82955
82944
82933
82922
82911
82900
82889
82878
82867
82856
82845
82834
82823
82812
82801
82790
82779
82768
82757
82746
82735
82724
82713
82702
82691
82680
82669
82658
82647
82636
82625
82614
82603
82592
82581
82570
82559
82548
82537
82526
82515
82504
82493
82482
82471
82460
82449
82438
82427
82416
82405
82394
82383
82372
82361
82350
82339
82328
82317
82306
82295
82284
82273
82262
82251
82240
82229
82218
82207
82196
82185
82174
82163
82152
82141
82130
82119
82108
82097
82086
82075
82064
82053
82042
82031
82020
82009
81998
81987
81976
81965
81954
81943
81932
81921
81910
81899
81888
81877
81866
81855
81844
81833
81822
81811
81800
81789
81778
81767
81756
81745
81734
81723
81712
81701
81690
81679
81668
81657
81646
81635
81624
81613
81602
81591
81580
81569
81558
81547
81536
81525
81514
81503
81492
81481
81470
81459
81448
81437
81426
81415
81404
81393
81382
81371
81360
81349
81338
81327
81316
81305
81294
81283
81272
81261
81250
81239
81228
81217
81206
81195
81184
81173
81162
81151
81140
81129
81118
81107
81096
81085
81074
81063
81052
81041
81030
81019
81008
80997
80986
80975
80964
80953
80942
80931
80920
80909
80898
80887
80876
80865
80854
80843
80832
80821
80810
80799
80788
80777
80766
80755
80744
80733
80722
80711
80700
80689
80678
80667
80656
80645
80634
80623
80612
80601
80590
80579
80568
80557
80546
80535
80524
80513
80502
80491
80480
80469
80458
80447
80436
80425
80414
80403
80392
80381
80370
80359
80348
80337
80326
80315
80304
80293
80282
80271
80260
80249
80238
80227
80216
80205
80194
80183
80172
80161
80150
80139
80128
80117
80106
80095
80084
80073
80062
80051
80040
80029
80018
80007
79996
79985
79974
79963
79952
79941
79930
79919
79908
79897
79886
79875
79864
79853
79842
79831
79820
79809
79798
79787
79776
79765
79754
79743
79732
79721
79710
79699
79688
79677
79666
79655
79644
79633
79622
79611
79600
79589
79578
79567
79556
79545
79534
79523
79512
79501
79490
79479
79468
79457
79446
79435
79424
79413
79402
79391
79380
79369
79358
79347
79336
79325
79314
79303
79292
79281
79270
79259
79248
79237
79226
79215
79204
79193
79182
79171
79160
79149
79138
79127
79116
79105
79094
79083
79072
79061
79050
79039
79028
79017
79006
78995
78984
78973
78962
78951
78940
78929
78918
78907
78896
78885
78874
78863
78852
78841
78830
78819
78808
78797
78786
78775
78764
78753
78742
78731
78720
78709
78698
78687
78676
78665
78654
78643
78632
78621
78610
78599
78588
78577
78566
78555
78544
78533
78522
78511
78500
78489
78478
78467
78456
78445
78434
78423
78412
78401
78390
78379
78368
78357
78346
78335
78324
78313
78302
78291
78280
78269
78258
78247
78236
78225
78214
78203
78192
78181
78170
78159
78148
78137
78126
78115
78104
78093
78082
78071
78060
78049
78038
78027
78016
78005
77994
77983
77972
77961
77950
77939
77928
77917
77906
77895
77884
77873
77862
77851
77840
77829
77818
77807
77796
77785
77774
77763
77752
77741
77730
77719
77708
77697
77686
77675
77664
77653
77642
77631
77620
77609
77598
77587
77576
77565
77554
77543
77532
77521
77510
77499
77488
77477
77466
77455
77444
77433
77422
77411
77400
77389
77378
77367
77356
77345
77334
77323
77312
77301
77290
77279
77268
77257
77246
77235
77224
77213
77202
77191
77180
77169
77158
77147
77136
77125
77114
77103
77092
77081
77070
77059
77048
77037
77026
77015
77004
76993
76982
76971
76960
76949
76938
76927
76916
76905
76894
76883
76872
76861
76850
76839
76828
76817
76806
76795
76784
76773
76762
76751
76740
76729
76718
76707
76696
76685
76674
76663
76652
76641
76630
76619
76608
76597
76586
76575
76564
76553
76542
76531
76520
76509
76498
76487
76476
76465
76454
76443
76432
76421
76410
76399
76388
76377
76366
76355
76344
76333
76322
76311
76300
76289
76278
76267
76256
76245
76234
76223
76212
76201
76190
76179
76168
76157
76146
76135
76124
76113
76102
76091
76080
76069
76058
76047
76036
76025
76014
76003
75992
75981
75970
75959
75948
75937
75926
75915
75904
75893
75882
75871
75860
75849
75838
75827
75816
75805
75794
75783
75772
75761
75750
75739
75728
75717
75706
75695
75684
75673
75662
75651
75640
75629
75618
75607
75596
75585
75574
75563
75552
75541
75530
75519
75508
75497
75486
75475
75464
75453
75442
75431
75420
75409
75398
75387
75376
75365
75354
75343
75332
75321
75310
75299
75288
75277
75266
75255
75244
75233
75222
75211
75200
75189
75178
75167
75156
75145
75134
75123
75112
75101
75090
75079
75068
75057
75046
75035
75024
75013
75002
74991
74980
74969
74958
74947
74936
74925
74914
74903
74892
74881
74870
74859
74848
74837
74826
74815
74804
74793
74782
74771
74760
74749
74738
74727
74716
74705
74694
74683
74672
74661
74650
74639
74628
74617
74606
74595
74584
74573
74562
74551
74540
74529
74518
74507
74496
74485
74474
74463
74452
74441
74430
74419
74408
74397
74386
74375
74364
74353
74342
74331
74320
74309
74298
74287
74276
74265
74254
74243
74232
74221
74210
74199
74188
74177
74166
74155
74144
74133
74122
74111
74100
74089
74078
74067
74056
74045
74034
74023
74012
74001
73990
73979
73968
73957
73946
73935
73924
73913
73902
73891
73880
73869
73858
73847
73836
73825
73814
73803
73792
73781
73770
73759
73748
73737
73726
73715
73704
73693
73682
73671
73660
73649
73638
73627
73616
73605
73594
73583
73572
73561
73550
73539
73528
73517
73506
73495
73484
73473
73462
73451
73440
73429
73418
73407
73396
73385
73374
73363
73352
73341
73330
73319
73308
73297
73286
73275
73264
73253
73242
73231
73220
73209
73198
73187
73176
73165
73154
73143
73132
73121
73110
73099
73088
73077
73066
73055
73044
73033
73022
73011
73000
72989
72978
72967
72956
72945
72934
72923
72912
72901
72890
72879
72868
72857
72846
72835
72824
72813
72802
72791
72780
72769
72758
72747
72736
72725
72714
72703
72692
72681
72670
72659
72648
72637
72626
72615
72604
72593
72582
72571
72560
72549
72538
72527
72516
72505
72494
72483
72472
72461
72450
72439
72428
72417
72406
72395
72384
72373
72362
72351
72340
72329
72318
72307
72296
72285
72274
72263
72252
72241
72230
72219
72208
72197
72186
72175
72164
72153
72142
72131
72120
72109
72098
72087
72076
72065
72054
72043
72032
72021
72010
71999
71988
71977
71966
71955
71944
71933
71922
71911
71900
71889
71878
71867
71856
71845
71834
71823
71812
71801
71790
71779
71768
71757
71746
71735
71724
71713
71702
71691
71680
71669
71658
71647
71636
71625
71614
71603
71592
71581
71570
71559
71548
71537
71526
71515
71504
71493
71482
71471
71460
71449
71438
71427
71416
71405
71394
71383
71372
71361
71350
71339
71328
71317
71306
71295
71284
71273
71262
71251
71240
71229
71218
71207
71196
71185
71174
71163
71152
71141
71130
71119
71108
71097
71086
71075
71064
71053
71042
71031
71020
71009
70998
70987
70976
70965
70954
70943
70932
70921
70910
70899
70888
70877
70866
70855
70844
70833
70822
70811
70800
70789
70778
70767
70756
70745
70734
70723
70712
70701
70690
70679
70668
70657
70646
70635
70624
70613
70602
70591
70580
70569
70558
70547
70536
70525
70514
70503
70492
70481
70470
70459
70448
70437
70426
70415
70404
70393
70382
70371
70360
70349
70338
70327
70316
70305
70294
70283
70272
70261
70250
70239
70228
70217
70206
70195
70184
70173
70162
70151
70140
70129
70118
70107
70096
70085
70074
70063
70052
70041
70030
70019
70008
69997
69986
69975
69964
69953
69942
69931
69920
69909
69898
69887
69876
69865
69854
69843
69832
69821
69810
69799
69788
69777
69766
69755
69744
69733
69722
69711
69700
69689
69678
69667
69656
69645
69634
69623
69612
69601
69590
69579
69568
69557
69546
69535
69524
69513
69502
69491
69480
69469
69458
69447
69436
69425
69414
69403
69392
69381
69370
69359
69348
69337
69326
69315
69304
69293
69282
69271
69260
69249
69238
69227
69216
69205
69194
69183
69172
69161
69150
69139
69128
69117
69106
69095
69084
69073
69062
69051
69040
69029
69018
69007
68996
68985
68974
68963
68952
68941
68930
68919
68908
68897
68886
68875
68864
68853
68842
68831
68820
68809
68798
68787
68776
68765
68754
68743
68732
68721
68710
68699
68688
68677
68666
68655
68644
68633
68622
68611
68600
68589
68578
68567
68556
68545
68534
68523
68512
68501
68490
68479
68468
68457
68446
68435
68424
68413
68402
68391
68380
68369
68358
68347
68336
68325
68314
68303
68292
68281
68270
68259
68248
68237
68226
68215
68204
68193
68182
68171
68160
68149
68138
68127
68116
68105
68094
68083
68072
68061
68050
68039
68028
68017
68006
67995
67984
67973
67962
67951
67940
67929
67918
67907
67896
67885
67874
67863
67852
67841
67830
67819
67808
67797
67786
67775
67764
67753
67742
67731
67720
67709
67698
67687
67676
67665
67654
67643
67632
67621
67610
67599
67588
67577
67566
67555
67544
67533
67522
67511
67500
67489
67478
67467
67456
67445
67434
67423
67412
67401
67390
67379
67368
67357
67346
67335
67324
67313
67302
67291
67280
67269
67258
67247
67236
67225
67214
67203
67192
67181
67170
67159
67148
67137
67126
67115
67104
67093
67082
67071
67060
67049
67038
67027
67016
67005
66994
66983
66972
66961
66950
66939
66928
66917
66906
66895
66884
66873
66862
66851
66840
66829
66818
66807
66796
66785
66774
66763
66752
66741
66730
66719
66708
66697
66686
66675
66664
66653
66642
66631
66620
66609
66598
66587
66576
66565
66554
66543
66532
66521
66510
66499
66488
66477
66466
66455
66444
66433
66422
66411
66400
66389
66378
66367
66356
66345
66334
66323
66312
66301
66290
66279
66268
66257
66246
66235
66224
66213
66202
66191
66180
66169
66158
66147
66136
66125
66114
66103
66092
66081
66070
66059
66048
66037
66026
66015
66004
65993
65982
65971
65960
65949
65938
65927
65916
65905
65894
65883
65872
65861
65850
65839
65828
65817
65806
65795
65784
65773
65762
65751
65740
65729
65718
65707
65696
65685
65674
65663
65652
65641
65630
65619
65608
65597
65586
65575
65564
65553
65542
65531
65520
65509
65498
65487
65476
65465
65454
65443
65432
65421
65410
65399
65388
65377
65366
65355
65344
65333
65322
65311
65300
65289
65278
65267
65256
65245
65234
65223
65212
65201
65190
65179
65168
65157
65146
65135
65124
65113
65102
65091
65080
65069
65058
65047
65036
65025
65014
65003
64992
64981
64970
64959
64948
64937
64926
64915
64904
64893
64882
64871
64860
64849
64838
64827
64816
64805
64794
64783
64772
64761
64750
64739
64728
64717
64706
64695
64684
64673
64662
64651
64640
64629
64618
64607
64596
64585
64574
64563
64552
64541
64530
64519
64508
64497
64486
64475
64464
64453
64442
64431
64420
64409
64398
64387
64376
64365
64354
64343
64332
64321
64310
64299
64288
64277
64266
64255
64244
64233
64222
64211
64200
64189
64178
64167
64156
64145
64134
64123
64112
64101
64090
64079
64068
64057
64046
64035
64024
64013
64002
63991
63980
63969
63958
63947
63936
63925
63914
63903
63892
63881
63870
63859
63848
63837
63826
63815
63804
63793
63782
63771
63760
63749
63738
63727
63716
63705
63694
63683
63672
63661
63650
63639
63628
63617
63606
63595
63584
63573
63562
63551
63540
63529
63518
63507
63496
63485
63474
63463
63452
63441
63430
63419
63408
63397
63386
63375
63364
63353
63342
63331
63320
63309
63298
63287
63276
63265
63254
63243
63232
63221
63210
63199
63188
63177
63166
63155
63144
63133
63122
63111
63100
63089
63078
63067
63056
63045
63034
63023
63012
63001
62990
62979
62968
62957
62946
62935
62924
62913
62902
62891
62880
62869
62858
62847
62836
62825
62814
62803
62792
62781
62770
62759
62748
62737
62726
62715
62704
62693
62682
62671
62660
62649
62638
62627
62616
62605
62594
62583
62572
62561
62550
62539
62528
62517
62506
62495
62484
62473
62462
62451
62440
62429
62418
62407
62396
62385
62374
62363
62352
62341
62330
62319
62308
62297
62286
62275
62264
62253
62242
62231
62220
62209
62198
62187
62176
62165
62154
62143
62132
62121
62110
62099
62088
62077
62066
62055
62044
62033
62022
62011
62000
61989
61978
61967
61956
61945
61934
61923
61912
61901
61890
61879
61868
61857
61846
61835
61824
61813
61802
61791
61780
61769
61758
61747
61736
61725
61714
61703
61692
61681
61670
61659
61648
61637
61626
61615
61604
61593
61582
61571
61560
61549
61538
61527
61516
61505
61494
61483
61472
61461
61450
61439
61428
61417
61406
61395
61384
61373
61362
61351
61340
61329
61318
61307
61296
61285
61274
61263
61252
61241
61230
61219
61208
61197
61186
61175
61164
61153
61142
61131
61120
61109
61098
61087
61076
61065
61054
61043
61032
61021
61010
60999
60988
60977
60966
60955
60944
60933
60922
60911
60900
60889
60878
60867
60856
60845
60834
60823
60812
60801
60790
60779
60768
60757
60746
60735
60724
60713
60702
60691
60680
60669
60658
60647
60636
60625
60614
60603
60592
60581
60570
60559
60548
60537
60526
60515
60504
60493
60482
60471
60460
60449
60438
60427
60416
60405
60394
60383
60372
60361
60350
60339
60328
60317
60306
60295
60284
60273
60262
60251
60240
60229
60218
60207
60196
60185
60174
60163
60152
60141
60130
60119
60108
60097
60086
60075
60064
60053
60042
60031
60020
60009
59998
59987
59976
59965
59954
59943
59932
59921
59910
59899
59888
59877
59866
59855
59844
59833
59822
59811
59800
59789
59778
59767
59756
59745
59734
59723
59712
59701
59690
59679
59668
59657
59646
59635
59624
59613
59602
59591
59580
59569
59558
59547
59536
59525
59514
59503
59492
59481
59470
59459
59448
59437
59426
59415
59404
59393
59382
59371
59360
59349
59338
59327
59316
59305
59294
59283
59272
59261
59250
59239
59228
59217
59206
59195
59184
59173
59162
59151
59140
59129
59118
59107
59096
59085
59074
59063
59052
59041
59030
59019
59008
58997
58986
58975
58964
58953
58942
58931
58920
58909
58898
58887
58876
58865
58854
58843
58832
58821
58810
58799
58788
58777
58766
58755
58744
58733
58722
58711
58700
58689
58678
58667
58656
58645
58634
58623
58612
58601
58590
58579
58568
58557
58546
58535
58524
58513
58502
58491
58480
58469
58458
58447
58436
58425
58414
58403
58392
58381
58370
58359
58348
58337
58326
58315
58304
58293
58282
58271
58260
58249
58238
58227
58216
58205
58194
58183
58172
58161
58150
58139
58128
58117
58106
58095
58084
58073
58062
58051
58040
58029
58018
58007
57996
57985
57974
57963
57952
57941
57930
57919
57908
57897
57886
57875
57864
57853
57842
57831
57820
57809
57798
57787
57776
57765
57754
57743
57732
57721
57710
57699
57688
57677
57666
57655
57644
57633
57622
57611
57600
57589
57578
57567
57556
57545
57534
57523
57512
57501
57490
57479
57468
57457
57446
57435
57424
57413
57402
57391
57380
57369
57358
57347
57336
57325
57314
57303
57292
57281
57270
57259
57248
57237
57226
57215
57204
57193
57182
57171
57160
57149
57138
57127
57116
57105
57094
57083
57072
57061
57050
57039
57028
57017
57006
56995
56984
56973
56962
56951
56940
56929
56918
56907
56896
56885
56874
56863
56852
56841
56830
56819
56808
56797
56786
56775
56764
56753
56742
56731
56720
56709
56698
56687
56676
56665
56654
56643
56632
56621
56610
56599
56588
56577
56566
56555
56544
56533
56522
56511
56500
56489
56478
56467
56456
56445
56434
56423
56412
56401
56390
56379
56368
56357
56346
56335
56324
56313
56302
56291
56280
56269
56258
56247
56236
56225
56214
56203
56192
56181
56170
56159
56148
56137
56126
56115
56104
56093
56082
56071
56060
56049
56038
56027
56016
56005
55994
55983
55972
55961
55950
55939
55928
55917
55906
55895
55884
55873
55862
55851
55840
55829
55818
55807
55796
55785
55774
55763
55752
55741
55730
55719
55708
55697
55686
55675
55664
55653
55642
55631
55620
55609
55598
55587
55576
55565
55554
55543
55532
55521
55510
55499
55488
55477
55466
55455
55444
55433
55422
55411
55400
55389
55378
55367
55356
55345
55334
55323
55312
55301
55290
55279
55268
55257
55246
55235
55224
55213
55202
55191
55180
55169
55158
55147
55136
55125
55114
55103
55092
55081
55070
55059
55048
55037
55026
55015
55004
54993
54982
54971
54960
54949
54938
54927
54916
54905
54894
54883
54872
54861
54850
54839
54828
54817
54806
54795
54784
54773
54762
54751
54740
54729
54718
54707
54696
54685
54674
54663
54652
54641
54630
54619
54608
54597
54586
54575
54564
54553
54542
54531
54520
54509
54498
54487
54476
54465
54454
54443
54432
54421
54410
54399
54388
54377
54366
54355
54344
54333
54322
54311
54300
54289
54278
54267
54256
54245
54234
54223
54212
54201
54190
54179
54168
54157
54146
54135
54124
54113
54102
54091
54080
54069
54058
54047
54036
54025
54014
54003
53992
53981
53970
53959
53948
53937
53926
53915
53904
53893
53882
53871
53860
53849
53838
53827
53816
53805
53794
53783
53772
53761
53750
53739
53728
53717
53706
53695
53684
53673
53662
53651
53640
53629
53618
53607
53596
53585
53574
53563
53552
53541
53530
53519
53508
53497
53486
53475
53464
53453
53442
53431
53420
53409
53398
53387
53376
53365
53354
53343
53332
53321
53310
53299
53288
53277
53266
53255
53244
53233
53222
53211
53200
53189
53178
53167
53156
53145
53134
53123
53112
53101
53090
53079
53068
53057
53046
53035
53024
53013
53002
52991
52980
52969
52958
52947
52936
52925
52914
52903
52892
52881
52870
52859
52848
52837
52826
52815
52804
52793
52782
52771
52760
52749
52738
52727
52716
52705
52694
52683
52672
52661
52650
52639
52628
52617
52606
52595
52584
52573
52562
52551
52540
52529
52518
52507
52496
52485
52474
52463
52452
52441
52430
52419
52408
52397
52386
52375
52364
52353
52342
52331
52320
52309
52298
52287
52276
52265
52254
52243
52232
52221
52210
52199
52188
52177
52166
52155
52144
52133
52122
52111
52100
52089
52078
52067
52056
52045
52034
52023
52012
52001
51990
51979
51968
51957
51946
51935
51924
51913
51902
51891
51880
51869
51858
51847
51836
51825
51814
51803
51792
51781
51770
51759
51748
51737
51726
51715
51704
51693
51682
51671
51660
51649
51638
51627
51616
51605
51594
51583
51572
51561
51550
51539
51528
51517
51506
51495
51484
51473
51462
51451
51440
51429
51418
51407
51396
51385
51374
51363
51352
51341
51330
51319
51308
51297
51286
51275
51264
51253
51242
51231
51220
51209
51198
51187
51176
51165
51154
51143
51132
51121
51110
51099
51088
51077
51066
51055
51044
51033
51022
51011
51000
50989
50978
50967
50956
50945
50934
50923
50912
50901
50890
50879
50868
50857
50846
50835
50824
50813
50802
50791
50780
50769
50758
50747
50736
50725
50714
50703
50692
50681
50670
50659
50648
50637
50626
50615
50604
50593
50582
50571
50560
50549
50538
50527
50516
50505
50494
50483
50472
50461
50450
50439
50428
50417
50406
50395
50384
50373
50362
50351
50340
50329
50318
50307
50296
50285
50274
50263
50252
50241
50230
50219
50208
50197
50186
50175
50164
50153
50142
50131
50120
50109
50098
50087
50076
50065
50054
50043
50032
50021
50010
49999
49988
49977
49966
49955
49944
49933
49922
49911
49900
49889
49878
49867
49856
49845
49834
49823
49812
49801
49790
49779
49768
49757
49746
49735
49724
49713
49702
49691
49680
49669
49658
49647
49636
49625
49614
49603
49592
49581
49570
49559
49548
49537
49526
49515
49504
49493
49482
49471
49460
49449
49438
49427
49416
49405
49394
49383
49372
49361
49350
49339
49328
49317
49306
49295
49284
49273
49262
49251
49240
49229
49218
49207
49196
49185
49174
49163
49152
49141
49130
49119
49108
49097
49086
49075
49064
49053
49042
49031
49020
49009
48998
48987
48976
48965
48954
48943
48932
48921
48910
48899
48888
48877
48866
48855
48844
48833
48822
48811
48800
48789
48778
48767
48756
48745
48734
48723
48712
48701
48690
48679
48668
48657
48646
48635
48624
48613
48602
48591
48580
48569
48558
48547
48536
48525
48514
48503
48492
48481
48470
48459
48448
48437
48426
48415
48404
48393
48382
48371
48360
48349
48338
48327
48316
48305
48294
48283
48272
48261
48250
48239
48228
48217
48206
48195
48184
48173
48162
48151
48140
48129
48118
48107
48096
48085
48074
48063
48052
48041
48030
48019
48008
47997
47986
47975
47964
47953
47942
47931
47920
47909
47898
47887
47876
47865
47854
47843
47832
47821
47810
47799
47788
47777
47766
47755
47744
47733
47722
47711
47700
47689
47678
47667
47656
47645
47634
47623
47612
47601
47590
47579
47568
47557
47546
47535
47524
47513
47502
47491
47480
47469
47458
47447
47436
47425
47414
47403
47392
47381
47370
47359
47348
47337
47326
47315
47304
47293
47282
47271
47260
47249
47238
47227
47216
47205
47194
47183
47172
47161
47150
47139
47128
47117
47106
47095
47084
47073
47062
47051
47040
47029
47018
47007
46996
46985
46974
46963
46952
46941
46930
46919
46908
46897
46886
46875
46864
46853
46842
46831
46820
46809
46798
46787
46776
46765
46754
46743
46732
46721
46710
46699
46688
46677
46666
46655
46644
46633
46622
46611
46600
46589
46578
46567
46556
46545
46534
46523
46512
46501
46490
46479
46468
46457
46446
46435
46424
46413
46402
46391
46380
46369
46358
46347
46336
46325
46314
46303
46292
46281
46270
46259
46248
46237
46226
46215
46204
46193
46182
46171
46160
46149
46138
46127
46116
46105
46094
46083
46072
46061
46050
46039
46028
46017
46006
45995
45984
45973
45962
45951
45940
45929
45918
45907
45896
45885
45874
45863
45852
45841
45830
45819
45808
45797
45786
45775
45764
45753
45742
45731
45720
45709
45698
45687
45676
45665
45654
45643
45632
45621
45610
45599
45588
45577
45566
45555
45544
45533
45522
45511
45500
45489
45478
45467
45456
45445
45434
45423
45412
45401
45390
45379
45368
45357
45346
45335
45324
45313
45302
45291
45280
45269
45258
45247
45236
45225
45214
45203
45192
45181
45170
45159
45148
45137
45126
45115
45104
45093
45082
45071
45060
45049
45038
45027
45016
45005
44994
44983
44972
44961
44950
44939
44928
44917
44906
44895
44884
44873
44862
44851
44840
44829
44818
44807
44796
44785
44774
44763
44752
44741
44730
44719
44708
44697
44686
44675
44664
44653
44642
44631
44620
44609
44598
44587
44576
44565
44554
44543
44532
44521
44510
44499
44488
44477
44466
44455
44444
44433
44422
44411
44400
44389
44378
44367
44356
44345
44334
44323
44312
44301
44290
44279
44268
44257
44246
44235
44224
44213
44202
44191
44180
44169
44158
44147
44136
44125
44114
44103
44092
44081
44070
44059
44048
44037
44026
44015
44004
43993
43982
43971
43960
43949
43938
43927
43916
43905
43894
43883
43872
43861
43850
43839
43828
43817
43806
43795
43784
43773
43762
43751
43740
43729
43718
43707
43696
43685
43674
43663
43652
43641
43630
43619
43608
43597
43586
43575
43564
43553
43542
43531
43520
43509
43498
43487
43476
43465
43454
43443
43432
43421
43410
43399
43388
43377
43366
43355
43344
43333
43322
43311
43300
43289
43278
43267
43256
43245
43234
43223
43212
43201
43190
43179
43168
43157
43146
43135
43124
43113
43102
43091
43080
43069
43058
43047
43036
43025
43014
43003
42992
42981
42970
42959
42948
42937
42926
42915
42904
42893
42882
42871
42860
42849
42838
42827
42816
42805
42794
42783
42772
42761
42750
42739
42728
42717
42706
42695
42684
42673
42662
42651
42640
42629
42618
42607
42596
42585
42574
42563
42552
42541
42530
42519
42508
42497
42486
42475
42464
42453
42442
42431
42420
42409
42398
42387
42376
42365
42354
42343
42332
42321
42310
42299
42288
42277
42266
42255
42244
42233
42222
42211
42200
42189
42178
42167
42156
42145
42134
42123
42112
42101
42090
42079
42068
42057
42046
42035
42024
42013
42002
41991
41980
41969
41958
41947
41936
41925
41914
41903
41892
41881
41870
41859
41848
41837
41826
41815
41804
41793
41782
41771
41760
41749
41738
41727
41716
41705
41694
41683
41672
41661
41650
41639
41628
41617
41606
41595
41584
41573
41562
41551
41540
41529
41518
41507
41496
41485
41474
41463
41452
41441
41430
41419
41408
41397
41386
41375
41364
41353
41342
41331
41320
41309
41298
41287
41276
41265
41254
41243
41232
41221
41210
41199
41188
41177
41166
41155
41144
41133
41122
41111
41100
41089
41078
41067
41056
41045
41034
41023
41012
41001
40990
40979
40968
40957
40946
40935
40924
40913
40902
40891
40880
40869
40858
40847
40836
40825
40814
40803
40792
40781
40770
40759
40748
40737
40726
40715
40704
40693
40682
40671
40660
40649
40638
40627
40616
40605
40594
40583
40572
40561
40550
40539
40528
40517
40506
40495
40484
40473
40462
40451
40440
40429
40418
40407
40396
40385
40374
40363
40352
40341
40330
40319
40308
40297
40286
40275
40264
40253
40242
40231
40220
40209
40198
40187
40176
40165
40154
40143
40132
40121
40110
40099
40088
40077
40066
40055
40044
40033
40022
40011
40000
39989
39978
39967
39956
39945
39934
39923
39912
39901
39890
39879
39868
39857
39846
39835
39824
39813
39802
39791
39780
39769
39758
39747
39736
39725
39714
39703
39692
39681
39670
39659
39648
39637
39626
39615
39604
39593
39582
39571
39560
39549
39538
39527
39516
39505
39494
39483
39472
39461
39450
39439
39428
39417
39406
39395
39384
39373
39362
39351
39340
39329
39318
39307
39296
39285
39274
39263
39252
39241
39230
39219
39208
39197
39186
39175
39164
39153
39142
39131
39120
39109
39098
39087
39076
39065
39054
39043
39032
39021
39010
38999
38988
38977
38966
38955
38944
38933
38922
38911
38900
38889
38878
38867
38856
38845
38834
38823
38812
38801
38790
38779
38768
38757
38746
38735
38724
38713
38702
38691
38680
38669
38658
38647
38636
38625
38614
38603
38592
38581
38570
38559
38548
38537
38526
38515
38504
38493
38482
38471
38460
38449
38438
38427
38416
38405
38394
38383
38372
38361
38350
38339
38328
38317
38306
38295
38284
38273
38262
38251
38240
38229
38218
38207
38196
38185
38174
38163
38152
38141
38130
38119
38108
38097
38086
38075
38064
38053
38042
38031
38020
38009
37998
37987
37976
37965
37954
37943
37932
37921
37910
37899
37888
37877
37866
37855
37844
37833
37822
37811
37800
37789
37778
37767
37756
37745
37734
37723
37712
37701
37690
37679
37668
37657
37646
37635
37624
37613
37602
37591
37580
37569
37558
37547
37536
37525
37514
37503
37492
37481
37470
37459
37448
37437
37426
37415
37404
37393
37382
37371
37360
37349
37338
37327
37316
37305
37294
37283
37272
37261
37250
37239
37228
37217
37206
37195
37184
37173
37162
37151
37140
37129
37118
37107
37096
37085
37074
37063
37052
37041
37030
37019
37008
36997
36986
36975
36964
36953
36942
36931
36920
36909
36898
36887
36876
36865
36854
36843
36832
36821
36810
36799
36788
36777
36766
36755
36744
36733
36722
36711
36700
36689
36678
36667
36656
36645
36634
36623
36612
36601
36590
36579
36568
36557
36546
36535
36524
36513
36502
36491
36480
36469
36458
36447
36436
36425
36414
36403
36392
36381
36370
36359
36348
36337
36326
36315
36304
36293
36282
36271
36260
36249
36238
36227
36216
36205
36194
36183
36172
36161
36150
36139
36128
36117
36106
36095
36084
36073
36062
36051
36040
36029
36018
36007
35996
35985
35974
35963
35952
35941
35930
35919
35908
35897
35886
35875
35864
35853
35842
35831
35820
35809
35798
35787
35776
35765
35754
35743
35732
35721
35710
35699
35688
35677
35666
35655
35644
35633
35622
35611
35600
35589
35578
35567
35556
35545
35534
35523
35512
35501
35490
35479
35468
35457
35446
35435
35424
35413
35402
35391
35380
35369
35358
35347
35336
35325
35314
35303
35292
35281
35270
35259
35248
35237
35226
35215
35204
35193
35182
35171
35160
35149
35138
35127
35116
35105
35094
35083
35072
35061
35050
35039
35028
35017
35006
34995
34984
34973
34962
34951
34940
34929
34918
34907
34896
34885
34874
34863
34852
34841
34830
34819
34808
34797
34786
34775
34764
34753
34742
34731
34720
34709
34698
34687
34676
34665
34654
34643
34632
34621
34610
34599
34588
34577
34566
34555
34544
34533
34522
34511
34500
34489
34478
34467
34456
34445
34434
34423
34412
34401
34390
34379
34368
34357
34346
34335
34324
34313
34302
34291
34280
34269
34258
34247
34236
34225
34214
34203
34192
34181
34170
34159
34148
34137
34126
34115
34104
34093
34082
34071
34060
34049
34038
34027
34016
34005
33994
33983
33972
33961
33950
33939
33928
33917
33906
33895
33884
33873
33862
33851
33840
33829
33818
33807
33796
33785
33774
33763
33752
33741
33730
33719
33708
33697
33686
33675
33664
33653
33642
33631
33620
33609
33598
33587
33576
33565
33554
33543
33532
33521
33510
33499
33488
33477
33466
33455
33444
33433
33422
33411
33400
33389
33378
33367
33356
33345
33334
33323
33312
33301
33290
33279
33268
33257
33246
33235
33224
33213
33202
33191
33180
33169
33158
33147
33136
33125
33114
33103
33092
33081
33070
33059
33048
33037
33026
33015
33004
32993
32982
32971
32960
32949
32938
32927
32916
32905
32894
32883
32872
32861
32850
32839
32828
32817
32806
32795
32784
32773
32762
32751
32740
32729
32718
32707
32696
32685
32674
32663
32652
32641
32630
32619
32608
32597
32586
32575
32564
32553
32542
32531
32520
32509
32498
32487
32476
32465
32454
32443
32432
32421
32410
32399
32388
32377
32366
32355
32344
32333
32322
32311
32300
32289
32278
32267
32256
32245
32234
32223
32212
32201
32190
32179
32168
32157
32146
32135
32124
32113
32102
32091
32080
32069
32058
32047
32036
32025
32014
32003
31992
31981
31970
31959
31948
31937
31926
31915
31904
31893
31882
31871
31860
31849
31838
31827
31816
31805
31794
31783
31772
31761
31750
31739
31728
31717
31706
31695
31684
31673
31662
31651
31640
31629
31618
31607
31596
31585
31574
31563
31552
31541
31530
31519
31508
31497
31486
31475
31464
31453
31442
31431
31420
31409
31398
31387
31376
31365
31354
31343
31332
31321
31310
31299
31288
31277
31266
31255
31244
31233
31222
31211
31200
31189
31178
31167
31156
31145
31134
31123
31112
31101
31090
31079
31068
31057
31046
31035
31024
31013
31002
30991
30980
30969
30958
30947
30936
30925
30914
30903
30892
30881
30870
30859
30848
30837
30826
30815
30804
30793
30782
30771
30760
30749
30738
30727
30716
30705
30694
30683
30672
30661
30650
30639
30628
30617
30606
30595
30584
30573
30562
30551
30540
30529
30518
30507
30496
30485
30474
30463
30452
30441
30430
30419
30408
30397
30386
30375
30364
30353
30342
30331
30320
30309
30298
30287
30276
30265
30254
30243
30232
30221
30210
30199
30188
30177
30166
30155
30144
30133
30122
30111
30100
30089
30078
30067
30056
30045
30034
30023
30012
30001
29990
29979
29968
29957
29946
29935
29924
29913
29902
29891
29880
29869
29858
29847
29836
29825
29814
29803
29792
29781
29770
29759
29748
29737
29726
29715
29704
29693
29682
29671
29660
29649
29638
29627
29616
29605
29594
29583
29572
29561
29550
29539
29528
29517
29506
29495
29484
29473
29462
29451
29440
29429
29418
29407
29396
29385
29374
29363
29352
29341
29330
29319
29308
29297
29286
29275
29264
29253
29242
29231
29220
29209
29198
29187
29176
29165
29154
29143
29132
29121
29110
29099
29088
29077
29066
29055
29044
29033
29022
29011
29000
28989
28978
28967
28956
28945
28934
28923
28912
28901
28890
28879
28868
28857
28846
28835
28824
28813
28802
28791
28780
28769
28758
28747
28736
28725
28714
28703
28692
28681
28670
28659
28648
28637
28626
28615
28604
28593
28582
28571
28560
28549
28538
28527
28516
28505
28494
28483
28472
28461
28450
28439
28428
28417
28406
28395
28384
28373
28362
28351
28340
28329
28318
28307
28296
28285
28274
28263
28252
28241
28230
28219
28208
28197
28186
28175
28164
28153
28142
28131
28120
28109
28098
28087
28076
28065
28054
28043
28032
28021
28010
27999
27988
27977
27966
27955
27944
27933
27922
27911
27900
27889
27878
27867
27856
27845
27834
27823
27812
27801
27790
27779
27768
27757
27746
27735
27724
27713
27702
27691
27680
27669
27658
27647
27636
27625
27614
27603
27592
27581
27570
27559
27548
27537
27526
27515
27504
27493
27482
27471
27460
27449
27438
27427
27416
27405
27394
27383
27372
27361
27350
27339
27328
27317
27306
27295
27284
27273
27262
27251
27240
27229
27218
27207
27196
27185
27174
27163
27152
27141
27130
27119
27108
27097
27086
27075
27064
27053
27042
27031
27020
27009
26998
26987
26976
26965
26954
26943
26932
26921
26910
26899
26888
26877
26866
26855
26844
26833
26822
26811
26800
26789
26778
26767
26756
26745
26734
26723
26712
26701
26690
26679
26668
26657
26646
26635
26624
26613
26602
26591
26580
26569
26558
26547
26536
26525
26514
26503
26492
26481
26470
26459
26448
26437
26426
26415
26404
26393
26382
26371
26360
26349
26338
26327
26316
26305
26294
26283
26272
26261
26250
26239
26228
26217
26206
26195
26184
26173
26162
26151
26140
26129
26118
26107
26096
26085
26074
26063
26052
26041
26030
26019
26008
25997
25986
25975
25964
25953
25942
25931
25920
25909
25898
25887
25876
25865
25854
25843
25832
25821
25810
25799
25788
25777
25766
25755
25744
25733
25722
25711
25700
25689
25678
25667
25656
25645
25634
25623
25612
25601
25590
25579
25568
25557
25546
25535
25524
25513
25502
25491
25480
25469
25458
25447
25436
25425
25414
25403
25392
25381
25370
25359
25348
25337
25326
25315
25304
25293
25282
25271
25260
25249
25238
25227
25216
25205
25194
25183
25172
25161
25150
25139
25128
25117
25106
25095
25084
25073
25062
25051
25040
25029
25018
25007
24996
24985
24974
24963
24952
24941
24930
24919
24908
24897
24886
24875
24864
24853
24842
24831
24820
24809
24798
24787
24776
24765
24754
24743
24732
24721
24710
24699
24688
24677
24666
24655
24644
24633
24622
24611
24600
24589
24578
24567
24556
24545
24534
24523
24512
24501
24490
24479
24468
24457
24446
24435
24424
24413
24402
24391
24380
24369
24358
24347
24336
24325
24314
24303
24292
24281
24270
24259
24248
24237
24226
24215
24204
24193
24182
24171
24160
24149
24138
24127
24116
24105
24094
24083
24072
24061
24050
24039
24028
24017
24006
23995
23984
23973
23962
23951
23940
23929
23918
23907
23896
23885
23874
23863
23852
23841
23830
23819
23808
23797
23786
23775
23764
23753
23742
23731
23720
23709
23698
23687
23676
23665
23654
23643
23632
23621
23610
23599
23588
23577
23566
23555
23544
23533
23522
23511
23500
23489
23478
23467
23456
23445
23434
23423
23412
23401
23390
23379
23368
23357
23346
23335
23324
23313
23302
23291
23280
23269
23258
23247
23236
23225
23214
23203
23192
23181
23170
23159
23148
23137
23126
23115
23104
23093
23082
23071
23060
23049
23038
23027
23016
23005
22994
22983
22972
22961
22950
22939
22928
22917
22906
22895
22884
22873
22862
22851
22840
22829
22818
22807
22796
22785
22774
22763
22752
22741
22730
22719
22708
22697
22686
22675
22664
22653
22642
22631
22620
22609
22598
22587
22576
22565
22554
22543
22532
22521
22510
22499
22488
22477
22466
22455
22444
22433
22422
22411
22400
22389
22378
22367
22356
22345
22334
22323
22312
22301
22290
22279
22268
22257
22246
22235
22224
22213
22202
22191
22180
22169
22158
22147
22136
22125
22114
22103
22092
22081
22070
22059
22048
22037
22026
22015
22004
21993
21982
21971
21960
21949
21938
21927
21916
21905
21894
21883
21872
21861
21850
21839
21828
21817
21806
21795
21784
21773
21762
21751
21740
21729
21718
21707
21696
21685
21674
21663
21652
21641
21630
21619
21608
21597
21586
21575
21564
21553
21542
21531
21520
21509
21498
21487
21476
21465
21454
21443
21432
21421
21410
21399
21388
21377
21366
21355
21344
21333
21322
21311
21300
21289
21278
21267
21256
21245
21234
21223
21212
21201
21190
21179
21168
21157
21146
21135
21124
21113
21102
21091
21080
21069
21058
21047
21036
21025
21014
21003
20992
20981
20970
20959
20948
20937
20926
20915
20904
20893
20882
20871
20860
20849
20838
20827
20816
20805
20794
20783
20772
20761
20750
20739
20728
20717
20706
20695
20684
20673
20662
20651
20640
20629
20618
20607
20596
20585
20574
20563
20552
20541
20530
20519
20508
20497
20486
20475
20464
20453
20442
20431
20420
20409
20398
20387
20376
20365
20354
20343
20332
20321
20310
20299
20288
20277
20266
20255
20244
20233
20222
20211
20200
20189
20178
20167
20156
20145
20134
20123
20112
20101
20090
20079
20068
20057
20046
20035
20024
20013
20002
19991
19980
19969
19958
19947
19936
19925
19914
19903
19892
19881
19870
19859
19848
19837
19826
19815
19804
19793
19782
19771
19760
19749
19738
19727
19716
19705
19694
19683
19672
19661
19650
19639
19628
19617
19606
19595
19584
19573
19562
19551
19540
19529
19518
19507
19496
19485
19474
19463
19452
19441
19430
19419
19408
19397
19386
19375
19364
19353
19342
19331
19320
19309
19298
19287
19276
19265
19254
19243
19232
19221
19210
19199
19188
19177
19166
19155
19144
19133
19122
19111
19100
19089
19078
19067
19056
19045
19034
19023
19012
19001
18990
18979
18968
18957
18946
18935
18924
18913
18902
18891
18880
18869
18858
18847
18836
18825
18814
18803
18792
18781
18770
18759
18748
18737
18726
18715
18704
18693
18682
18671
18660
18649
18638
18627
18616
18605
18594
18583
18572
18561
18550
18539
18528
18517
18506
18495
18484
18473
18462
18451
18440
18429
18418
18407
18396
18385
18374
18363
18352
18341
18330
18319
18308
18297
18286
18275
18264
18253
18242
18231
18220
18209
18198
18187
18176
18165
18154
18143
18132
18121
18110
18099
18088
18077
18066
18055
18044
18033
18022
18011
18000
17989
17978
17967
17956
17945
17934
17923
17912
17901
17890
17879
17868
17857
17846
17835
17824
17813
17802
17791
17780
17769
17758
17747
17736
17725
17714
17703
17692
17681
17670
17659
17648
17637
17626
17615
17604
17593
17582
17571
17560
17549
17538
17527
17516
17505
17494
17483
17472
17461
17450
17439
17428
17417
17406
17395
17384
17373
17362
17351
17340
17329
17318
17307
17296
17285
17274
17263
17252
17241
17230
17219
17208
17197
17186
17175
17164
17153
17142
17131
17120
17109
17098
17087
17076
17065
17054
17043
17032
17021
17010
16999
16988
16977
16966
16955
16944
16933
16922
16911
16900
16889
16878
16867
16856
16845
16834
16823
16812
16801
16790
16779
16768
16757
16746
16735
16724
16713
16702
16691
16680
16669
16658
16647
16636
16625
16614
16603
16592
16581
16570
16559
16548
16537
16526
16515
16504
16493
16482
16471
16460
16449
16438
16427
16416
16405
16394
16383
16372
16361
16350
16339
16328
16317
16306
16295
16284
16273
16262
16251
16240
16229
16218
16207
16196
16185
16174
16163
16152
16141
16130
16119
16108
16097
16086
16075
16064
16053
16042
16031
16020
16009
15998
15987
15976
15965
15954
15943
15932
15921
15910
15899
15888
15877
15866
15855
15844
15833
15822
15811
15800
15789
15778
15767
15756
15745
15734
15723
15712
15701
15690
15679
15668
15657
15646
15635
15624
15613
15602
15591
15580
15569
15558
15547
15536
15525
15514
15503
15492
15481
15470
15459
15448
15437
15426
15415
15404
15393
15382
15371
15360
15349
15338
15327
15316
15305
15294
15283
15272
15261
15250
15239
15228
15217
15206
15195
15184
15173
15162
15151
15140
15129
15118
15107
15096
15085
15074
15063
15052
15041
15030
15019
15008
14997
14986
14975
14964
14953
14942
14931
14920
14909
14898
14887
14876
14865
14854
14843
14832
14821
14810
14799
14788
14777
14766
14755
14744
14733
14722
14711
14700
14689
14678
14667
14656
14645
14634
14623
14612
14601
14590
14579
14568
14557
14546
14535
14524
14513
14502
14491
14480
14469
14458
14447
14436
14425
14414
14403
14392
14381
14370
14359
14348
14337
14326
14315
14304
14293
14282
14271
14260
14249
14238
14227
14216
14205
14194
14183
14172
14161
14150
14139
14128
14117
14106
14095
14084
14073
14062
14051
14040
14029
14018
14007
13996
13985
13974
13963
13952
13941
13930
13919
13908
13897
13886
13875
13864
13853
13842
13831
13820
13809
13798
13787
13776
13765
13754
13743
13732
13721
13710
13699
13688
13677
13666
13655
13644
13633
13622
13611
13600
13589
13578
13567
13556
13545
13534
13523
13512
13501
13490
13479
13468
13457
13446
13435
13424
13413
13402
13391
13380
13369
13358
13347
13336
13325
13314
13303
13292
13281
13270
13259
13248
13237
13226
13215
13204
13193
13182
13171
13160
13149
13138
13127
13116
13105
13094
13083
13072
13061
13050
13039
13028
13017
13006
12995
12984
12973
12962
12951
12940
12929
12918
12907
12896
12885
12874
12863
12852
12841
12830
12819
12808
12797
12786
12775
12764
12753
12742
12731
12720
12709
12698
12687
12676
12665
12654
12643
12632
12621
12610
12599
12588
12577
12566
12555
12544
12533
12522
12511
12500
12489
12478
12467
12456
12445
12434
12423
12412
12401
12390
12379
12368
12357
12346
12335
12324
12313
12302
12291
12280
12269
12258
12247
12236
12225
12214
12203
12192
12181
12170
12159
12148
12137
12126
12115
12104
12093
12082
12071
12060
12049
12038
12027
12016
12005
11994
11983
11972
11961
11950
11939
11928
11917
11906
11895
11884
11873
11862
11851
11840
11829
11818
11807
11796
11785
11774
11763
11752
11741
11730
11719
11708
11697
11686
11675
11664
11653
11642
11631
11620
11609
11598
11587
11576
11565
11554
11543
11532
11521
11510
11499
11488
11477
11466
11455
11444
11433
11422
11411
11400
11389
11378
11367
11356
11345
11334
11323
11312
11301
11290
11279
11268
11257
11246
11235
11224
11213
11202
11191
11180
11169
11158
11147
11136
11125
11114
11103
11092
11081
11070
11059
11048
11037
11026
11015
11004
10993
10982
10971
10960
10949
10938
10927
10916
10905
10894
10883
10872
10861
10850
10839
10828
10817
10806
10795
10784
10773
10762
10751
10740
10729
10718
10707
10696
10685
10674
10663
10652
10641
10630
10619
10608
10597
10586
10575
10564
10553
10542
10531
10520
10509
10498
10487
10476
10465
10454
10443
10432
10421
10410
10399
10388
10377
10366
10355
10344
10333
10322
10311
10300
10289
10278
10267
10256
10245
10234
10223
10212
10201
10190
10179
10168
10157
10146
10135
10124
10113
10102
10091
10080
10069
10058
10047
10036
10025
10014
10003
9992
9981
9970
9959
9948
9937
9926
9915
9904
9893
9882
9871
9860
9849
9838
9827
9816
9805
9794
9783
9772
9761
9750
9739
9728
9717
9706
9695
9684
9673
9662
9651
9640
9629
9618
9607
9596
9585
9574
9563
9552
9541
9530
9519
9508
9497
9486
9475
9464
9453
9442
9431
9420
9409
9398
9387
9376
9365
9354
9343
9332
9321
9310
9299
9288
9277
9266
9255
9244
9233
9222
9211
9200
9189
9178
9167
9156
9145
9134
9123
9112
9101
9090
9079
9068
9057
9046
9035
9024
9013
9002
8991
8980
8969
8958
8947
8936
8925
8914
8903
8892
8881
8870
8859
8848
8837
8826
8815
8804
8793
8782
8771
8760
8749
8738
8727
8716
8705
8694
8683
8672
8661
8650
8639
8628
8617
8606
8595
8584
8573
8562
8551
8540
8529
8518
8507
8496
8485
8474
8463
8452
8441
8430
8419
8408
8397
8386
8375
8364
8353
8342
8331
8320
8309
8298
8287
8276
8265
8254
8243
8232
8221
8210
8199
8188
8177
8166
8155
8144
8133
8122
8111
8100
8089
8078
8067
8056
8045
8034
8023
8012
8001
7990
7979
7968
7957
7946
7935
7924
7913
7902
7891
7880
7869
7858
7847
7836
7825
7814
7803
7792
7781
7770
7759
7748
7737
7726
7715
7704
7693
7682
7671
7660
7649
7638
7627
7616
7605
7594
7583
7572
7561
7550
7539
7528
7517
7506
7495
7484
7473
7462
7451
7440
7429
7418
7407
7396
7385
7374
7363
7352
7341
7330
7319
7308
7297
7286
7275
7264
7253
7242
7231
7220
7209
7198
7187
7176
7165
7154
7143
7132
7121
7110
7099
7088
7077
7066
7055
7044
7033
7022
7011
7000
6989
6978
6967
6956
6945
6934
6923
6912
6901
6890
6879
6868
6857
6846
6835
6824
6813
6802
6791
6780
6769
6758
6747
6736
6725
6714
6703
6692
6681
6670
6659
6648
6637
6626
6615
6604
6593
6582
6571
6560
6549
6538
6527
6516
6505
6494
6483
6472
6461
6450
6439
6428
6417
6406
6395
6384
6373
6362
6351
6340
6329
6318
6307
6296
6285
6274
6263
6252
6241
6230
6219
6208
6197
6186
6175
6164
6153
6142
6131
6120
6109
6098
6087
6076
6065
6054
6043
6032
6021
6010
5999
5988
5977
5966
5955
5944
5933
5922
5911
5900
5889
5878
5867
5856
5845
5834
5823
5812
5801
5790
5779
5768
5757
5746
5735
5724
5713
5702
5691
5680
5669
5658
5647
5636
5625
5614
5603
5592
5581
5570
5559
5548
5537
5526
5515
5504
5493
5482
5471
5460
5449
5438
5427
5416
5405
5394
5383
5372
5361
5350
5339
5328
5317
5306
5295
5284
5273
5262
5251
5240
5229
5218
5207
5196
5185
5174
5163
5152
5141
5130
5119
5108
5097
5086
5075
5064
5053
5042
5031
5020
5009
4998
4987
4976
4965
4954
4943
4932
4921
4910
4899
4888
4877
4866
4855
4844
4833
4822
4811
4800
4789
4778
4767
4756
4745
4734
4723
4712
4701
4690
4679
4668
4657
4646
4635
4624
4613
4602
4591
4580
4569
4558
4547
4536
4525
4514
4503
4492
4481
4470
4459
4448
4437
4426
4415
4404
4393
4382
4371
4360
4349
4338
4327
4316
4305
4294
4283
4272
4261
4250
4239
4228
4217
4206
4195
4184
4173
4162
4151
4140
4129
4118
4107
4096
4085
4074
4063
4052
4041
4030
4019
4008
3997
3986
3975
3964
3953
3942
3931
3920
3909
3898
3887
3876
3865
3854
3843
3832
3821
3810
3799
3788
3777
3766
3755
3744
3733
3722
3711
3700
3689
3678
3667
3656
3645
3634
3623
3612
3601
3590
3579
3568
3557
3546
3535
3524
3513
3502
3491
3480
3469
3458
3447
3436
3425
3414
3403
3392
3381
3370
3359
3348
3337
3326
3315
3304
3293
3282
3271
3260
3249
3238
3227
3216
3205
3194
3183
3172
3161
3150
3139
3128
3117
3106
3095
3084
3073
3062
3051
3040
3029
3018
3007
2996
2985
2974
2963
2952
2941
2930
2919
2908
2897
2886
2875
2864
2853
2842
2831
2820
2809
2798
2787
2776
2765
2754
2743
2732
2721
2710
2699
2688
2677
2666
2655
2644
2633
2622
2611
2600
2589
2578
2567
2556
2545
2534
2523
2512
2501
2490
2479
2468
2457
2446
2435
2424
2413
2402
2391
2380
2369
2358
2347
2336
2325
2314
2303
2292
2281
2270
2259
2248
2237
2226
2215
2204
2193
2182
2171
2160
2149
2138
2127
2116
2105
2094
2083
2072
2061
2050
2039
2028
2017
2006
1995
1984
1973
1962
1951
1940
1929
1918
1907
1896
1885
1874
1863
1852
1841
1830
1819
1808
1797
1786
1775
1764
1753
1742
1731
1720
1709
1698
1687
1676
1665
1654
1643
1632
1621
1610
1599
1588
1577
1566
1555
1544
1533
1522
1511
1500
1489
1478
1467
1456
1445
1434
1423
1412
1401
1390
1379
1368
1357
1346
1335
1324
1313
1302
1291
1280
1269
1258
1247
1236
1225
1214
1203
1192
1181
1170
1159
1148
1137
1126
1115
1104
1093
1082
1071
1060
1049
1038
1027
1016
1005
994
983
972
961
950
939
928
917
906
895
884
873
862
851
840
829
818
807
796
785
774
763
752
741
730
719
708
697
686
675
664
653
642
631
620
609
598
587
576
565
554
543
532
521
510
499
488
477
466
455
444
433
422
411
400
389
378
367
356
345
334
323
312
301
290
279
268
257
246
235
224
213
202
191
180
169
158
147
136
125
114
103
92
81
70
59
48
37
26
15
4
0
0
0
0
0
0
0
0
0
0
0
0
0
0
0
0
0
0
0
0
0
0
0
0
0
0
0
0
0
0
0
0
0
0
0
0
0
0
0
0
0
0
0
0
0
0
0
0
0
0
0
0
0
0
0
0
0
0
0
0
0
0
0
0
0
0
0
0
0
0
0
0
0
0
0
0
0
0
0
0
0
0
0
0
0
0
0
0
0
0
0
0
0
0
0
0
0
0
0
0
0
0
0
0
0
0
0
0
0
0
0
0
0
0
0
0
0
0
0
0
0
0
0
0
0
0
0
0
0
0
0
0
0
0
0
0
0
0
0
0
0
0
0
0
0
0
0
0
0
0
0
0
0
0
0
0
0
0
0
0
0
0
0
0
0
0
0
0
0
0
0
0
0
0
0
0
0
0
0
0
0
0
0
0
0
0
0
0
0
0
0
0
0
0
0
0
0
0
0
0
0
0
0
0
0
0
0
0
0
0
0
0
0
0
0
0
0
0
0
0
0
0
0
0
0
0
0
0
0
0
0
0
0
0
0
0
0
0
0
0
0
0
0
0
0
0
0
0
0
0
0
0
0
0
0
0
0
0
0
0
0
0
0
0
0
0
0
0
0
0
0
0
0
0
0
0
0
0
0
0
0
0
0
0
0
0
0
0
0
0
0
0
0
0
0
0
0
0
0
0
0
0
0
0
0
0
0
0
0
0
0
0
0
0
0
0
0
0
0
0
0
0
0
0
0
0
0
0
0
0
0
0
0
0
0
0
0
0
0
0
0
0
0
0
0
0
0
0
0
0
0
0
0
0
0
0
0
0
0
0
0
0
0
0
0
0
0
0
0
0
0
0
0
0
0
0
0
0
0
0
0
0
0
0
0
0
0
0
0
0
0
0
0
0
0
0
0
0
0
0
0
0
0
0
0
0
0
0
0
0
0
0
0
0
0
0
0
0
0
0
0
0
0
0
0
0
0
0
0
0
0
0
0
0
0
0
0
0
0
0
0
0
0
0
0
0
0
0
0
0
0
0
0
0
0
0
0
0
0
0
0
0
0
0
0
0
0
0
0
0
0
0
0
0
0
0
0
0
0
0
0
0
0
0
0
0
0
0
0
0
0
0
0
0
0
0
0
0
0
0
0
0
0
0
0
0
0
0
0
0
0
0
0
0
0
0
0
0
0
0
0
0
0
0
0
0
0
0
0
0
0
0
0
0
0
0
0
0
0
0
0
0
0
0
0
0
0
0
0
0
0
0
0
0
0
0
0
0
0
0
0
0
0
0
0
0
0
0
0
0
0
0
0
0
0
0
0
0
0
0
0
0
0
0
0
0
0
0
0
0
0
0
0
0
0
0
0
0
0
0
0
0
0
0
0
0
0
0
0
0
0
0
0
0
0
0
0
0
0
0
0
0
0
0
0
0
0
0
0
0
0
0
0
0
0
0
0
0
0
0
0
0
0
0
0
0
0
0
0
0
0
0
0
0
0
0
0
0
0
0
0
0
0
0
0
0
0
0
0
0
0
0
0
0
0
0
0
0
0
0
0
0
0
0
0
0
0
0
0
0
0
0
0
0
0
0
0
0
0
0
0
0
0
0
0
0
0
0
0
0
0
0
0
0
0
0
0
0
0
0
0
0
0
0
0
0
0
0
0
0
0
0
0
0
0
0
0
0
0
0
0
0
0
0
0
0
0
0
0
0
0
0
0
0
0
0
0
0
0
0
0
0
0
0
0
0
0
0
0
0
0
0
0
0
0
0
0
0
0
0
0
0
0
0
0
0
0
0
0
0
0
0
0
0
0
0
0
0
0
0
0
0
0
0
0
0
0
0
0
0
0
0
0
0
0
0
0
0
0
0
0
0
0
0
0
0
0
0
0
0
0
0
0
0
0
0
0
0
0
0
0
0
0
0
0
0
0
0
0
0
0
0
0
0
0
0
0
0
0
0
0
0
0
0
0
0
0
0
0
0
0
0
0
0
0
0
0
0
0
0
0
0
0
0
0
0
0
0
0
0
0
0
0
0
0
0
0
0
0
0
0
0
0
0
0
0
0
0
0
0
0
0
0
0
0
0
0
0
0
0
0
0
0
0
0
0
0
0
0
0
0
0
0
0
0
0
0
0
0
0
0
0
0
0
0
0
0
0
0
0
0
0
0
0
0
0
0
0
0
0
0
0
0
0
0
0
0
0
0
0
0
0
0
0
0
0
0
0
0
0
0
0
0
0
0
0
0
0
0
0
0
0
0
0
0
0
0
0
0
0
0
0
0
0
0
0
0
0
0
0
0
0
0
0
0
0
0
0
0
0
0
0
0
0
0
0
0
0
0
0
0
0
0
0
0
0
0
0
0
0
0
0
0
0
0
0
0
0
0
0
0
0
0
0
0
0
0
0
0
0
0
0
0
0
0
0
0
0
0
0
0
0
0
0
0
0
0
0
0
0
0
0
0
0
0
0
0
0
0
0
0
0
0
0
0
0
0
0
0
0
0
0
0
0
0
0
0
0
0
0
0
0
0
0
0
0
0
0
0
0
0
0
0
0
0
0
0
0
0
0
0
0
0
0
0
0
0
0
0
0
0
0
0
0
0
0
0
0
0
0
0
0
0
0
0
0
0
0
0
0
0
0
0
0
0
0
0
0
0
0
0
0
0
0
0
0
0
0
0
0
0
0
0
0
0
0
0
0
0
0
0
0
0
0
0
0
0
0
0
0
0
0
0
0
0
0
0
0
0
0
0
0
0
0
0
0
0
0
0
0
0
0
0
0
0
0
0
0
0
0
0
0
0
0
0
0
0
0
0
0
0
0
0
0
0
0
0
0
0
0
0
0
0
0
0
0
0
0
0
0
0
0
0
0
0
0
0
0
0
0
0
0
0
0
0
0
0
0
0
0
0
0
0
0
0
0
0
0
0
0
0
0
0
0
0
0
0
0
0
0
0
0
0
0
0
0
0
0
0
0
0
0
0
0
0
0
0
0
0
0
0
0
0
0
0
0
0
0
0
0
0
0
0
0
0
0
0
0
0
0
0
0
0
0
0
0
0
0
0
0
0
0
0
0
0
0
0
0
0
0
0
0
0
0
0
0
0
0
0
0
0
0
0
0
0
0
0
0
0
0
0
0
0
0
0
0
0
0
0
0
0
0
0
0
0
0
0
0
0
0
0
0
0
0
0
0
0
0
0
0
0
0
0
0
0
0
0
0
0
0
0
0
0
0
0
0
0
0
0
0
0
0
0
0
0
0
0
0
0
0
0
0
0
0
0
0
0
0
0
0
0
0
0
0
0
0
0
0
0
0
0
0
0
0
0
0
0
0
0
0
0
0
0
0
0
0
0
0
0
0
0
0
0
0
0
0
0
0
0
0
0
0
0
0
0
0
0
0
0
0
0
0
0
0
0
0
0
0
0
0
0
0
0
0
0
0
0
0
0
0
0
0
0
0
0
0
0
0
0
0
0
0
0
0
0
0
0
0
0
0
0
0
0
0
0
0
0
0
0
0
0
0
0
0
0
0
0
0
0
0
0
0
0
0
0
0
0
0
0
0
0
0
0
0
0
0
0
0
0
0
0
0
0
0
0
0
0
0
0
0
0
0
0
0
0
0
0
0
0
0
0
0
0
0
0
0
0
0
0
0
0
0
0
0
0
0
0
0
0
0
0
0
0
0
0
0
0
0
0
0
0
0
0
0
0
0
0
0
0
0
0
0
0
0
0
0
0
0
0
0
0
0
0
0
0
0
0
0
0
0
0
0
0
0
0
0
0
0
0
0
0
0
0
0
0
0
0
0
0
0
0
0
0
0
0
0
0
0
0
0
0
0
0
0
0
0
0
0
0
0
0
0
0
0
0
0
0
0
0
0
0
0
0
0
0
0
0
0
0
0
0
0
0
0
0
0
0
0
0
0
0
0
0
0
0
0
0
0
0
0
0
0
0
0
0
0
0
0
0
0
0
0
0
0
0
0
0
0
0
0
0
0
0
0
0
0
0
0
0
0
0
0
0
0
0
0
0
0
0
0
0
0
0
0
0
0
0
0
0
0
0
0
0
0
0
0
0
0
0
0
0
0
0
0
0
0
0
0
0
0
0
0
0
0
0
0
0
0
0
0
0
0
0
0
0
0
0
0
0
0
0
0
0
0
0
0
0
0
0
0
0
0
0
0
0
0
0
0
0
0
0
0
0
0
0
0
0
0
0
0
0
0
0
0
0
0
0
0
0
0
0
0
0
0
0
0
0
0
0
0
0
0
0
0
0
0
0
0
0
0
0
0
0
0
0
0
0
0
0
0
0
0
0
0
0
0
0
0
0
0
0
0
0
0
0
0
0
0
0
0
0
0
0
0
0
0
0
0
0
0
0
0
0
0
0
0
0
0
0
0
0
0
0
0
0
0
0
0
0
0
0
0
0
0
0
0
0
0
0
0
0
0
0
0
0
0
0
0
0
0
0
0
0
0
0
0
0
0
0
0
0
0
0
0
0
0
0
0
0
0
0
0
0
0
0
0
0
0
0
0
0
0
0
0
0
0
0
0
0
0
0
0
0
0
0
0
0
0
0
0
0
0
0
0
0
0
0
0
0
0
0
0
0
0
0
0
0
0
0
0
0
0
0
0
0
0
0
0
0
0
0
0
0
0
0
0
0
0
0
0
0
0
0
0
0
0
0
0
0
0
0
0
0
0
0
0
0
0
0
0
0
0
0
0
0
0
0
0
0
0
0
0
0
0
0
0
0
0
0
0
0
0
0
0
0
0
0
0
0
0
0
0
0
0
0
0
0
0
0
0
0
0
0
0
0
0
0
0
0
0
0
0
0
0
0
0
0
0
0
0
0
0
0
0
0
0
0
0
0
0
0
0
0
0
0
0
0
0
0
0
0
0
0
0
0
0
0
0
0
0
0
0
0
0
0
0
0
0
0
0
0
0
0
0
0
0
0
0
0
0
0
0
0
0
0
0
0
0
0
0
0
0
0
0
0
0
0
0
0
0
0
0
0
0
0
0
0
0
0
0
0
0
0
0
0
0
0
0
0
0
0
0
0
0
0
0
0
0
0
0
0
0
0
0
0
0
0
0
0
0
0
0
0
0
0
0
0
0
0
0
0
0
0
0
0
0
0
0
0
0
0
0
0
0
0
0
0
0
0
0
0
0
0
0
0
0
0
0
0
0
0
0
0
0
0
0
0
0
0
0
0
0
0
0
0
0
0
0
0
0
0
0
0
0
0
0
0
0
0
0
0
0
0
0
0
0
0
0
0
0
0
0
0
0
0
0
0
0
0
0
0
0
0
0
0
0
0
0
0
0
0
0
0
0
0
0
0
0
0
0
0
0
0
0
0
0
0
0
0
0
0
0
0
0
0
0
0
0
0
0
0
0
0
0
0
0
0
0
0
0
0
0
0
0
0
0
0
0
0
0
0
0
0
0
0
0
0
0
0
0
0
0
0
0
0
0
0
0
0
0
0
0
0
0
0
0
0
0
0
0
0
0
0
0
0
0
0
0
0
0
0
0
0
0
0
0
0
0
0
0
0
0
0
0
0
0
0
0
0
0
0
0
0
0
0
0
0
0
0
0
0
0
0
0
0
0
0
0
0
0
0
0
0
0
0
0
0
0
0
0
0
0
0
0
0
0
0
0
0
0
0
0
0
0
0
0
0
0
0
0
0
0
0
0
0
0
0
0
0
0
0
0
0
0
0
0
0
0
0
0
0
0
0
0
0
0
0
0
0
0
0
0
0
0
0
0
0
0
0
0
0
0
0
0
0
0
0
0
0
0
0
0
0
0
0
0
0
0
0
0
0
0
0
0
0
0
0
0
0
0
0
0
0
0
0
0
0
0
0
0
0
0
0
0
0
0
0
0
0
0
0
0
0
0
0
0
0
0
0
0
0
0
0
0
0
0
0
0
0
0
0
0
0
0
0
0
0
0
0
0
0
0
0
0
0
0
0
0
0
0
0
0
0
0
0
0
0
0
0
0
0
0
0
0
0
0
0
0
0
0
0
0
0
0
0
0
0
0
0
0
0
0
0
0
0
0
0
0
0
0
0
0
0
0
0
0
0
0
0
0
0
0
0
0
0
0
0
0
0
0
0
0
0
0
0
0
0
0
0
0
0
0
0
0
0
0
0
0
0
0
0
0
0
0
0
0
0
0
0
0
0
0
0
0
0
0
0
0
0
0
0
0
0
0
0
0
0
0
0
0
0
0
0
0
0
0
0
0
0
0
0
0
0
0
0
0
0
0
0
0
0
0
0
0
0
0
0
0
0
0
0
0
0
0
0
0
0
0
0
0
0
0
0
0
0
0
0
0
0
0
0
0
0
0
0
0
0
0
0
0
0
0
0
0
0
0
0
0
0
0
0
0
0
0
0
0
0
0
0
0
0
0
0
0
0
0
0
0
0
0
0
0
0
0
0
0
0
0
0
0
0
0
0
0
0
0
0
0
0
0
0
0
0
0
0
0
0
0
0
0
0
0
0
0
0
0
0
0
0
0
0
0
0
0
0
0
0
0
0
0
0
0
0
0
0
0
0
0
0
0
0
0
0
0
0
0
0
0
0
0
0
0
0
0
0
0
0
0
0
0
0
0
0
0
0
0
0
0
0
0
0
0
0
0
0
0
0
0
0
0
0
0
0
0
0
0
0
0
0
0
0
0
0
0
0
0
0
0
0
0
0
0
0
0
0
0
0
0
0
0
0
0
0
0
0
0
0
0
0
0
0
0
0
0
0
0
0
0
0
0
0
0
0
0
0
0
0
0
0
0
0
0
0
0
0
0
0
0
0
0
0
0
0
0
0
0
0
0
0
0
0
0
0
0
0
0
0
0
0
0
0
0
0
0
0
0
0
0
0
0
0
0
0
0
0
0
0
0
0
0
0
0
0
0
0
0
0
0
0
0
0
0
0
0
0
0
0
0
0
0
0
0
0
0
0
0
0
0
0
0
0
0
0
0
0
0
0
0
0
0
0
0
0
0
0
0
0
0
0
0
0
0
0
0
0
0
0
0
0
0
0
0
0
0
0
0
0
0
0
0
0
0
0
0
0
0
0
0
0
0
0
0
0
0
0
0
0
0
0
0
0
0
0
0
0
0
0
0
0
0
0
0
0
0
0
0
0
0
0
0
0
0
0
0
0
0
0
0
0
0
0
0
0
0
0
0
0
0
0
0
0
0
0
0
0
0
0
0
0
0
0
0
0
0
0
0
0
0
0
0
0
0
0
0
0
0
0
0
0
0
0
0
0
0
0
0
0
0
0
0
0
0
0
0
0
0
0
0
0
0
0
0
0
0
0
0
0
0
0
0
0
0
0
0
0
0
0
0
0
0
0
0
0
0
0
0
0
0
0
0
0
0
0
0
0
0
0
0
0
0
0
0
0
0
0
0
0
0
0
0
0
0
0
0
0
0
0
0
0
0
0
0
0
0
0
0
0
0
0
0
0
0
0
0
0
0
0
0
0
0
0
0
0
0
0
0
0
0
0
0
0
0
0
0
0
0
0
0
0
0
0
0
0
0
0
0
0
0
0
0
0
0
0
0
0
0
0
0
0
0
0
0
0
0
0
0
0
0
0
0
0
0
0
0
0
0
0
0
0
0
0
0
0
0
0
0
0
0
0
0
0
0
0
0
0
0
0
0
0
0
0
0
0
0
0
0
0
0
0
0
0
0
0
0
0
0
0
0
0
0
0
0
0
0
0
0
0
0
0
0
0
0
0
0
0
0
0
0
0
0
0
0
0
0
0
0
0
0
0
0
0
0
0
0
0
0
0
0
0
0
0
0
0
0
0
0
0
0
0
0
0
0
0
0
0
0
0
0
0
0
0
0
0
0
0
0
0
0
0
0
0
0
0
0
0
0
0
0
0
0
0
0
0
0
0
0
0
0
0
0
0
0
0
0
0
0
0
0
0
0
0
0
0
0
0
0
0
0
0
0
0
0
0
0
0
0
0
0
0
0
0
0
0
0
0
0
0
0
0
0
0
0
0
0
0
0
0
0
0
0
0
0
0
0
0
0
0
0
0
0
0
0
0
0
0
0
0
0
0
0
0
0
0
0
0
0
0
0
0
0
0
0
0
0
0
0
0
0
0
0
0
0
0
0
0
0
0
0
0
0
0
0
0
0
0
0
0
0
0
0
0
0
0
0
0
0
0
0
0
0
0
0
0
0
0
0
0
0
0
0
0
0
0
0
0
0
0
0
0
0
0
0
0
0
0
0
0
0
0
0
0
0
0
0
0
0
0
0
0
0
0
0
0
0
0
0
0
0
0
0
0
0
0
0
0
0
0
0
0
0
0
0
0
0
0
0
0
0
0
0
0
0
0
0
0
0
0
0
0
0
0
0
0
0
0
0
0
0
0
0
0
0
0
0
0
0
0
0
0
0
0
0
0
0
0
0
0
0
0
0
0
0
0
0
0
0
0
0
0
0
0
0
0
0
0
0
0
0
0
0
0
0
0
0
0
0
0
0
0
0
0
0
0
0
0
0
0
0
0
0
0
0
0
0
0
0
0
0
0
0
0
0
0
0
0
0
0
0
0
0
0
0
0
0
0
0
0
0
0
0
0
0
0
0
0
0
0
0
0
0
0
0
0
0
0
0
0
0
0
0
0
0
0
0
0
0
0
0
0
0
0
0
0
0
0
0
0
0
0
0
0
0
0
0
0
0
0
0
0
0
0
0
0
0
0
0
0
0
0
0
0
0
0
0
0
0
0
0
0
0
0
0
0
0
0
0
0
0
0
0
0
0
0
0
0
0
0
0
0
0
0
0
0
0
0
0
0
0
0
0
0
0
0
0
0
0
0
0
0
0
0
0
0
0
0
0
0
0
0
0
0
0
0
0
0
0
0
0
0
0
0
0
0
0
0
0
0
0
0
0
0
0
0
0
0
0
0
0
0
0
0
0
0
0
0
0
0
0
0
0
0
0
0
0
0
0
0
0
0
0
0
0
0
0
0
0
0
0
0
0
0
0
0
0
0
0
0
0
0
0
0
0
0
0
0
0
0
0
0
0
0
0
0
0
0
0
0
0
0
0
0
0
0
0
0
0
0
0
0
0
0
0
0
0
0
0
0
0
0
0
0
0
0
0
0
0
0
0
0
0
0
0
0
0
0
0
0
0
0
0
0
0
0
0
0
0
0
0
0
0
0
0
0
0
0
0
0
0
0
0
0
0
0
0
0
0
0
0
0
0
0
0
0
0
0
0
0
0
0
0
0
0
0
0
0
0
0
0
0
0
0
0
0
0
0
0
0
0
0
0
0
0
0
0
0
0
0
0
0
0
0
0
0
0
0
0
0
0
0
0
0
0
0
0
0
0
0
0
0
0
0
0
0
0
0
0
0
0
0
0
0
0
0
0
0
0
0
0
0
0
0
0
0
0
0
0
0
0
0
0
0
0
0
0
0
0
0
0
0
0
0
0
0
0
0
0
0
0
0
0
0
0
0
0
0
0
0
0
0
0
0
0
0
0
0
0
0
0
0
0
0
0
0
0
0
0
0
0
0
0
0
0
0
0
0
0
0
0
0
0
0
0
0
0
0
0
0
0
0
0
0
0
0
0
0
0
0
0
0
0
0
0
0
0
0
0
0
0
0
0
0
0
0
0
0
0
0
0
0
0
0
0
0
0
0
0
0
0
0
0
0
0
0
0
0
0
0
0
0
0
0
0
0
0
0
0
0
0
0
0
0
0
0
0
0
0
0
0
0
0
0
0
0
0
0
0
0
0
0
0
0
0
0
0
0
0
0
0
0
0
0
0
0
0
0
0
0
0
0
0
0
0
0
0
0
0
0
0
0
0
0
0
0
0
0
0
0
0
0
0
0
0
0
0
0
0
0
0
0
0
0
0
0
0
0
0
0
0
0
0
0
0
0
0
0
0
0
0
0
0
0
0
0
0
0
0
0
0
0
0
0
0
0
0
0
0
0
0
0
0
0
0
0
0
0
0
0
0
0
0
0
0
0
0
0
0
0
0
0
0
0
0
0
0
0
0
0
0
0
0
0
0
0
0
0
0
0
0
0
0
0
0
0
0
0
0
0
0
0
0
0
0
0
0
0
0
0
0
0
0
0
0
0
0
0
0
0
0
0
0
0
0
0
0
0
0
0
0
0
0
0
0
0
0
0
0
0
0
0
0
0
0
0
0
0
0
0
0
0
0
0
0
0
0
0
0
0
0
0
0
0
0
0
0
0
0
0
0
0
0
0
0
0
0
0
0
0
0
0
0
0
0
0
0
0
0
0
0
0
0
0
0
0
0
0
0
0
0
0
0
0
0
0
0
0
0
0
0
0
0
0
0
0
0
0
0
0
0
0
0
0
0
0
0
0
0
0
0
0
0
0
0
0
0
0
0
0
0
0
0
0
0
0
0
0
0
0
0
0
0
0
0
0
0
0
0
0
0
0
0
0
0
0
0
0
0
0
0
0
0
0
0
0
0
0
0
0
0
0
0
0
0
0
0
0
0
0
0
0
0
0
0
0
0
0
0
0
0
0
0
0
0
0
0
0
0
0
0
0
0
0
0
0
0
0
0
0
0
0
0
0
0
0
0
0
0
0
0
0
0
0
0
0
0
0
0
0
0
0
0
0
0
0
0
0
0
0
0
0
0
0
0
0
0
0
0
0
0
0
0
0
0
0
0
0
0
0
0
0
0
0
0
0
0
0
0
0
0
0
0
0
0
0
0
0
0
0
0
0
0
0
0
0
0
0
0
0
0
0
0
0
0
0
0
0
0
0
0
0
0
0
0
0
0
0
0
0
0
0
0
0
0
0
0
0
0
0
0
0
0
0
0
0
0
0
0
0
0
0
0
0
0
0
0
0
0
0
0
0
0
0
0
0
0
0
0
0
0
0
0
0
0
0
0
0
0
0
0
0
0
0
0
0
0
0
0
0
0
0
0
0
0
0
0
0
0
0
0
0
0
0
0
0
0
0
0
0
0
0
0
0
0
0
0
0
0
0
0
0
0
0
0
0
0
0
0
0
0
0
0
0
0
0
0
0
0
0
0
0
0
0
0
0
0
0
0
0
0
0
0
0
0
0
0
0
0
0
0
0
0
0
0
0
0
0
0
0
0
0
0
0
0
0
0
0
0
0
0
0
0
0
0
0
0
0
0
0
0
0
0
0
0
0
0
0
0
0
0
0
0
0
0
0
0
0
0
0
0
0
0
0
0
0
0
0
0
0
0
0
0
0
0
0
0
0
0
0
0
0
0
0
0
0
0
0
0
0
0
0
0
0
0
0
0
0
0
0
0
0
0
0
0
0
0
0
0
0
0
0
0
0
0
0
0
0
0
0
0
0
0
0
0
0
0
0
0
0
0
0
0
0
0
0
0
0
0
0
0
0
0
0
0
0
0
0
0
0
0
0
0
0
0
0
0
0
0
0
0
0
0
0
0
0
0
0
0
0
0
0
0
0
0
0
0
0
0
0
0
0
0
0
0
0
0
0
0
0
0
0
0
0
0
0
0
0
0
0
0
0
0
0
0
0
0
0
0
0
0
0
0
0
0
0
0
0
0
0
0
0
0
0
0
0
0
0
0
0
0
0
0
0
0
0
0
0
0
0
0
0
0
0
0
0
0
0
0
0
0
0
0
0
0
0
0
0
0
0
0
0
0
0
0
0
0
0
0
0
0
0
0
0
0
0
0
0
0
0
0
0
0
0
0
0
0
0
0
0
0
0
0
0
0
0
0
0
0
0
0
0
0
0
0
0
0
0
0
0
0
0
0
0
0
0
0
0
0
0
0
0
0
0
0
0
0
0
0
0
0
0
0
0
0
0
0
0
0
0
0
0
0
0
0
0
0
0
0
0
0
0
0
0
0
0
0
0
0
0
0
0
0
0
0
0
0
0
0
0
0
0
0
0
0
0
0
0
0
0
0
0
0
0
0
0
0
0
0
0
0
0
0
0
0
0
0
0
0
0
0
0
0
0
0
0
0
0
0
0
0
0
0
0
0
0
0
0
0
0
0
0
0
0
0
0
0
0
0
0
0
0
0
0
0
0
0
0
0
0
0
0
0
0
0
0
0
0
0
0
0
0
0
0
0
0
0
0
0
0
0
0
0
0
0
0
0
0
0
0
0
0
0
0
0
0
0
0
0
0
0
0
0
0
0
0
0
0
0
0
0
0
0
0
0
0
0
0
0
0
0
0
0
0
0
0
0
0
0
0
0
0
0
0
0
0
0
0
0
0
0
0
0
0
0
0
0
0
0
0
0
0
0
0
0
0
0
0
0
0
0
0
0
0
0
0
0
0
0
0
0
0
0
0
0
0
0
0
0
0
0
0
0
0
0
0
0
0
0
0
0
0
0
0
0
0
0
0
0
0
0
0
0
0
0
0
0
0
0
0
0
0
0
0
0
0
0
0
0
0
0
0
0
0
0
0
0
0
0
0
0
0
0
0
0
0
0
0
0
0
0
0
0
0
0
0
0
0
0
0
0
0
0
0
0
0
0
0
0
0
0
0
0
0
0
0
0
0
0
0
0
0
0
0
0
0
0
0
0
0
0
0
0
0
0
0
0
0
0
0
0
0
0
0
0
0
0
0
0
0
0
0
0
0
0
0
0
0
0
0
0
0
0
0
0
0
0
0
0
0
0
0
0
0
0
0
0
0
0
0
0
0
0
0
0
0
0
0
0
0
0
0
0
0
0
0
0
0
0
0
0
0
0
0
0
0
0
0
0
0
0
0
0
0
0
0
0
0
0
0
0
0
0
0
0
0
0
0
0
0
0
0
0
0
0
0
0
0
0
0
0
0
0
0
0
0
0
0
0
0
0
0
0
0
0
0
0
0
0
0
0
0
0
0
0
0
0
0
0
0
0
0
0
0
0
0
0
0
0
0
0
0
0
0
0
0
0
0
0
0
0
0
0
0
0
0
0
0
0
0
0
0
0
0
0
0
0
0
0
0
0
0
0
0
0
0
0
0
0
0
0
0
0
0
0
0
0
0
0
0
0
0
0
0
0
0
0
0
0
0
0
0
0
0
0
0
0
0
0
0
0
0
0
0
0
0
0
0
0
0
0
0
0
0
0
0
0
0
0
0
0
0
0
0
0
0
0
0
0
0
0
0
0
0
0
0
0
0
0
0
0
0
0
0
0
0
0
0
0
0
0
0
0
0
0
0
0
0
0
0
0
0
0
0
0
0
0
0
0
0
0
0
0
0
0
0
0
0
0
0
0
0
0
0
0
0
0
0
0
0
0
0
0
0
0
0
0
0
0
0
0
0
0
0
0
0
0
0
0
0
0
0
0
0
0
0
0
0
0
0
0
0
0
0
0
0
0
0
0
0
0
0
0
0
0
0
0
0
0
0
0
0
0
0
0
0
0
0
0
0
0
0
0
0
0
0
0
0
0
0
0
0
0
0
0
0
0
0
0
0
0
0
0
0
0
0
0
0
0
0
0
0
0
0
0
0
0
0
0
0
0
0
0
0
0
0
0
0
0
0
0
0
0
0
0
0
0
0
0
0
0
0
0
0
0
0
0
0
0
0
0
0
0
0
0
0
0
0
0
0
0
0
0
0
0
0
0
0
0
0
0
0
0
0
0
0
0
0
0
0
0
0
0
0
0
0
0
0
0
0
0
0
0
0
0
0
0
0
0
0
0
0
0
0
0
0
0
0
0
0
0
0
0
0
0
0
0
0
0
0
0
0
0
0
0
0
0
0
0
0
0
0
0
0
0
0
0
0
0
0
0
0
0
0
0
0
0
0
0
0
0
0
0
0
0
0
0
0
0
0
0
0
0
0
0
0
0
0
0
0
0
0
0
0
0
0
0
0
0
0
0
0
0
0
0
0
0
0
0
0
0
0
0
0
0
0
0
0
0
0
0
0
0
0
0
0
0
0
0
0
0
0
0
0
0
0
0
0
0
0
0
0
0
0
0
0
0
0
0
0
0
0
0
0
0
0
0
0
0
0
0
0
0
0
0
0
0
0
0
0
0
0
0
0
0
0
0
0
0
0
0
0
0
0
0
0
0
0
0
0
0
0
0
0
0
0
0
0
0
0
0
0
0
0
0
0
0
0
0
0
0
0
0
0
0
0
0
0
0
0
0
0
0
0
0
0
0
0
0
0
0
0
0
0
0
0
0
0
0
0
0
0
0
0
0
0
0
0
0
0
0
0
0
0
0
0
0
0
0
0
0
0
0
0
0
0
0
0
0
0
0
0
0
0
0
0
0
0
0
0
0
0
0
0
0
0
0
0
0
0
0
0
0
0
0
0
0
0
0
0
0
0
0
0
0
0
0
0
0
0
0
0
0
0
0
0
0
0
0
0
0
0
0
0
0
0
0
0
0
0
0
0
0
0
0
0
0
0
0
0
0
0
0
0
0
0
0
0
0
0
0
0
0
0
0
0
0
0
0
0
0
0
0
0
0
0
0
0
0
0
0
0
0
0
0
0
0
0
0
0
0
0
0
0
0
0
0
0
0
0
0
0
0
0
0
0
0
0
0
0
0
0
0
0
0
0
0
0
0
0
0
0
0
0
0
0
0
0
0
0
0
0
0
0
0
0
0
0
0
0
0
0
0
0
0
0
0
0
0
0
0
0
0
0
0
0
0
0
0
0
0
0
0
0
0
0
0
0
0
0
0
0
0
0
0
0
0
0
0
0
0
0
0
0
0
0
0
0
0
0
0
0
0
0
0
0
0
0
0
0
0
0
0
0
0
0
0
0
0
0
0
0
0
0
0
0
0
0
0
0
0
0
0
0
0
0
0
0
0
0
0
0
0
0
0
0
0
0
0
0
0
0
0
0
0
0
0
0
0
0
0
0
0
0
0
0
0
0
0
0
0
0
0
0
0
0
0
0
0
0
0
0
0
0
0
0
0
0
0
0
0
0
0
0
0
0
0
0
0
0
0
0
0
0
0
0
0
0
0
0
0
0
0
0
0
0
0
0
0
0
0
0
0
0
0
0
0
0
0
0
0
0
0
0
0
0
0
0
0
0
0
0
0
0
0
0
0
0
0
0
0
0
0
0
0
0
0
0
0
0
0
0
0
0
0
0
0
0
0
0
0
0
0
0
0
0
0
0
0
0
0
0
0
0
0
0
0
0
0
0
0
0
0
0
0
0
0
0
0
0
0
0
0
0
0
0
0
0
0
0
0
0
0
0
0
0
0
0
0
0
0
0
0
0
0
0
0
0
0
0
0
0
0
0
0
0
0
0
0
0
0
0
0
0
0
0
0
0
0
0
0
0
0
0
0
0
0
0
0
0
0
0
0
0
0
0
0
0
0
0
0
0
0
0
0
0
0
0
0
0
0
0
0
0
0
0
0
0
0
0
0
0
0
0
0
0
0
0
0
0
0
0
0
0
0
0
0
0
0
0
0
0
0
0
0
0
0
0
0
0
0
0
0
0
0
0
0
0
0
0
0
0
0
0
0
0
0
0
0
0
0
0
0
0
0
0
0
0
0
0
0
0
0
0
0
0
0
0
0
0
0
0
0
0
0
0
0
0
0
0
0
0
0
0
0
0
0
0
0
0
0
0
0
0
0
0
0
0
0
0
0
0
0
0
0
0
0
0
0
0
0
0
0
0
0
0
0
0
0
0
0
0
0
0
0
0
0
0
0
0
0
0
0
0
0
0
0
0
0
0
0
0
0
0
0
0
0
0
0
0
0
0
0
0
0
0
0
0
0
0
0
0
0
0
0
0
0
0
0
0
0
0
0
0
0
0
0
0
0
0
0
0
0
0
0
0
0
0
0
0
0
0
0
0
0
0
0
0
0
0
0
0
0
0
0
0
0
0
0
0
0
0
0
0
0
0
0
0
0
0
0
0
0
0
0
0
0
0
0
0
0
0
0
0
0
0
0
0
0
0
0
0
0
0
0
0
0
0
0
0
0
0
0
0
0
0
0
0
0
0
0
0
0
0
0
0
0
0
0
0
0
0
0
0
0
0
0
0
0
0
0
0
0
0
0
0
0
0
0
0
0
0
0
0
0
0
0
0
0
0
0
0
0
0
0
0
0
0
0
0
0
0
0
0
0
0
0
0
0
0
0
0
0
0
0
0
0
0
0
0
0
0
0
0
0
0
0
0
0
0
0
0
0
0
0
0
0
0
0
0
0
0
0
0
0
0
0
0
0
0
0
0
0
0
0
0
0
0
0
0
0
0
0
0
0
0
0
0
0
0
0
0
0
0
0
0
0
0
0
0
0
0
0
0
0
0
0
0
0
0
0
0
0
0
0
0
0
0
0
0
0
0
0
0
0
0
0
0
0
0
0
0
0
0
0
0
0
0
0
0
0
0
0
0
0
0
0
0
0
0
0
0
0
0
0
0
0
0
0
0
0
0
0
0
0
0
0
0
0
0
0
0
0
0
0
0
0
0
0
0
0
0
0
0
0
0
0
0
0
0
0
0
0
0
0
0
0
0
0
0
0
0
0
0
0
0
0
0
0
0
0
0
0
0
0
0
0
0
0
0
0
0
0
0
0
0
0
0
0
0
0
0
0
0
0
0
0
0
0
0
0
0
0
0
0
0
0
0
0
0
0
0
0
0
0
0
0
0
0
0
0
0
0
0
0
0
0
0
0
0
0
0
0
0
0
0
0
0
0
0
0
0
0
0
0
0
0
0
0
0
0
0
0
0
0
0
0
0
0
0
0
0
0
0
0
0
0
0
0
0
0
0
0
0
0
0
0
0
0
0
0
0
0
0
0
0
0
0
0
0
0
0
0
0
0
0
0
0
0
0
0
0
0
0
0
0
0
0
0
0
0
0
0
0
0
0
0
0
0
0
0
0
0
0
0
0
0
0
0
0
0
0
0
0
0
0
0
0
0
0
0
0
0
0
0
0
0
0
0
0
0
0
0
0
0
0
0
0
0
0
0
0
0
0
0
0
0
0
0
0
0
0
0
0
0
0
0
0
0
0
0
0
0
0
0
0
0
0
0
0
0
0
0
0
0
0
0
0
0
0
0
0
0
0
0
0
0
0
0
0
0
0
0
0
0
0
0
0
0
0
0
0
0
0
0
0
0
0
0
0
0
0
0
0
0
0
0
0
0
0
0
0
0
0
0
0
0
0
0
0
0
0
0
0
0
0
0
0
0
0
0
0
0
0
0
0
0
0
0
0
0
0
0
0
0
0
0
0
0
0
0
0
0
0
0
0
0
0
0
0
0
0
0
0
0
0
0
0
0
0
0
0
0
0
0
0
0
0
0
0
0
0
0
0
0
0
0
0
0
0
0
0
0
0
0
0
0
0
0
0
0
0
0
0
0
0
0
0
0
0
0
0
0
0
0
0
0
0
0
0
0
0
0
0
0
0
0
0
0
0
0
0
0
0
0
0
0
0
0
0
0
0
0
0
0
0
0
0
0
0
0
0
0
0
0
0
0
0
0
0
0
0
0
0
0
0
0
0
0
0
0
0
0
0
0
0
0
0
0
0
0
0
0
0
0
0
0
0
0
0
0
0
0
0
0
0
0
0
0
0
0
0
0
0
0
0
0
0
0
0
0
0
0
0
0
0
0
0
0
0
0
0
0
0
0
0
0
0
0
0
0
0
0
0
0
0
0
0
0
0
0
0
0
0
0
0
0
0
0
0
0
0
0
0
0
0
0
0
0
0
0
0
0
0
0
0
0
0
0
0
0
0
0
0
0
0
0
0
0
0
0
0
0
0
0
0
0
0
0
0
0
0
0
0
0
0
0
0
0
0
0
0
0
0
0
0
0
0
0
0
0
0
0
0
0
0
0
0
0
0
0
0
0
0
0
0
0
0
0
0
0
0
0
0
0
0
0
0
0
0
0
0
0
0
0
0
0
0
0
0
0
0
0
0
0
0
0
0
0
0
0
0
0
0
0
0
0
0
0
0
0
0
0
0
0
0
0
0
0
0
0
0
0
0
0
0
0
0
0
0
0
0
0
0
0
0
0
0
0
0
0
0
0
0
0
0
0
0
0
0
0
0
0
0
0
0
0
0
0
0
0
0
0
0
0
0
0
0
0
0
0
0
0
0
0
0
0
0
0
0
0
0
0
0
0
0
0
0
0
0
0
0
0
0
0
0
0
0
0
0
0
0
0
0
0
0
0
0
0
0
0
0
0
0
0
0
0
0
0
0
0
0
0
0
0
0
0
0
0
0
0
0
0
0
0
0
0
0
0
0
0
0
0
0
0
0
0
0
0
0
0
0
0
0
0
0
0
0
0
0
0
0
0
0
0
0
0
0
0
0
0
0
0
0
0
0
0
0
0
0
0
0
0
0
0
0
0
0
0
0
0
0
0
0
0
0
0
0
0
0
0
0
0
0
0
0
0
0
0
0
0
0
0
0
0
0
0
0
0
0
0
0
0
0
0
0
0
0
0
0
0
0
0
0
0
0
0
0
0
0
0
0
0
0
0
0
0
0
0
0
0
0
0
0
0
0
0
0
0
0
0
0
0
0
0
0
0
0
0
0
0
0
0
0
0
0
0
0
0
0
0
0
0
0
0
0
0
0
0
0
0
0
0
0
0
0
0
0
0
0
0
0
0
0
0
0
0
0
0
0
0
0
0
0
0
0
0
0
0
0
0
0
0
0
0
0
0
0
0
0
0
0
0
0
0
0
0
0
0
0
0
0
0
0
0
0
0
0
0
0
0
0
0
0
0
0
0
0
0
0
0
0
0
0
0
0
0
0
0
0
0
0
0
0
0
0
0
0
0
0
0
0
0
0
0
0
0
0
0
0
0
0
0
0
0
0
0
0
0
0
0
0
0
0
0
0
0
0
0
0
0
0
0
0
0
0
0
0
0
0
0
0
0
0
0
0
0
0
0
0
0
0
0
0
0
0
0
0
0
0
0
0
0
0
0
0
0
0
0
0
0
0
0
0
0
0
0
0
0
0
0
0
0
0
0
0
0
0
0
0
0
0
0
0
0
0
0
0
0
0
0
0
0
0
0
0
0
0
0
0
0
0
0
0
0
0
0
0
0
0
0
0
0
0
0
0
0
0
0
0
0
0
0
0
0
0
0
0
0
0
0
0
0
0
0
0
0
0
0
0
0
0
0
0
0
0
0
0
0
0
0
0
0
0
0
0
0
0
0
0
0
0
0
0
0
0
0
0
0
0
0
0
0
0
0
0
0
0
0
0
0
0
0
0
0
0
0
0
0
0
0
0
0
0
0
0
0
0
0
0
0
0
0
0
0
0
0
0
0
0
0
0
0
0
0
0
0
0
0
0
0
0
0
0
0
0
0
0
0
0
0
0
0
0
0
0
0
0
0
0
0
0
0
0
0
0
0
0
0
0
0
0
0
0
0
0
0
0
0
0
0
0
0
0
0
0
0
0
0
0
0
0
0
0
0
0
0
0
0
0
0
0
0
0
0
0
0
0
0
0
0
0
0
0
0
0
0
0
0
0
0
0
0
0
0
0
0
0
0
0
0
0
0
0
0
0
0
0
0
0
0
0
0
0
0
0
0
0
0
0
0
0
0
0
0
0
0
0
0
0
0
0
0
0
0
0
0
0
0
0
0
0
0
0
0
0
0
0
0
0
0
0
0
0
0
0
0
0
0
0
0
0
0
0
0
0
0
0
0
0
0
0
0
0
0
0
0
0
0
0
0
0
0
0
0
0
0
0
0
0
0
0
0
0
0
0
0
0
0
0
0
0
0
0
0
0
0
0
0
0
0
0
0
0
0
0
0
0
0
0
0
0
0
0
0
0
0
0
0
0
0
0
0
0
0
0
0
0
0
0
0
0
0
0
0
0
0
0
0
0
0
0
0
0
0
0
0
0
0
0
0
0
0
0
0
0
0
0
0
0
0
0
0
0
0
0
0
0
0
0
0
0
0
0
0
0
0
0
0
0
0
0
0
0
0
0
0
0
0
0
0
0
0
0
0
0
0
0
0
0
0
0
0
0
0
0
0
0
0
0
0
0
0
0
0
0
0
0
0
0
0
0
0
0
0
0
0
0
0
0
0
0
0
0
0
0
0
0
0
0
0
0
0
0
0
0
0
0
0
0
0
0
0
0
0
0
0
0
0
0
0
0
0
0
0
0
0
0
0
0
0
0
0
0
0
0
0
0
0
0
0
0
0
0
0
0
0
0
0
0
0
0
0
0
0
0
0
0
0
0
0
0
0
0
0
0
0
0
0
0
0
0
0
0
0
0
0
0
0
0
0
0
0
0
0
0
0
0
0
0
0
0
0
0
0
0
0
0
0
0
0
0
0
0
0
0
0
0
0
0
0
0
0
0
0
0
0
0
0
0
0
0
0
0
0
0
0
0
0
0
0
0
0
0
0
0
0
0
0
0
0
0
0
0
0
0
0
0
0
0
0
0
0
0
0
0
0
0
0
0
0
0
0
0
0
0
0
0
0
0
0
0
0
0
0
0
0
0
0
0
0
0
0
0
0
0
0
0
0
0
0
0
0
0
0
0
0
0
0
0
0
0
0
0
0
0
0
0
0
0
0
0
0
0
0
0
0
0
0
0
0
0
0
0
0
0
0
0
0
0
0
0
0
0
0
0
0
0
0
0
0
0
0
0
0
0
0
0
0
0
0
0
0
0
0
0
0
0
0
0
0
0
0
0
0
0
0
0
0
0
0
0
0
0
0
0
0
0
0
0
0
0
0
0
0
0
0
0
0
0
0
0
0
0
0
0
0
0
0
0
0
0
0
0
0
0
0
0
0
0
0
0
0
0
0
0
0
0
0
0
0
0
0
0
0
0
0
0
0
0
0
0
0
0
0
0
0
0
0
0
0
0
0
0
0
0
0
0
0
0
0
0
0
0
0
0
0
0
0
0
0
0
0
0
0
0
0
0
0
0
0
0
0
0
0
0
0
0
0
0
0
0
0
0
0
0
0
0
0
0
0
0
0
0
0
0
0
0
0
0
0
0
0
0
0
0
0
0
0
0
0
0
0
0
0
0
0
0
0
0
0
0
0
0
0
0
0
0
0
0
0
0
0
0
0
0
0
0
0
0
0
0
0
0
0
0
0
0
0
0
0
0
0
0
0
0
0
0
0
0
0
0
0
0
0
0
0
0
0
0
0
0
0
0
0
0
0
0
0
0
0
0
0
0
0
0
0
0
0
0
0
0
0
0
0
0
0
0
0
0
0
0
0
0
0
0
0
0
0
0
0
0
0
0
0
0
0
0
0
0
0
0
0
0
0
0
0
0
0
0
0
0
0
0
0
0
0
0
0
0
0
0
0
0
0
0
0
0
0
0
0
0
0
0
0
0
0
0
0
0
0
0
0
0
0
0
0
0
0
0
0
0
0
0
0
0
0
0
0
0
0
0
0
0
0
0
0
0
0
0
0
0
0
0
0
0
0
0
0
0
0
0
0
0
0
0
0
0
0
0
0
0
0
0
0
0
0
0
0
0
0
0
0
0
0
0
0
0
0
0
0
0
0
0
0
0
0
0
0
0
0
0
0
0
0
0
0
0
0
0
0
0
0
0
0
0
0
0
0
0
0
0
0
0
0
0
0
0
0
0
0
0
0
0
0
0
0
0
0
0
0
0
0
0
0
0
0
0
0
0
0
0
0
0
0
0
0
0
0
0
0
0
0
0
0
0
0
0
0
0
0
0
0
0
0
0
0
0
0
0
0
0
0
0
0
0
0
0
0
0
0
0
0
0
0
0
0
0
0
0
0
0
0
0
0
0
0
0
0
0
0
0
0
0
0
0
0
0
0
0
0
0
0
0
0
0
0
0
0
0
0
0
0
0
0
0
0
0
0
0
0
0
0
0
0
0
0
0
0
0
0
0
0
0
0
0
0
0
0
0
0
0
0
0
0
0
0
0
0
0
0
0
0
0
0
0
0
0
0
0
0
0
0
0
0
0
0
0
0
0
0
0
0
0
0
0
0
0
0
0
0
0
0
0
0
0
0
0
0
0
0
0
0
0
0
0
0
0
0
0
0
0
0
0
0
0
0
0
0
0
0
0
0
0
0
0
0
0
0
0
0
0
0
0
0
0
0
0
0
0
0
0
0
0
0
0
0
0
0
0
0
0
0
0
0
0
0
0
0
0
0
0
0
0
0
0
0
0
0
0
0
0
0
0
0
0
0
0
0
0
0
0
0
0
0
0
0
0
0
0
0
0
0
0
0
0
0
0
0
0
0
0
0
0
0
0
0
0
0
0
0
0
0
0
0
0
0
0
0
0
0
0
0
0
0
0
0
0
0
0
0
0
0
0
0
0
0
0
0
0
0
0
0
0
0
0
0
0
0
0
0
0
0
0
0
0
0
0
0
0
0
0
0
0
0
0
0
0
0
0
0
0
0
0
0
0
0
0
0
0
0
0
0
0
0
0
0
0
0
0
0
0
0
0
0
0
0
0
0
0
0
0
0
0
0
0
0
0
0
0
0
0
0
0
0
0
0
0
0
0
0
0
0
0
0
0
0
0
0
0
0
0
0
0
0
0
0
0
0
0
0
0
0
0
0
0
0
0
0
0
0
0
0
0
0
0
0
0
0
0
0
0
0
0
0
0
0
0
0
0
0
0
0
0
0
0
0
0
0
0
0
0
0
0
0
0
0
0
0
0
0
0
0
0
0
0
0
0
0
0
0
0
0
0
0
0
0
0
0
0
0
0
0
0
0
0
0
0
0
0
0
0
0
0
0
0
0
0
0
0
0
0
0
0
0
0
0
0
0
0
0
0
0
0
0
0
0
0
0
0
0
0
0
0
0
0
0
0
0
0
0
0
0
0
0
0
0
0
0
0
0
0
0
0
0
0
0
0
0
0
0
0
0
0
0
0
0
0
0
0
0
0
0
0
0
0
0
0
0
0
0
0
0
0
0
0
0
0
0
0
0
0
0
0
0
0
0
0
0
0
0
0
0
0
0
0
0
0
0
0
0
0
0
0
0
0
0
0
0
0
0
0
0
0
0
0
0
0
0
0
0
0
0
0
0
0
0
0
0
0
0
0
0
0
0
0
0
0
0
0
0
0
0
0
0
0
0
0
0
0
0
0
0
0
0
0
0
0
0
0
0
0
0
0
0
0
0
0
0
0
0
0
0
0
0
0
0
0
0
0
0
0
0
0
0
0
0
0
0
0
0
0
0
0
0
0
0
0
0
0
0
0
0
0
0
0
0
0
0
0
0
0
0
0
0
0
0
0
0
0
0
0
0
0
0
0
0
0
0
0
0
0
0
0
0
0
0
0
0
0
0
0
0
0
0
0
0
0
0
0
0
0
0
0
0
0
0
0
0
0
0
0
0
0
0
0
0
0
0
0
0
0
0
0
0
0
0
0
0
0
0
0
0
0
0
0
0
0
0
0
0
0
0
0
0
0
0
0
0
0
0
0
0
0
0
0
0
0
0
0
0
0
0
0
0
0
0
0
0
0
0
0
0
0
0
0
0
0
0
0
0
0
0
0
0
0
0
0
0
0
0
0
0
0
0
0
0
0
0
0
0
0
0
0
0
0
0
0
0
0
0
0
0
0
0
0
0
0
0
0
0
0
0
0
0
0
0
0
0
0
0
0
0
0
0
0
0
0
0
0
0
0
0
0
0
0
0
0
0
0
0
0
0
0
0
0
0
0
0
0
0
0
0
0
0
0
0
0
0
0
0
0
0
0
0
0
0
0
0
0
0
0
0
0
0
0
0
0
0
0
0
0
0
0
0
0
0
0
0
0
0
0
0
0
0
0
0
0
0
0
0
0
0
0
0
0
0
0
0
0
0
0
0
0
0
0
0
0
0
0
0
0
0
0
0
0
0
0
0
0
0
0
0
0
0
0
0
0
0
0
0
0
0
0
0
0
0
0
0
0
0
0
0
0
0
0
0
0
0
0
0
0
0
0
0
0
0
0
0
0
0
0
0
0
0
0
0
0
0
0
0
0
0
0
0
0
0
0
0
0
0
0
0
0
0
0
0
0
0
0
0
0
0
0
0
0
0
0
0
0
0
0
0
0
0
0
0
0
0
0
0
0
0
0
0
0
0
0
0
0
0
0
0
0
0
0
0
0
0
0
0
0
0
0
0
0
0
0
0
0
0
0
0
0
0
0
0
0
0
0
0
0
0
0
0
0
0
0
0
0
0
0
0
0
0
0
0
0
0
0
0
0
0
0
0
0
0
0
0
0
0
0
0
0
0
0
0
0
0
0
0
0
0
0
0
0
0
0
0
0
0
0
0
0
0
0
0
0
0
0
0
0
0
0
0
0
0
0
0
0
0
0
0
0
0
0
0
0
0
0
0
0
0
0
0
0
0
0
0
0
0
0
0
0
0
0
0
0
0
0
0
0
0
0
0
0
0
0
0
0
0
0
0
0
0
0
0
0
0
0
0
0
0
0
0
0
0
0
0
0
0
0
0
0
0
0
0
0
0
0
0
0
0
0
0
0
0
0
0
0
0
0
0
0
0
0
0
0
0
0
0
0
0
0
0
0
0
0
0
0
0
0
0
0
0
0
0
0
0
0
0
0
0
0
0
0
0
0
0
0
0
0
0
0
0
0
0
0
0
0
0
0
0
0
0
0
0
0
0
0
0
0
0
0
0
0
0
0
0
0
0
0
0
0
0
0
0
0
0
0
0
0
0
0
0
0
0
0
0
0
0
0
0
0
0
0
0
0
0
0
0
0
0
0
0
0
0
0
0
0
0
0
0
0
0
0
0
0
0
0
0
0
0
0
0
0
0
0
0
0
0
0
0
0
0
0
0
0
0
0
0
0
0
0
0
0
0
0
0
0
0
0
0
0
0
0
0
0
0
0
0
0
0
0
0
0
0
0
0
0
0
0
0
0
0
0
0
0
0
0
0
0
0
0
0
0
0
0
0
0
0
0
0
0
0
0
0
0
0
0
0
0
0
0
0
0
0
0
0
0
0
0
0
0
0
0
0
0
0
0
0
0
0
0
0
0
0
0
0
0
0
0
0
0
0
0
0
0
0
0
0
0
0
0
0
0
0
0
0
0
0
0
0
0
0
0
0
0
0
0
0
0
0
0
0
0
0
0
0
0
0
0
0
0
0
0
0
0
0
0
0
0
0
0
0
0
0
0
0
0
0
0
0
0
0
0
0
0
0
0
0
0
0
0
0
0
0
0
0
0
0
0
0
0
0
0
0
0
0
0
0
0
0
0
0
0
0
0
0
0
0
0
0
0
0
0
0
0
0
0
0
0
0
0
0
0
0
0
0
0
0
0
0
0
0
0
0
0
0
0
0
0
0
0
0
0
0
0
0
0
0
0
0
0
0
0
0
0
0
0
0
0
0
0
0
0
0
0
0
0
0
0
0
0
0
0
0
0
0
0
0
0
0
0
0
0
0
0
0
0
0
0
0
0
0
0
0
0
0
0
0
0
0
0
0
0
0
0
0
0
0
0
0
0
0
0
0
0
0
0
0
0
0
0
0
0
0
0
0
0
0
0
0
0
0
0
0
0
0
0
0
0
0
0
0
0
0
0
0
0
0
0
0
0
0
0
0
0
0
0
0
0
0
0
0
0
0
0
0
0
0
0
0
0
0
0
0
0
0
0
0
0
0
0
0
0
0
0
0
0
0
0
0
0
0
0
0
0
0
0
0
0
0
0
0
0
0
0
0
0
0
0
0
0
0
0
0
0
0
0
0
0
0
0
0
0
0
0
0
0
0
0
0
0
0
0
0
0
0
0
0
0
0
0
0
0
0
0
0
0
0
0
0
0
0
0
0
0
0
0
0
0
0
0
0
0
0
0
0
0
0
0
0
0
0
0
0
0
0
0
0
0
0
0
0
0
0
0
0
0
0
0
0
0
0
0
0
0
0
0
0
0
0
0
0
0
0
0
0
0
0
0
0
0
0
0
0
0
0
0
0
0
0
0
0
0
0
0
0
0
0
0
0
0
0
0
0
0
0
0
0
0
0
0
0
0
0
0
0
0
0
0
0
0
0
0
0
0
0
0
0
0
0
0
0
0
0
0
0
0
0
0
0
0
0
0
0
0
0
0
0
0
0
0
0
0
0
0
0
0
0
0
0
0
0
0
0
0
0
0
0
0
0
0
0
0
0
0
0
0
0
0
0
0
0
0
0
0
0
0
0
0
0
0
0
0
0
0
0
0
0
0
0
0
0
0
0
0
0
0
0
0
0
0
0
0
0
0
0
0
0
0
0
0
0
0
0
0
0
0
0
0
0
0
0
0
0
0
0
0
0
0
0
0
0
0
0
0
0
0
0
0
0
0
0
0
0
0
0
0
0
0
0
0
0
0
0
0
0
0
0
0
0
0
0
0
0
0
0
0
0
0
0
0
0
0
0
0
0
0
0
0
0
0
0
0
0
0
0
0
0
0
0
0
0
0
0
0
0
0
0
0
0
0
0
0
0
0
0
0
0
0
0
0
0
0
0
0
0
0
0
0
0
0
0
0
0
0
0
0
0
0
0
0
0
0
0
0
0
0
0
0
0
0
0
0
0
0
0
0
0
0
0
0
0
0
0
0
0
0
0
0
0
0
0
0
0
0
0
0
0
0
0
0
0
0
0
0
0
0
0
0
0
0
0
0
0
0
0
0
0
0
0
0
0
0
0
0
0
0
0
0
0
0
0
0
0
0
0
0
0
0
0
0
0
0
0
0
0
0
0
0
0
0
0
0
0
0
0
0
0
0
0
0
0
0
0
0
0
0
0
0
0
0
0
0
0
0
0
0
0
0
0
0
0
0
0
0
0
0
0
0
0
0
0
0
0
0
0
0
0
0
0
0
0
0
0
0
0
0
0
0
0
0
0
0
0
0
0
0
0
0
0
0
0
0
0
0
0
0
0
0
0
0
0
0
0
0
0
0
0
0
0
0
0
0
0
0
0
0
0
0
0
0
0
0
0
0
0
0
0
0
0
0
0
0
0
0
0
0
0
0
0
0
0
0
0
0
0
0
0
0
0
0
0
0
0
0
0
0
0
0
0
0
0
0
0
0
0
0
0
0
0
0
0
0
0
0
0
0
0
0
0
0
0
0
0
0
0
0
0
0
0
0
0
0
0
0
0
0
0
0
0
0
0
0
0
0
0
0
0
0
0
0
0
0
0
0
0
0
0
0
0
0
0
0
0
0
0
0
0
0
0
0
0
0
0
0
0
0
0
0
0
0
0
0
0
0
0
0
0
0
0
0
0
0
0
0
0
0
0
0
0
0
0
0
0
0
0
0
0
0
0
0
0
0
0
0
0
0
0
0
0
0
0
0
0
0
0
0
0
0
0
0
0
0
0
0
0
0
0
0
0
0
0
0
0
0
0
0
0
0
0
0
0
0
0
0
0
0
0
0
0
0
0
0
0
0
0
0
0
0
0
0
0
0
0
0
0
0
0
0
0
0
0
0
0
0
0
0
0
0
0
0
0
0
0
0
0
0
0
0
0
0
0
0
0
0
0
0
0
0
0
0
0
0
0
0
0
0
0
0
0
0
0
0
0
0
0
0
0
0
0
0
0
0
0
0
0
0
0
0
0
0
0
0
0
0
0
0
0
0
0
0
0
0
0
0
0
0
0
0
0
0
0
0
0
0
0
0
0
0
0
0
0
0
0
0
0
0
0
0
0
0
0
0
0
0
0
0
0
0
0
0
0
0
0
0
0
0
0
0
0
0
0
0
0
0
0
0
0
0
0
0
0
0
0
0
0
0
0
0
0
0
0
0
0
0
0
0
0
0
0
0
0
0
0
0
0
0
0
0
0
0
0
0
0
0
0
0
0
0
0
0
0
0
0
0
0
0
0
0
0
0
0
0
0
0
0
0
0
0
0
0
0
0
0
0
0
0
0
0
0
0
0
0
0
0
0
0
0
0
0
0
0
0
0
0
0
0
0
0
0
0
0
0
0
0
0
0
0
0
0
0
0
0
0
0
0
0
0
0
0
0
0
0
0
0
0
0
0
0
0
0
0
0
0
0
0
0
0
0
0
0
0
0
0
0
0
0
0
0
0
0
0
0
0
0
0
0
0
0
0
0
0
0
0
0
0
0
0
0
0
0
0
0
0
0
0
0
0
0
0
0
0
0
0
0
0
0
0
0
0
0
0
0
0
0
0
0
0
0
0
0
0
0
0
0
0
0
0
0
0
0
0
0
0
0
0
0
0
0
0
0
0
0
0
0
0
0
0
0
0
0
0
0
0
0
0
0
0
0
0
0
0
0
0
0
0
0
0
0
0
0
0
0
0
0
0
0
0
0
0
0
0
0
0
0
0
0
0
0
0
0
0
0
0
0
0
0
0
0
0
0
0
0
0
0
0
0
0
0
0
0
0
0
0
0
0
0
0
0
0
0
0
0
0
0
0
0
0
0
0
0
0
0
0
0
0
0
0
0
0
0
0
0
0
0
0
0
0
0
0
0
0
0
0
0
0
0
0
0
0
0
0
0
0
0
0
0
0
0
0
0
0
0
0
0
0
0
0
0
0
0
0
0
0
0
0
0
0
0
0
0
0
0
0
0
0
0
0
0
0
0
0
0
0
0
0
0
0
0
0
0
0
0
0
0
0
0
0
0
0
0
0
0
0
0
0
0
0
0
0
0
0
0
0
0
0
0
0
0
0
0
0
0
0
0
0
0
0
0
0
0
0
0
0
0
0
0
0
0
0
0
0
0
0
0
0
0
0
0
0
0
0
0
0
0
0
0
0
0
0
0
0
0
0
0
0
0
0
0
0
0
0
0
0
0
0
0
0
0
0
0
0
0
0
0
0
0
0
0
0
0
0
0
0
0
0
0
0
0
0
0
0
0
0
0
0
0
0
0
0
0
0
0
0
0
0
0
0
0
0
0
0
0
0
0
0
0
0
0
0
0
0
0
0
0
0
0
0
0
0
0
0
0
0
0
0
0
0
0
0
0
0
0
0
0
0
0
0
0
0
0
0
0
0
0
0
0
0
0
0
0
0
0
0
0
0
0
0
0
0
0
0
0
0
0
0
0
0
0
0
0
0
0
0
0
0
0
0
0
0
0
0
0
0
0
0
0
0
0
0
0
0
0
0
0
0
0
0
0
0
0
0
0
0
0
0
0
0
0
0
0
0
0
0
0
0
0
0
0
0
0
0
0
0
0
0
0
0
0
0
0
0
0
0
0
0
0
0
0
0
0
0
0
0
0
0
0
0
0
0
0
0
0
0
0
0
0
0
0
0
0
0
0
0
0
0
0
0
0
0
0
0
0
0
0
0
0
0
0
0
0
0
0
0
0
0
0
0
0
0
0
0
0
0
0
0
0
0
0
0
0
0
0
0
0
0
0
0
0
0
0
0
0
0
0
0
0
0
0
0
0
0
0
0
0
0
0
0
0
0
0
0
0
0
0
0
0
0
0
0
0
0
0
0
0
0
0
0
0
0
0
0
0
0
0
0
0
0
0
0
0
0
0
0
0
0
0
0
0
0
0
0
0
0
0
0
0
0
0
0
0
0
0
0
0
0
0
0
0
0
0
0
0
0
0
0
0
0
0
0
0
0
0
0
0
0
0
0
0
0
0
0
0
0
0
0
0
0
0
0
0
0
0
0
0
0
0
0
0
0
0
0
0
0
0
0
0
0
0
0
0
0
0
0
0
0
0
0
0
0
0
0
0
0
0
0
0
0
0
0
0
0
0
0
0
0
0
0
0
0
0
0
0
0
0
0
0
0
0
0
0
0
0
0
0
0
0
0
0
0
0
0
0
0
0
0
0
0
0
0
0
0
0
0
0
0
0
0
0
0
0
0
0
0
0
0
0
0
0
0
0
0
0
0
0
0
0
0
0
0
0
0
0
0
0
0
0
0
0
0
0
0
0
0
0
0
0
0
0
0
0
0
0
0
0
0
0
0
0
0
0
0
0
0
0
0
0
0
0
0
0
0
0
0
0
0
0
0
0
0
0
0
0
0
0
0
0
0
0
0
0
0
0
0
0
0
0
0
0
0
0
0
0
0
0
0
0
0
0
0
0
0
0
0
0
0
0
0
0
0
0
0
0
0
0
0
0
0
0
0
0
0
0
0
0
0
0
0
0
0
0
0
0
0
0
0
0
0
0
0
0
0
0
0
0
0
0
0
0
0
0
0
0
0
0
0
0
0
0
0
0
0
0
0
0
0
0
0
0
0
0
0
0
0
0
0
0
0
0
0
0
0
0
0
0
0
0
0
0
0
0
0
0
0
0
0
0
0
0
0
0
0
0
0
0
0
0
0
0
0
0
0
0
0
0
0
0
0
0
0
0
0
0
0
0
0
0
0
0
0
0
0
0
0
0
0
0
0
0
0
0
0
0
0
0
0
0
0
0
0
0
0
0
0
0
0
0
0
0
0
0
0
0
0
0
0
0
0
0
0
0
0
0
0
0
0
0
0
0
0
0
0
0
0
0
0
0
0
0
0
0
0
0
0
0
0
0
0
0
0
0
0
0
0
0
0
0
0
0
0
0
0
0
0
0
0
0
0
0
0
0
0
0
0
0
0
0
0
0
0
0
0
0
0
0
0
0
0
0
0
0
0
0
0
0
0
0
0
0
0
0
0
0
0
0
0
0
0
0
0
0
0
0
0
0
0
0
0
0
0
0
0
0
0
0
0
0
0
0
0
0
0
0
0
0
0
0
0
0
0
0
0
0
0
0
0
0
0
0
0
0
0
0
0
0
0
0
0
0
0
0
0
0
0
0
0
0
0
0
0
0
0
0
0
0
0
0
0
0
0
0
0
0
0
0
0
0
0
0
0
0
0
0
0
0
0
0
0
0
0
0
0
0
0
0
0
0
0
0
0
0
0
0
0
0
0
0
0
0
0
0
0
0
0
0
0
0
0
0
0
0
0
0
0
0
0
0
0
0
0
0
0
0
0
0
0
0
0
0
0
0
0
0
0
0
0
0
0
0
0
0
0
0
0
0
0
0
0
0
0
0
0
0
0
0
0
0
0
0
0
0
0
0
0
0
0
0
0
0
0
0
0
0
0
0
0
0
0
0
0
0
0
0
0
0
0
0
0
0
0
0
0
0
0
0
0
0
0
0
0
0
0
0
0
0
0
0
0
0
0
0
0
0
0
0
0
0
0
0
0
0
0
0
0
0
0
0
0
0
0
0
0
0
0
0
0
0
0
0
0
0
0
0
0
0
0
0
0
0
0
0
0
0
0
0
0
0
0
0
0
0
0
0
0
0
0
0
0
0
0
0
0
0
0
0
0
0
0
0
0
0
0
0
0
0
0
0
0
0
0
0
0
0
0
0
0
0
0
0
0
0
0
0
0
0
0
0
0
0
0
0
0
0
0
0
0
0
0
0
0
0
0
0
0
0
0
0
0
0
0
0
0
0
0
0
0
0
0
0
0
0
0
0
0
0
0
0
0
0
0
0
0
0
0
0
0
0
0
0
0
0
0
0
0
0
0
0
0
0
0
0
0
0
0
0
0
0
0
0
0
0
0
0
0
0
0
0
0
0
0
0
0
0
0
0
0
0
0
0
0
0
0
0
0
0
0
0
0
0
0
0
0
0
0
0
0
0
0
0
0
0
0
0
0
0
0
0
0
0
0
0
0
0
0
0
0
0
0
0
0
0
0
0
0
0
0
0
0
0
0
0
0
0
0
0
0
0
0
0
0
0
0
0
0
0
0
0
0
0
0
0
0
0
0
0
0
0
0
0
0
0
0
0
0
0
0
0
0
0
0
0
0
0
0
0
0
0
0
0
0
0
0
0
0
0
0
0
0
0
0
0
0
0
0
0
0
0
0
0
0
0
0
0
0
0
0
0
0
0
0
0
0
0
0
0
0
0
0
0
0
0
0
0
0
0
0
0
0
0
0
0
0
0
0
0
0
0
0
0
0
0
0
0
0
0
0
0
0
0
0
0
0
0
0
0
0
0
0
0
0
0
0
0
0
0
0
0
0
0
0
0
0
0
0
0
0
0
0
0
0
0
0
0
0
0
0
0
0
0
0
0
0
0
0
0
0
0
0
0
0
0
0
0
0
0
0
0
0
0
0
0
0
0
0
0
0
0
0
0
0
0
0
0
0
0
0
0
0
0
0
0
0
0
0
0
0
0
0
0
0
0
0
0
0
0
0
0
0
0
0
0
0
0
0
0
0
0
0
0
0
0
0
0
0
0
0
0
0
0
0
0
0
0
0
0
0
0
0
0
0
0
0
0
0
0
0
0
0
0
0
0
0
0
0
0
0
0
0
0
0
0
0
0
0
0
0
0
0
0
0
0
0
0
0
0
0
0
0
0
0
0
0
0
0
0
0
0
0
0
0
0
0
0
0
0
0
0
0
0
0
0
0
0
0
0
0
0
0
0
0
0
0
0
0
0
0
0
0
0
0
0
0
0
0
0
0
0
0
0
0
0
0
0
0
0
0
0
0
0
0
0
0
0
0
0
0
0
0
0
0
0
0
0
0
0
0
0
0
0
0
0
0
0
0
0
0
0
0
0
0
0
0
0
0
0
0
0
0
0
0
0
0
0
0
0
0
0
0
0
0
0
0
0
0
0
0
0
0
0
0
0
0
0
0
0
0
0
0
0
0
0
0
0
0
0
0
0
0
0
0
0
0
0
0
0
0
0
0
0
0
0
0
0
0
0
0
0
0
0
0
0
0
0
0
0
0
0
0
0
0
0
0
0
0
0
0
0
0
0
0
0
0
0
0
0
0
0
0
0
0
0
0
0
0
0
0
0
0
0
0
0
0
0
0
0
0
0
0
0
0
0
0
0
0
0
0
0
0
0
0
0
0
0
0
0
0
0
0
0
0
0
0
0
0
0
0
0
0
0
0
0
0
0
0
0
0
0
0
0
0
0
0
0
0
0
0
0
0
0
0
0
0
0
0
0
0
0
0
0
0
0
0
0
0
0
0
0
0
0
0
0
0
0
0
0
0
0
0
0
0
0
0
0
0
0
0
0
0
0
0
0
0
0
0
0
0
0
0
0
0
0
0
0
0
0
0
0
0
0
0
0
0
0
0
0
0
0
0
0
0
0
0
0
0
0
0
0
0
0
0
0
0
0
0
0
0
0
0
0
0
0
0
0
0
0
0
0
0
0
0
0
0
0
0
0
0
0
0
0
0
0
0
0
0
0
0
0
0
0
0
0
0
0
0
0
0
0
0
0
0
0
0
0
0
0
0
0
0
0
0
0
0
0
0
0
0
0
0
0
0
0
0
0
0
0
0
0
0
0
0
0
0
0
0
0
0
0
0
0
0
0
0
0
0
0
0
0
0
0
0
0
0
0
0
0
0
0
0
0
0
0
0
0
0
0
0
0
0
0
0
0
0
0
0
0
0
0
0
0
0
0
0
0
0
0
0
0
0
0
0
0
0
0
0
0
0
0
0
0
0
0
0
0
0
0
0
0
0
0
0
0
0
0
0
0
0
0
0
0
0
0
0
0
0
0
0
0
0
0
0
0
0
0
0
0
0
0
0
0
0
0
0
0
0
0
0
0
0
0
0
0
0
0
0
0
0
0
0
0
0
0
0
0
0
0
0
0
0
0
0
0
0
0
0
0
0
0
0
0
0
0
0
0
0
0
0
0
0
0
0
0
0
0
0
0
0
0
0
0
0
0
0
0
0
0
0
0
0
0
0
0
0
0
0
0
0
0
0
0
0
0
0
0
0
0
0
0
0
0
0
0
0
0
0
0
0
0
0
0
0
0
0
0
0
0
0
0
0
0
0
0
0
0
0
0
0
0
0
0
0
0
0
0
0
0
0
0
0
0
0
0
0
0
0
0
0
0
0
0
0
0
0
0
0
0
0
0
0
0
0
0
0
0
0
0
0
0
0
0
0
0
0
0
0
0
0
0
0
0
0
0
0
0
0
0
0
0
0
0
0
0
0
0
0
0
0
0
0
0
0
0
0
0
0
0
0
0
0
0
0
0
0
0
0
0
0
0
0
0
0
0
0
0
0
0
0
0
0
0
0
0
0
0
0
0
0
0
0
0
0
0
0
0
0
0
0
0
0
0
0
0
0
0
0
0
0
0
0
0
0
0
0
0
0
0
0
0
0
0
0
0
0
0
0
0
0
0
0
0
0
0
0
0
0
0
0
0
0
0
0
0
0
0
0
0
0
0
0
0
0
0
0
0
0
0
0
0
0
0
0
0
0
0
0
0
0
0
0
0
0
0
0
0
0
0
0
0
0
0
0
0
0
0
0
0
0
0
0
0
0
0
0
0
0
0
0
0
0
0
0
0
0
0
0
0
0
0
0
0
0
0
0
0
0
0
0
0
0
0
0
0
0
0
0
0
0
0
0
0
0
0
0
0
0
0
0
0
0
0
0
0
0
0
0
0
0
0
0
0
0
0
0
0
0
0
0
0
0
0
0
0
0
0
0
0
0
0
0
0
0
0
0
0
0
0
0
0
0
0
0
0
0
0
0
0
0
0
0
0
0
0
0
0
0
0
0
0
0
0
0
0
0
0
0
0
0
0
0
0
0
0
0
0
0
0
0
0
0
0
0
0
0
0
0
0
0
0
0
0
0
0
0
0
0
0
0
0
0
0
0
0
0
0
0
0
0
0
0
0
0
0
0
0
0
0
0
0
0
0
0
0
0
0
0
0
0
0
0
0
0
0
0
0
0
0
0
0
0
0
0
0
0
0
0
0
0
0
0
0
0
0
0
0
0
0
0
0
0
0
0
0
0
0
0
0
0
0
0
0
0
0
0
0
0
0
0
0
0
0
0
0
0
0
0
0
0
0
0
0
0
0
0
0
0
0
0
0
0
0
0
0
0
0
0
0
0
0
0
0
0
0
0
0
0
0
0
0
0
0
0
0
0
0
0
0
0
0
0
0
0
0
0
0
0
0
0
0
0
0
0
0
0
0
0
0
0
0
0
0
0
0
0
0
0
0
0
0
0
0
0
0
0
0
0
0
0
0
0
0
0
0
0
0
0
0
0
0
0
0
0
0
0
0
0
0
0
0
0
0
0
0
0
0
0
0
0
0
0
0
0
0
0
0
0
0
0
0
0
0
0
0
0
0
0
0
0
0
0
0
0
0
0
0
0
0
0
0
0
0
0
0
0
0
0
0
0
0
0
0
0
0
0
0
0
0
0
0
0
0
0
0
0
0
0
0
0
0
0
0
0
0
0
0
0
0
0
0
0
0
0
0
0
0
0
0
0
0
0
0
0
0
0
0
0
0
0
0
0
0
0
0
0
0
0
0
0
0
0
0
0
0
0
0
0
0
0
0
0
0
0
0
0
0
0
0
0
0
0
0
0
0
0
0
0
0
0
0
0
0
0
0
0
0
0
0
0
0
0
0
0
0
0
0
0
0
0
0
0
0
0
0
0
0
0
0
0
0
0
0
0
0
0
0
0
0
0
0
0
0
0
0
0
0
0
0
0
0
0
0
0
0
0
0
0
0
0
0
0
0
0
0
0
0
0
0
0
0
0
0
0
0
0
0
0
0
0
0
0
0
0
0
0
0
0
0
0
0
0
0
0
0
0
0
0
0
0
0
0
0
0
0
0
0
0
0
0
0
0
0
0
0
0
0
0
0
0
0
0
0
0
0
0
0
0
0
0
0
0
0
0
0
0
0
0
0
0
0
0
0
0
0
0
0
0
0
0
0
0
0
0
0
0
0
0
0
0
0
0
0
0
0
0
0
0
0
0
0
0
0
0
0
0
0
0
0
0
0
0
0
0
0
0
0
0
0
0
0
0
0
0
0
0
0
0
0
0
0
0
0
0
0
0
0
0
0
0
0
0
0
0
0
0
0
0
0
0
0
0
0
0
0
0
0
0
0
0
0
0
0
0
0
0
0
0
0
0
0
0
0
0
0
0
0
0
0
0
0
0
0
0
0
0
0
0
0
0
0
0
0
0
0
0
0
0
0
0
0
0
0
0
0
0
0
0
0
0
0
0
0
0
0
0
0
0
0
0
0
0
0
0
0
0
0
0
0
0
0
0
0
0
0
0
0
0
0
0
0
0
0
0
0
0
0
0
0
0
0
0
0
0
0
0
0
0
0
0
0
0
0
0
0
0
0
0
0
0
0
0
0
0
0
0
0
0
0
0
0
0
0
0
0
0
0
0
0
0
0
0
0
0
0
0
0
0
0
0
0
0
0
0
0
0
0
0
0
0
0
0
0
0
0
0
0
0
0
0
0
0
0
0
0
0
0
0
0
0
0
0
0
0
0
0
0
0
0
0
0
0
0
0
0
0
0
0
0
0
0
0
0
0
0
0
0
0
0
0
0
0
0
0
0
0
0
0
0
0
0
0
0
0
0
0
0
0
0
0
0
0
0
0
0
0
0
0
0
0
0
0
0
0
0
0
0
0
0
0
0
0
0
0
0
0
0
0
0
0
0
0
0
0
0
0
0
0
0
0
0
0
0
0
0
0
0
0
0
0
0
0
0
0
0
0
0
0
0
0
0
0
0
0
0
0
0
0
0
0
0
0
0
0
0
0
0
0
0
0
0
0
0
0
0
0
0
0
0
0
0
0
0
0
0
0
0
0
0
0
0
0
0
0
0
0
0
0
0
0
0
0
0
0
0
0
0
0
0
0
0
0
0
0
0
0
0
0
0
0
0
0
0
0
0
0
0
0
0
0
0
0
0
0
0
0
0
0
0
0
0
0
0
0
0
0
0
0
0
0
0
0
0
0
0
0
0
0
0
0
0
0
0
0
0
0
0
0
0
0
0
0
0
0
0
0
0
0
0
0
0
0
0
0
0
0
0
0
0
0
0
0
0
0
0
0
0
0
0
0
0
0
0
0
0
0
0
0
0
0
0
0
0
0
0
0
0
0
0
0
0
0
0
0
0
0
0
0
0
0
0
0
0
0
0
0
0
0
0
0
0
0
0
0
0
0
0
0
0
0
0
0
0
0
0
0
0
0
0
0
0
0
0
0
0
0
0
0
0
0
0
0
0
0
0
0
0
0
0
0
0
0
0
0
0
0
0
0
0
0
0
0
0
0
0
0
0
0
0
0
0
0
0
0
0
0
0
0
0
0
0
0
0
0
0
0
0
0
0
0
0
0
0
0
0
0
0
0
0
0
0
0
0
0
0
0
0
0
0
0
0
0
0
0
0
0
0
0
0
0
0
0
0
0
0
0
0
0
0
0
0
0
0
0
0
0
0
0
0
0
0
0
0
0
0
0
0
0
0
0
0
0
0
0
0
0
0
0
0
0
0
0
0
0
0
0
0
0
0
0
0
0
0
0
0
0
0
0
0
0
0
0
0
0
0
0
0
0
0
0
0
0
0
0
0
0
0
0
0
0
0
0
0
0
0
0
0
0
0
0
0
0
0
0
0
0
0
0
0
0
0
0
0
0
0
0
0
0
0
0
0
0
0
0
0
0
0
0
0
0
0
0
0
0
0
0
0
0
0
0
0
0
0
0
0
0
0
0
0
0
0
0
0
0
0
0
0
0
0
0
0
0
0
0
0
0
0
0
0
0
0
0
0
0
0
0
0
0
0
0
0
0
0
0
0
0
0
0
0
0
0
0
0
0
0
0
0
0
0
0
0
0
0
0
0
0
0
0
0
0
0
0
0
0
0
0
0
0
0
0
0
0
0
0
0
0
0
0
0
0
0
0
0
0
0
0
0
0
0
0
0
0
0
0
0
0
0
0
0
0
0
0
0
0
0
0
0
0
0
0
0
0
0
0
0
0
0
0
0
0
0
0
0
0
0
0
0
0
0
0
0
0
0
0
0
0
0
0
0
0
0
0
0
0
0
0
0
0
0
0
0
0
0
0
0
0
0
0
0
0
0
0
0
0
0
0
0
0
0
0
0
0
0
0
0
0
0
0
0
0
0
0
0
0
0
0
0
0
0
0
0
0
0
0
0
0
0
0
0
0
0
0
0
0
0
0
0
0
0
0
0
0
0
0
0
0
0
0
0
0
0
0
0
0
0
0
0
0
0
0
0
0
0
0
0
0
0
0
0
0
0
0
0
0
0
0
0
0
0
0
0
0
0
0
0
0
0
0
0
0
0
0
0
0
0
0
0
0
0
0
0
0
0
0
0
0
0
0
0
0
0
0
0
0
0
0
0
0
0
0
0
0
0
0
0
0
0
0
0
0
0
0
0
0
0
0
0
0
0
0
0
0
0
0
0
0
0
0
0
0
0
0
0
0
0
0
0
0
0
0
0
0
0
0
0
0
0
0
0
0
0
0
0
0
0
0
0
0
0
0
0
0
0
0
0
0
0
0
0
0
0
0
0
0
0
0
0
0
0
0
0
0
0
0
0
0
0
0
0
0
0
0
0
0
0
0
0
0
0
0
0
0
0
0
0
0
0
0
0
0
0
0
0
0
0
0
0
0
0
0
0
0
0
0
0
0
0
0
0
0
0
0
0
0
0
0
0
0
0
0
0
0
0
0
0
0
0
0
0
0
0
0
0
0
0
0
0
0
0
0
0
0
0
0
0
0
0
0
0
0
0
0
0
0
0
0
0
0
0
0
0
0
0
0
0
0
0
0
0
0
0
0
0
0
0
0
0
0
0
0
0
0
0
0
0
0
0
0
0
0
0
0
0
0
0
0
0
0
0
0
0
0
0
0
0
0
0
0
0
0
0
0
0
0
0
0
0
0
0
0
0
0
0
0
0
0
0
0
0
0
0
0
0
0
0
0
0
0
0
0
0
0
0
0
0
0
0
0
0
0
0
0
0
0
0
0
0
0
0
0
0
0
0
0
0
0
0
0
0
0
0
0
0
0
0
0
0
0
0
0
0
0
0
0
0
0
0
0
0
0
0
0
0
0
0
0
0
0
0
0
0
0
0
0
0
0
0
0
0
0
0
0
0
0
0
0
0
0
0
0
0
0
0
0
0
0
0
0
0
0
0
0
0
0
0
0
0
0
0
0
0
0
0
0
0
0
0
0
0
0
0
0
0
0
0
0
0
0
0
0
0
0
0
0
0
0
0
0
0
0
0
0
0
0
0
0
0
0
0
0
0
0
0
0
0
0
0
0
0
0
0
0
0
0
0
0
0
0
0
0
0
0
0
0
0
0
0
0
0
0
0
0
0
0
0
0
0
0
0
0
0
0
0
0
0
0
0
0
0
0
0
0
0
0
0
0
0
0
0
0
0
0
0
0
0
0
0
0
0
0
0
0
0
0
0
0
0
0
0
0
0
0
0
0
0
0
0
0
0
0
0
0
0
0
0
0
0
0
0
0
0
0
0
0
0
0
0
0
0
0
0
0
0
0
0
0
0
0
0
0
0
0
0
0
0
0
0
0
0
0
0
0
0
0
0
0
0
0
0
0
0
0
0
0
0
0
0
0
0
0
0
0
0
0
0
0
0
0
0
0
0
0
0
0
0
0
0
0
0
0
0
0
0
0
0
0
0
0
0
0
0
0
0
0
0
0
0
0
0
0
0
0
0
0
0
0
0
0
0
0
0
0
0
0
0
0
0
0
0
0
0
0
0
0
0
0
0
0
0
0
0
0
0
0
0
0
0
0
0
0
0
0
0
0
0
0
0
0
0
0
0
0
0
0
0
0
0
0
0
0
0
0
0
0
0
0
0
0
0
0
0
0
0
0
0
0
0
0
0
0
0
0
0
0
0
0
0
0
0
0
0
0
0
0
0
0
0
0
0
0
0
0
0
0
0
0
0
0
0
0
0
0
0
0
0
0
0
0
0
0
0
0
0
0
0
0
0
0
0
0
0
0
0
0
0
0
0
0
0
0
0
0
0
0
0
0
0
0
0
0
0
0
0
0
0
0
0
0
0
0
0
0
0
0
0
0
0
0
0
0
0
0
0
0
0
0
0
0
0
0
0
0
0
0
0
0
0
0
0
0
0
0
0
0
0
0
0
0
0
0
0
0
0
0
0
0
0
0
0
0
0
0
0
0
0
0
0
0
0
0
0
0
0
0
0
0
0
0
0
0
0
0
0
0
0
0
0
0
0
0
0
0
0
0
0
0
0
0
0
0
0
0
0
0
0
0
0
0
0
0
0
0
0
0
0
0
0
0
0
0
0
0
0
0
0
0
0
0
0
0
0
0
0
0
0
0
0
0
0
0
0
0
0
0
0
0
0
0
0
0
0
0
0
0
0
0
0
0
0
0
0
0
0
0
0
0
0
0
0
0
0
0
0
0
0
0
0
0
0
0
0
0
0
0
0
0
0
0
0
0
0
0
0
0
0
0
0
0
0
0
0
0
0
0
0
0
0
0
0
0
0
0
0
0
0
0
0
0
0
0
0
0
0
0
0
0
0
0
0
0
0
0
0
0
0
0
0
0
0
0
0
0
0
0
0
0
0
0
0
0
0
0
0
0
0
0
0
0
0
0
0
0
0
0
0
0
0
0
0
0
0
0
0
0
0
0
0
0
0
0
0
0
0
0
0
0
0
0
0
0
0
0
0
0
0
0
0
0
0
0
0
0
0
0
0
0
0
0
0
0
0
0
0
0
0
0
0
0
0
0
0
0
0
0
0
0
0
0
0
0
0
0
0
0
0
0
0
0
0
0
0
0
0
0
0
0
0
0
0
0
0
0
0
0
0
0
0
0
0
0
0
0
0
0
0
0
0
0
0
0
0
0
0
0
0
0
0
0
0
0
0
0
0
0
0
0
0
0
0
0
0
0
0
0
0
0
0
0
0
0
0
0
0
0
0
0
0
0
0
0
0
0
0
0
0
0
0
0
0
0
0
0
0
0
0
0
0
0
0
0
0
0
0
0
0
0
0
0
0
0
0
0
0
0
0
0
0
0
0
0
0
0
0
0
0
0
0
0
0
0
0
0
0
0
0
0
0
0
0
0
0
0
0
0
0
0
0
0
0
0
0
0
0
0
0
0
0
0
0
0
0
0
0
0
0
0
0
0
0
0
0
0
0
0
0
0
0
0
0
0
0
0
0
0
0
0
0
0
0
0
0
0
0
0
0
0
0
0
0
0
0
0
0
0
0
0
0
0
0
0
0
0
0
0
0
0
0
0
0
0
0
0
0
0
0
0
0
0
0
0
0
0
0
0
0
0
0
0
0
0
0
0
0
0
0
0
0
0
0
0
0
0
0
0
0
0
0
0
0
0
0
0
0
0
0
0
0
0
0
0
0
0
0
0
0
0
0
0
0
0
0
0
0
0
0
0
0
0
0
0
0
0
0
0
0
0
0
0
0
0
0
0
0
0
0
0
0
0
0
0
0
0
0
0
0
0
0
0
0
0
0
0
0
0
0
0
0
0
0
0
0
0
0
0
0
0
0
0
0
0
0
0
0
0
0
0
0
0
0
0
0
0
0
0
0
0
0
0
0
0
0
0
0
0
0
0
0
0
0
0
0
0
0
0
0
0
0
0
0
0
0
0
0
0
0
0
0
0
0
0
0
0
0
0
0
0
0
0
0
0
0
0
0
0
0
0
0
0
0
0
0
0
0
0
0
0
0
0
0
0
0
0
0
0
0
0
0
0
0
0
0
0
0
0
0
0
0
0
0
0
0
0
0
0
0
0
0
0
0
0
0
0
0
0
0
0
0
0
0
0
0
0
0
0
0
0
0
0
0
0
0
0
0
0
0
0
0
0
0
0
0
0
0
0
0
0
0
0
0
0
0
0
0
0
0
0
0
0
0
0
0
0
0
0
0
0
0
0
0
0
0
0
0
0
0
0
0
0
0
0
0
0
0
0
0
0
0
0
0
0
0
0
0
0
0
0
0
0
0
0
0
0
0
0
0
0
0
0
0
0
0
0
0
0
0
0
0
0
0
0
0
0
0
0
0
0
0
0
0
0
0
0
0
0
0
0
0
0
0
0
0
0
0
0
0
0
0
0
0
0
0
0
0
0
0
0
0
0
0
0
0
0
0
0
0
0
0
0
0
0
0
0
0
0
0
0
0
0
0
0
0
0
0
0
0
0
0
0
0
0
0
0
0
0
0
0
0
0
0
0
0
0
0
0
0
0
0
0
0
0
0
0
0
0
0
0
0
0
0
0
0
0
0
0
0
0
0
0
0
0
0
0
0
0
0
0
0
0
0
0
0
0
0
0
0
0
0
0
0
0
0
0
0
0
0
0
0
0
0
0
0
0
0
0
0
0
0
0
0
0
0
0
0
0
0
0
0
0
0
0
0
0
0
0
0
0
0
0
0
0
0
0
0
0
0
0
0
0
0
0
0
0
0
0
0
0
0
0
0
0
0
0
0
0
0
0
0
0
0
0
0
0
0
0
0
0
0
0
0
0
0
0
0
0
0
0
0
0
0
0
0
0
0
0
0
0
0
0
0
0
0
0
0
0
0
0
0
0
0
0
0
0
0
0
0
0
0
0
0
0
0
0
0
0
0
0
0
0
0
0
0
0
0
0
0
0
0
0
0
0
0
0
0
0
0
0
0
0
0
0
0
0
0
0
0
0
0
0
0
0
0
0
0
0
0
0
0
0
0
0
0
0
0
0
0
0
0
0
0
0
0
0
0
0
0
0
0
0
0
0
0
0
0
0
0
0
0
0
0
0
0
0
0
0
0
0
0
0
0
0
0
0
0
0
0
0
0
0
0
0
0
0
0
0
0
0
0
0
0
0
0
0
0
0
0
0
0
0
0
0
0
0
0
0
0
0
0
0
0
0
0
0
0
0
0
0
0
0
0
0
0
0
0
0
0
0
0
0
0
0
0
0
0
0
0
0
0
0
0
0
0
0
0
0
0
0
0
0
0
0
0
0
0
0
0
0
0
0
0
0
0
0
0
0
0
0
0
0
0
0
0
0
0
0
0
0
0
0
0
0
0
0
0
0
0
0
0
0
0
0
0
0
0
0
0
0
0
0
0
0
0
0
0
0
0
0
0
0
0
0
0
0
0
0
0
0
0
0
0
0
0
0
0
0
0
0
0
0
0
0
0
0
0
0
0
0
0
0
0
0
0
0
0
0
0
0
0
0
0
0
0
0
0
0
0
0
0
0
0
0
0
0
0
0
0
0
0
0
0
0
0
0
0
0
0
0
0
0
0
0
0
0
0
0
0
0
0
0
0
0
0
0
0
0
0
0
0
0
0
0
0
0
0
0
0
0
0
0
0
0
0
0
0
0
0
0
0
0
0
0
0
0
0
0
0
0
0
0
0
0
0
0
0
0
0
0
0
0
0
0
0
0
0
0
0
0
0
0
0
0
0
0
0
0
0
0
0
0
0
0
0
0
0
0
0
0
0
0
0
0
0
0
0
0
0
0
0
0
0
0
0
0
0
0
0
0
0
0
0
0
0
0
0
0
0
0
0
0
0
0
0
0
0
0
0
0
0
0
0
0
0
0
0
0
0
0
0
0
0
0
0
0
0
0
0
0
0
0
0
0
0
0
0
0
0
0
0
0
0
0
0
0
0
0
0
0
0
0
0
0
0
0
0
0
0
0
0
0
0
0
0
0
0
0
0
0
0
0
0
0
0
0
0
0
0
0
0
0
0
0
0
0
0
0
0
0
0
0
0
0
0
0
0
0
0
0
0
0
0
0
0
0
0
0
0
0
0
0
0
0
0
0
0
0
0
0
0
0
0
0
0
0
0
0
0
0
0
0
0
0
0
0
0
0
0
0
0
0
0
0
0
0
0
0
0
0
0
0
0
0
0
0
0
0
0
0
0
0
0
0
0
0
0
0
0
0
0
0
0
0
0
0
0
0
0
0
0
0
0
0
0
0
0
0
0
0
0
0
0
0
0
0
0
0
0
0
0
0
0
0
0
0
0
0
0
0
0
0
0
0
0
0
0
0
0
0
0
0
0
0
0
0
0
0
0
0
0
0
0
0
0
0
0
0
0
0
0
0
0
0
0
0
0
0
0
0
0
0
0
0
0
0
0
0
0
0
0
0
0
0
0
0
0
0
0
0
0
0
0
0
0
0
0
0
0
0
0
0
0
0
0
0
0
0
0
0
0
0
0
0
0
0
0
0
0
0
0
0
0
0
0
0
0
0
0
0
0
0
0
0
0
0
0
0
0
0
0
0
0
0
0
0
0
0
0
0
0
0
0
0
0
0
0
0
0
0
0
0
0
0
0
0
0
0
0
0
0
0
0
0
0
0
0
0
0
0
0
0
0
0
0
0
0
0
0
0
0
0
0
0
0
0
0
0
0
0
0
0
0
0
0
0
0
0
0
0
0
0
0
0
0
0
0
0
0
0
0
0
0
0
0
0
0
0
0
0
0
0
0
0
0
0
0
0
0
0
0
0
0
0
0
0
0
0
0
0
0
0
0
0
0
0
0
0
0
0
0
0
0
0
0
0
0
0
0
0
0
0
0
0
0
0
0
0
0
0
0
0
0
0
0
0
0
0
0
0
0
0
0
0
0
0
0
0
0
0
0
0
0
0
0
0
0
0
0
0
0
0
0
0
0
0
0
0
0
0
0
0
0
0
0
0
0
0
0
0
0
0
0
0
0
0
0
0
0
0
0
0
0
0
0
0
0
0
0
0
0
0
0
0
0
0
0
0
0
0
0
0
0
0
0
0
0
0
0
0
0
0
0
0
0
0
0
0
0
0
0
0
0
0
0
0
0
0
0
0
0
0
0
0
0
0
0
0
0
0
0
0
0
0
0
0
0
0
0
0
0
0
0
0
0
0
0
0
0
0
0
0
0
0
0
0
0
0
0
0
0
0
0
0
0
0
0
0
0
0
0
0
0
0
0
0
0
0
0
0
0
0
0
0
0
0
0
0
0
0
0
0
0
0
0
0
0
0
0
0
0
0
0
0
0
0
0
0
0
0
0
0
0
0
0
0
0
0
0
0
0
0
0
0
0
0
0
0
0
0
0
0
0
0
0
0
0
0
0
0
0
0
0
0
0
0
0
0
0
0
0
0
0
0
0
0
0
0
0
0
0
0
0
0
0
0
0
0
0
0
0
0
0
0
0
0
0
0
0
0
0
0
0
0
0
0
0
0
0
0
0
0
0
0
0
0
0
0
0
0
0
0
0
0
0
0
0
0
0
0
0
0
0
0
0
0
0
0
0
0
0
0
0
0
0
0
0
0
0
0
0
0
0
0
0
0
0
0
0
0
0
0
0
0
0
0
0
0
0
0
0
0
0
0
0
0
0
0
0
0
0
0
0
0
0
0
0
0
0
0
0
0
0
0
0
0
0
0
0
0
0
0
0
0
0
0
0
0
0
0
0
0
0
0
0
0
0
0
0
0
0
0
0
0
0
0
0
0
0
0
0
0
0
0
0
0
0
0
0
0
0
0
0
0
0
0
0
0
0
0
0
0
0
0
0
0
0
0
0
0
0
0
0
0
0
0
0
0
0
0
0
0
0
0
0
0
0
0
0
0
0
0
0
0
0
0
0
0
0
0
0
0
0
0
0
0
0
0
0
0
0
0
0
0
0
0
0
0
0
0
0
0
0
0
0
0
0
0
0
0
0
0
0
0
0
0
0
0
0
0
0
0
0
0
0
0
0
0
0
0
0
0
0
0
0
0
0
0
0
0
0
0
0
0
0
0
0
0
0
0
0
0
0
0
0
0
0
0
0
0
0
0
0
0
0
0
0
0
0
0
0
0
0
0
0
0
0
0
0
0
0
0
0
0
0
0
0
0
0
0
0
0
0
0
0
0
0
0
0
0
0
0
0
0
0
0
0
0
0
0
0
0
0
0
0
0
0
0
0
0
0
0
0
0
0
0
0
0
0
0
0
0
0
0
0
0
0
0
0
0
0
0
0
0
0
0
0
0
0
0
0
0
0
0
0
0
0
0
0
0
0
0
0
0
0
0
0
0
0
0
0
0
0
0
0
0
0
0
0
0
0
0
0
0
0
0
0
0
0
0
0
0
0
0
0
0
0
0
0
0
0
0
0
0
0
0
0
0
0
0
0
0
0
0
0
0
0
0
0
0
0
0
0
0
0
0
0
0
0
0
0
0
0
0
0
0
0
0
0
0
0
0
0
0
0
0
0
0
0
0
0
0
0
0
0
0
0
0
0
0
0
0
0
0
0
0
0
0
0
0
0
0
0
0
0
0
0
0
0
0
0
0
0
0
0
0
0
0
0
0
0
0
0
0
0
0
0
0
0
0
0
0
0
0
0
0
0
0
0
0
0
0
0
0
0
0
0
0
0
0
0
0
0
0
0
0
0
0
0
0
0
0
0
0
0
0
0
0
0
0
0
0
0
0
0
0
0
0
0
0
0
0
0
0
0
0
0
0
0
0
0
0
0
0
0
0
0
0
0
0
0
0
0
0
0
0
0
0
0
0
0
0
0
0
0
0
0
0
0
0
0
0
0
0
0
0
0
0
0
0
0
0
0
0
0
0
0
0
0
0
0
0
0
0
0
0
0
0
0
0
0
0
0
0
0
0
0
0
0
0
0
0
0
0
0
0
0
0
0
0
0
0
0
0
0
0
0
0
0
0
0
0
0
0
0
0
0
0
0
0
0
0
0
0
0
0
0
0
0
0
0
0
0
0
0
0
0
0
0
0
0
0
0
0
0
0
0
0
0
0
0
0
0
0
0
0
0
0
0
0
0
0
0
0
0
0
0
0
0
0
0
0
0
0
0
0
0
0
0
0
0
0
0
0
0
0
0
0
0
0
0
0
0
0
0
0
0
0
0
0
0
0
0
0
0
0
0
0
0
0
0
0
0
0
0
0
0
0
0
0
0
0
0
0
0
0
0
0
0
0
0
0
0
0
0
0
0
0
0
0
0
0
0
0
0
0
0
0
0
0
0
0
0
0
0
0
0
0
0
0
0
0
0
0
0
0
0
0
0
0
0
0
0
0
0
0
0
0
0
0
0
0
0
0
0
0
0
0
0
0
0
0
0
0
0
0
0
0
0
0
0
0
0
0
0
0
0
0
0
0
0
0
0
0
0
0
0
0
0
0
0
0
0
0
0
0
0
0
0
0
0
0
0
0
0
0
0
0
0
0
0
0
0
0
0
0
0
0
0
0
0
0
0
0
0
0
0
0
0
0
0
0
0
0
0
0
0
0
0
0
0
0
0
0
0
0
0
0
0
0
0
0
0
0
0
0
0
0
0
0
0
0
0
0
0
0
0
0
0
0
0
0
0
0
0
0
0
0
0
0
0
0
0
0
0
0
0
0
0
0
0
0
0
0
0
0
0
0
0
0
0
0
0
0
0
0
0
0
0
0
0
0
0
0
0
0
0
0
0
0
0
0
0
0
0
0
0
0
0
0
0
0
0
0
0
0
0
0
0
0
0
0
0
0
0
0
0
0
0
0
0
0
0
0
0
0
0
0
0
0
0
0
0
0
0
0
0
0
0
0
0
0
0
0
0
0
0
0
0
0
0
0
0
0
0
0
0
0
0
0
0
0
0
0
0
0
0
0
0
0
0
0
0
0
0
0
0
0
0
0
0
0
0
0
0
0
0
0
0
0
0
0
0
0
0
0
0
0
0
0
0
0
0
0
0
0
0
0
0
0
0
0
0
0
0
0
0
0
0
0
0
0
0
0
0
0
0
0
0
0
0
0
0
0
0
0
0
0
0
0
0
0
0
0
0
0
0
0
0
0
0
0
0
0
0
0
0
0
0
0
0
0
0
0
0
0
0
0
0
0
0
0
0
0
0
0
0
0
0
0
0
0
0
0
0
0
0
0
0
0
0
0
0
0
0
0
0
0
0
0
0
0
0
0
0
0
0
0
0
0
0
0
0
0
0
0
0
0
0
0
0
0
0
0
0
0
0
0
0
0
0
0
0
0
0
0
0
0
0
0
0
0
0
0
0
0
0
0
0
0
0
0
0
0
0
0
0
0
0
0
0
0
0
0
0
0
0
0
0
0
0
0
0
0
0
0
0
0
0
0
0
0
0
0
0
0
0
0
0
0
0
0
0
0
0
0
0
0
0
0
0
0
0
0
0
0
0
0
0
0
0
0
0
0
0
0
0
0
0
0
0
0
0
0
0
0
0
0
0
0
0
0
0
0
0
0
0
0
0
0
0
0
0
0
0
0
0
0
0
0
0
0
0
0
0
0
0
0
0
0
0
0
0
0
0
0
0
0
0
0
0
0
0
0
0
0
0
0
0
0
0
0
0
0
0
0
0
0
0
0
0
0
0
0
0
0
0
0
0
0
0
0
0
0
0
0
0
0
0
0
0
0
0
0
0
0
0
0
0
0
0
0
0
0
0
0
0
0
0
0
0
0
0
0
0
0
0
0
0
0
0
0
0
0
0
0
0
0
0
0
0
0
0
0
0
0
0
0
0
0
0
0
0
0
0
0
0
0
0
0
0
